     3.598    15.011    13.568
    10.096    15.011    13.568
    10.198    15.114    13.721
    10.401    15.114    13.721
    10.502    15.114    13.771
    10.603    15.114    13.822
    10.805    15.114    13.822
    10.903    15.166    13.822
    25.719    15.166    13.822
    25.819    15.269    13.924
    25.921    15.475    14.026
    50.596    15.475    14.026
    50.695    15.475    14.127
    50.998    15.475    14.127
    51.100    15.475    14.178
    51.200    15.372    14.229
    51.301    15.321    14.229
    53.514    15.321    14.229
    53.614    15.424    14.229
    53.816    15.424    14.229
    53.916    15.424    14.280
    54.017    15.424    14.331
    54.117    15.424    14.432
    54.218    15.424    14.483
    76.364    15.424    14.483
    76.465    15.424    14.331
    76.566    15.424    14.280
    76.868    15.424    14.280
    76.969    15.424    14.229
    77.181    15.424    14.229
    77.282    15.475    14.229
    77.382    15.475    14.229
    77.483    15.527    14.229
    77.885    15.527    14.229
    77.985    15.578    14.229
    78.086    15.630    14.229
    78.187    15.681    14.127
    78.287    15.681    14.127
    78.388    15.785    14.076
    78.488    15.888    14.026
    78.589    15.888    13.924
    78.991    15.888    13.924
    79.092    15.888    13.822
    79.193    15.888    13.619
    79.294    15.888    13.416
    80.402    15.888    13.416
    80.504    15.991    13.416
    81.006    15.991    13.416
    81.107    15.991    13.466
    81.207    16.043    13.568
    81.308    16.094    13.568
    81.409    16.146    13.568
    81.912    16.146    13.568
    82.013    16.146    13.619
    82.113    16.146    13.670
    82.214    16.146    13.721
    82.317    16.146    13.771
    83.121    16.146    13.771
    83.222    16.197    13.771
    83.424    16.197    13.771
    83.525    16.249    13.873
    83.625    16.249    13.873
    83.726    16.301    13.873
   112.814    16.301    13.873
   112.915    16.352    13.873
   113.218    16.352    13.873
   113.319    16.404    13.873
   113.419    16.456    14.076
   113.820    16.456    14.076
   113.922    16.559    14.076
   152.006    16.559    14.076
   152.107    16.559    14.178
   152.208    16.559    14.229
   152.308    16.559    14.280
   152.409    16.559    14.331
   152.509    16.559    14.381
   152.611    16.559    14.483
   152.712    16.559    14.534
   152.811    16.559    14.636
   152.912    16.559    14.636
   153.013    16.559    14.686
   155.025    16.559    14.686
   155.127    16.559    14.737
   155.528    16.559    14.737
   155.629    16.559    14.788
   155.730    16.559    14.839
   155.831    16.559    14.889
   155.931    16.559    14.940
   156.031    16.559    14.991
   156.132    16.559    15.093
   156.232    16.559    15.144
   156.535    16.559    15.144
   156.635    16.559    15.194
   156.736    16.559    15.347
   156.836    16.559    15.449
   156.936    16.559    15.449
   157.037    16.559    15.499
   157.137    16.559    15.499
   157.239    16.507    15.550
   157.339    16.507    15.550
   157.439    16.507    15.601
   157.541    16.507    15.601
   157.641    16.610    15.601
   157.742    16.610    15.601
   157.841    16.662    15.601
   157.942    16.610    15.702
   158.044    16.610    15.906
   158.143    16.610    16.007
   158.244    16.610    16.007
   158.344    16.559    16.058
   158.446    16.507    16.211
   158.546    16.507    16.363
   158.647    16.507    16.515
   158.748    16.507    16.567
   158.848    16.507    16.719
   158.949    16.507    16.820
   159.049    16.507    16.973
   159.150    16.507    17.024
   159.251    16.507    17.024
   159.350    16.456    17.176
   159.452    16.404    17.278
   159.552    16.404    17.329
   159.653    16.404    17.380
   159.753    16.404    17.481
   159.853    16.404    17.532
   160.157    16.404    17.532
   160.257    16.301    17.583
   160.357    16.249    17.684
   161.869    16.249    17.684
   161.968    16.301    17.735
   162.068    16.404    17.735
   162.170    16.404    17.735
   162.270    16.456    17.735
   162.371    16.456    17.735
   162.471    16.507    17.735
   162.572    16.507    17.786
   165.610    16.507    17.786
   165.711    16.507    17.837
   165.811    16.559    17.938
   165.912    16.559    17.989
   166.011    16.559    17.989
   166.112    16.662    17.989
   166.212    16.714    17.989
   166.717    16.714    17.989
   166.816    16.817    18.091
   166.917    16.868    18.091
   167.017    16.971    18.091
   167.119    17.126    18.040
   167.320    17.126    18.040
   167.420    17.126    17.989
   167.520    17.126    17.938
   172.960    17.126    17.938
   173.061    17.177    17.938
   173.162    17.230    17.938
   173.565    17.230    17.938
   173.667    17.281    17.989
   173.866    17.281    17.989
   173.967    17.281    18.193
   174.068    17.281    18.243
   174.571    17.281    18.243
   174.671    17.333    18.243
   174.772    17.384    18.243
   174.874    17.436    18.243
   175.274    17.436    18.243
   175.376    17.487    18.243
   175.476    17.539    18.243
   175.577    17.694    18.243
   175.677    17.745    18.243
   175.777    17.797    18.243
   175.978    17.797    18.243
   176.080    17.848    18.243
   176.180    17.848    18.243
   176.280    17.900    18.243
   176.381    18.106    18.243
   176.482    18.210    18.193
   176.583    18.364    18.193
   176.683    18.416    18.142
   176.984    18.416    18.142
   177.085    18.416    18.091
   177.186    18.416    18.040
   177.689    18.416    18.040
   177.790    18.416    18.091
   177.891    18.416    18.091
   177.990    18.467    18.091
   178.090    18.570    18.142
   178.192    18.674    18.142
   178.293    18.725    18.142
   178.393    18.777    18.142
   178.493    18.931    18.142
   178.594    18.983    18.142
   178.895    18.983    18.142
   178.996    18.880    18.142
   179.097    18.828    18.142
   179.198    18.777    18.142
   179.298    18.777    18.142
   179.399    18.777    18.091
   179.500    18.777    17.989
   179.600    18.725    17.888
   180.506    18.725    17.888
   180.607    18.880    17.938
   180.708    19.086    17.938
   180.808    19.138    17.938
   188.757    19.138    17.938
   188.858    18.983    17.989
   188.959    18.931    18.040
   189.160    18.931    18.040
   189.260    18.828    18.040
   189.361    18.725    18.091
   189.964    18.725    18.091
   190.065    18.725    18.040
   190.871    18.725    18.040
   190.971    18.777    18.040
   191.071    18.880    18.040
   191.171    18.880    18.091
   191.273    18.880    18.091
   191.374    18.880    18.142
   191.474    18.880    18.193
   191.575    18.880    18.243
   192.079    18.880    18.243
   192.179    18.931    18.243
   194.292    18.931    18.243
   194.392    18.931    18.193
   195.097    18.931    18.193
   195.198    18.931    18.091
   195.702    18.931    18.091
   195.801    18.931    17.938
   195.901    18.931    17.888
   197.823    18.931    17.888
   197.924    18.983    17.888
   198.024    18.983    17.888
   198.125    18.983    17.938
   199.633    18.983    17.938
   199.735    19.499    17.938
   199.836    19.654    17.938
   200.337    19.654    17.938
   200.438    19.550    17.888
   200.540    19.550    17.888
   200.640    19.499    17.888
   203.366    19.499    17.888
   203.466    19.499    17.837
   203.567    19.447    17.837
   204.170    19.447    17.837
   204.272    19.344    17.837
   204.373    19.293    17.837
   204.472    19.190    17.837
   204.574    19.190    17.837
   204.673    19.190    17.888
   204.774    19.086    17.938
   204.876    18.931    17.938
   204.976    18.828    18.040
   205.077    18.674    18.142
   205.177    18.622    18.142
   205.380    18.622    18.142
   205.479    18.674    18.142
   206.385    18.674    18.142
   206.487    18.622    18.142
   206.587    18.622    18.142
   206.688    18.622    18.193
   206.789    18.674    18.243
   206.889    18.777    18.243
   206.990    18.828    18.243
   207.090    18.880    18.345
   207.190    18.880    18.345
   207.292    18.880    18.396
   207.392    18.931    18.396
   207.493    19.086    18.396
   207.593    19.190    18.396
   207.694    19.293    18.396
   207.896    19.293    18.396
   207.997    19.293    18.446
   208.098    19.293    18.498
   208.199    19.293    18.548
   208.299    19.293    18.650
   208.400    19.293    18.701
   208.501    19.344    18.751
   208.602    19.344    18.751
   208.703    19.344    18.802
   208.802    19.550    18.802
   208.902    19.654    18.802
   209.004    19.757    18.802
   210.112    19.757    18.802
   210.212    19.860    18.904
   210.314    19.860    18.904
   210.415    19.912    18.955
   210.516    19.963    19.107
   210.618    19.963    19.158
   210.717    19.963    19.209
   210.920    19.963    19.209
   211.019    19.963    19.260
   211.221    19.963    19.260
   211.322    19.963    19.311
   211.422    19.963    19.361
   211.524    19.963    19.514
   211.624    19.963    19.717
   211.723    19.963    19.819
   211.825    20.066    19.869
   211.925    20.221    19.869
   212.227    20.221    19.869
   212.328    20.221    19.920
   212.428    20.221    20.022
   212.529    20.221    20.124
   212.629    20.221    20.225
   212.731    20.221    20.429
   212.831    20.221    20.479
   212.932    20.170    20.479
   213.033    20.170    20.479
   213.133    20.170    20.530
   213.234    20.170    20.733
   213.336    20.118    20.835
   214.039    20.118    20.835
   214.140    20.066    20.937
   214.242    20.066    21.089
   216.157    20.066    21.089
   216.257    19.912    21.343
   216.358    19.860    21.343
   216.460    19.809    21.495
   216.560    19.706    21.648
   216.661    19.396    22.004
   216.761    19.344    22.156
   216.861    19.293    22.258
   216.962    19.293    22.308
   217.063    19.190    22.563
   217.164    19.086    22.715
   217.264    19.086    22.918
   217.970    19.086    22.918
   218.071    19.344    23.071
   218.171    19.396    23.122
   218.272    19.396    23.122
   218.373    19.396    23.223
   218.474    19.396    23.274
   218.574    19.396    23.325
   220.083    19.396    23.325
   220.183    19.344    23.325
   221.092    19.344    23.325
   221.194    19.190    23.325
   221.294    19.086    23.325
   221.394    19.035    23.325
   221.596    19.035    23.325
   221.697    18.983    23.325
   221.796    18.983    23.325
   221.897    18.931    23.325
   221.998    18.880    23.325
   222.099    18.777    23.325
   222.199    18.519    23.426
   222.299    18.313    23.426
   223.004    18.313    23.426
   223.104    18.313    23.478
   223.205    18.313    23.579
   223.307    18.313    23.630
   223.408    18.313    23.681
   223.508    18.261    23.833
   223.609    18.261    23.884
   223.811    18.261    23.884
   223.911    18.261    24.087
   224.011    18.261    24.291
   224.112    18.261    24.494
   224.212    18.261    24.544
   224.414    18.261    24.544
   224.515    18.261    24.646
   224.616    18.261    24.748
   224.716    18.261    24.748
   224.816    18.261    24.799
   224.917    18.261    24.900
   225.018    18.261    24.900
   225.120    18.106    24.900
   226.225    18.106    24.900
   226.326    18.003    24.951
   226.427    17.951    25.053
   226.528    17.951    25.357
   226.628    17.951    25.561
   226.929    17.951    25.561
   227.030    17.797    25.713
   227.130    17.745    25.866
   227.231    17.745    25.866
   227.333    17.745    26.018
   227.432    17.694    26.069
   229.748    17.694    26.069
   229.848    17.694    26.018
   231.058    17.694    26.018
   231.159    17.745    26.120
   231.258    17.745    26.222
   231.360    17.745    26.323
   232.264    17.745    26.323
   232.365    17.745    26.374
   232.466    17.745    26.374
   232.566    17.797    26.475
   232.668    17.848    26.526
   232.768    17.900    26.628
   232.869    17.900    26.780
   232.968    17.900    27.085
   233.069    17.900    27.238
   233.170    17.900    27.288
   234.985    17.900    27.288
   235.087    17.900    27.187
   236.097    17.900    27.187
   236.198    17.900    27.340
   236.298    17.900    27.492
   236.400    17.848    27.593
   236.502    17.848    27.644
   236.602    17.848    27.797
   236.703    17.848    28.102
   236.804    17.848    28.305
   236.905    17.797    28.407
   237.005    17.797    28.560
   237.106    17.797    28.610
   237.209    17.797    28.610
   237.308    17.797    28.661
   237.410    17.797    28.661
   237.511    17.797    28.762
   237.612    17.797    28.966
   237.712    17.797    29.169
   237.812    17.797    29.321
   237.913    17.797    29.525
   238.013    17.797    29.830
   238.114    17.848    29.880
   238.316    17.848    29.880
   238.417    17.900    29.880
   238.516    17.951    29.880
   238.618    17.951    29.931
   238.819    17.951    29.931
   238.919    18.003    30.033
   239.020    18.003    30.135
   239.121    18.003    30.185
   239.220    18.054    30.287
   239.322    18.054    30.338
   240.127    18.054    30.338
   240.227    17.951    30.439
   240.328    17.951    30.592
   240.428    17.951    30.643
   240.630    17.951    30.643
   240.731    17.951    30.693
   240.831    18.003    30.744
   240.931    18.003    30.795
   242.039    18.003    30.795
