     1.290     6.912     2.541
    48.057     6.912     2.541
    48.135     6.861     2.287
    48.235     7.067     2.287
    48.337     7.170     2.084
    48.437     7.170     2.084
    48.539     7.222     2.084
    48.640     7.222     1.982
    48.841     7.222     1.982
    48.941     7.222     1.830
    49.041     7.222     1.830
    49.141     7.222     1.779
    49.243     7.222     1.728
    49.444     7.222     1.728
    49.545     7.222     1.677
    52.264     7.222     1.677
    52.365     7.119     1.728
    52.868     7.119     1.728
    52.970     7.119     1.677
    53.070     7.170     1.626
    53.170     7.170     1.576
    53.269     7.170     1.474
    53.371     7.170     1.423
    53.472     7.170     1.372
    53.572     7.170     1.271
    53.673     7.170     1.016
    53.773     7.170     0.864
    53.874     7.170     0.813
    53.974     7.170     0.813
    54.075     7.222     0.762
    54.276     7.222     0.762
    54.377     7.273     0.762
    54.680     7.273     0.762
    54.780     7.480     0.762
    54.882     7.480     0.762
    54.982     7.635     0.762
    55.484     7.635     0.762
    55.586     7.738     0.762
    55.686     7.944     0.762
    55.989     7.944     0.762
    56.090     7.944     0.661
    56.189     7.996     0.559
    56.289     8.047     0.305
    57.097     8.047     0.305
    57.196     8.460     0.254
    57.297     8.512     0.254
    59.511     8.512     0.254
    59.611     8.666     0.254
    59.712     8.821     0.254
    59.812     8.976     0.254
    59.914     9.079     0.254
    60.315     9.079     0.254
    60.416     9.337     0.254
    60.518     9.440     0.254
    60.618     9.543     0.254
    60.720     9.543     0.254
    60.819     9.749     0.153
    60.920     9.801     0.153
    61.020     9.852     0.153
    61.928     9.852     0.153
    62.027    10.730     0.051
    62.330    10.730     0.051
    62.432    11.245     0.051
    62.634    11.245     0.051
    62.734    11.400     0.051
    62.834    11.452     0.051
    62.934    11.607     0.051
    63.035    11.607     0.051
    63.137    11.865     0.051
    63.236    12.071     0.051
    63.337    12.174     0.051
    63.437    12.174     0.051
    63.538    12.225     0.051
    63.639    12.329     0.051
    63.739    12.484     0.051
    63.841    12.535     0.051
    63.940    12.638     0.051
    64.142    12.638     0.051
    64.242    13.102     0.000
    64.343    13.464     0.000
    64.545    13.464     0.000
    64.646    14.134     0.102
    64.746    14.237     0.102
    64.847    14.392     0.102
    64.947    15.011     0.102
    65.048    15.527     0.102
    65.148    15.785     0.153
    65.351    15.785     0.153
    65.450    15.837     0.153
    65.552    16.559     0.153
    65.652    16.765     0.153
    65.753    16.765     0.153
    65.853    16.868     0.153
    65.953    17.023     0.153
    66.056    17.177     0.254
    66.154    17.230     0.254
    66.558    17.230     0.254
    66.659    17.333     0.458
    66.761    17.590     0.610
    66.860    17.745     0.610
    66.962    17.951     0.661
    68.370    17.951     0.661
    68.471    18.416     0.661
    68.571    18.467     0.661
    68.673    18.725     0.661
    68.772    18.777     0.661
    69.076    18.777     0.661
    69.176    18.983     0.661
    70.082    18.983     0.661
    70.183    19.809     0.661
    70.284    19.963     0.661
    70.485    19.963     0.661
    70.586    20.634     0.610
    70.686    20.840     0.610
    70.888    20.840     0.610
    70.989    20.892     0.610
    71.089    21.511     0.559
    71.190    21.614     0.559
    71.291    21.769     0.559
    71.392    22.026     0.508
    71.494    22.285     0.458
    71.594    22.542     0.458
    71.695    22.800     0.407
    71.796    22.903     0.305
    71.895    22.955     0.305
    72.098    22.955     0.305
    72.198    22.955     0.254
    72.299    23.368     0.102
    72.399    23.419     0.102
    76.630    23.419     0.102
    76.730    23.574     0.102
    76.832    23.729     0.102
    76.933    23.729     0.102
    77.034    23.883     0.102
    77.135    23.883     0.102
    77.235    23.883     0.051
    77.336    23.935     0.000
    77.436    23.987     0.000
    77.538    23.987     0.000
    77.639    24.296     0.000
    79.048    24.296     0.000
    79.149    24.606    -0.102
    79.249    24.606    -0.102
    79.351    24.812    -0.102
    79.450    25.019    -0.102
    79.552    25.535    -0.102
    79.652    25.999    -0.102
    79.753    26.205    -0.102
    79.853    26.515    -0.102
    79.953    26.772    -0.102
    80.055    26.824    -0.102
    80.155    26.927    -0.102
    80.256    27.082    -0.102
    80.356    27.391    -0.102
    82.976    27.391    -0.102
    83.077    27.495    -0.102
    83.178    27.598    -0.102
    83.479    27.598    -0.102
    83.580    27.649    -0.102
    83.782    27.649    -0.102
    83.883    27.804    -0.102
   121.547    27.804    -0.102
   121.647    28.011    -0.102
   121.748    28.217    -0.102
   122.051    28.217    -0.102
   122.151    28.268    -0.152
   122.252    28.320    -0.152
   122.351    28.371    -0.152
   122.453    28.371    -0.152
   122.554    28.475    -0.152
   122.755    28.475    -0.152
   122.855    28.681    -0.152
   123.156    28.681    -0.152
   123.257    28.835    -0.152
   123.459    28.835    -0.152
   123.559    28.991    -0.152
   123.660    29.145    -0.152
   123.761    29.403    -0.152
   123.861    29.764    -0.152
   123.962    29.971    -0.152
   124.061    30.074    -0.152
   124.162    30.280    -0.152
   124.264    30.331    -0.152
   124.363    30.744    -0.152
   124.465    31.208    -0.152
   124.565    31.311    -0.152
   125.573    31.311    -0.152
   125.674    31.570    -0.152
   125.774    31.621    -0.152
   125.976    31.621    -0.152
   126.076    31.879    -0.152
   126.177    31.879    -0.152
   126.276    31.931    -0.152
   126.478    31.931    -0.152
   126.579    32.447    -0.152
   126.680    32.859    -0.152
   126.780    32.911    -0.152
   128.090    32.911    -0.152
   128.189    33.014    -0.152
   128.291    33.220    -0.152
   128.392    33.220    -0.152
   128.492    33.375    -0.152
   128.593    33.581    -0.152
   131.511    33.581    -0.152
   131.611    33.581    -0.102
   131.712    33.581     0.000
   131.812    33.633     0.102
   131.914    33.684     0.203
   132.014    33.788     0.203
   132.114    33.891     0.203
   132.214    34.046     0.305
   132.315    34.252     0.305
   132.416    34.561     0.458
   132.517    34.561     0.458
   132.618    34.561     0.508
   132.719    34.561     0.610
   133.423    34.561     0.610
   133.523    34.510     0.610
   134.630    34.510     0.610
   134.729    34.510     0.661
   139.473    34.510     0.661
   139.573    34.871     0.966
   139.879    34.871     0.966
   139.979    34.871     1.067
   140.080    34.768     1.118
   140.180    34.768     1.118
   140.280    34.716     1.220
   140.382    34.716     1.321
   140.482    34.716     1.423
   140.684    34.716     1.423
   140.784    34.716     1.474
   140.886    34.716     1.626
   140.985    34.716     1.728
   141.086    34.716     1.830
   141.186    34.716     1.880
   142.003    34.716     1.880
   142.102    34.716     1.779
   142.204    34.716     1.626
   142.305    34.716     1.474
   142.405    34.716     1.321
   142.506    34.716     1.220
   142.607    34.716     1.118
   142.707    34.716     1.016
   142.808    34.716     0.915
   145.434    34.716     0.915
   145.535    34.768     0.864
   146.744    34.768     0.864
   146.844    34.768     0.813
   149.863    34.768     0.813
   149.965    34.716     0.610
   150.065    34.716     0.559
   150.467    34.716     0.559
   150.567    34.716     0.458
   150.668    34.716     0.458
   150.768    34.665     0.356
   150.870    34.665     0.305
   150.970    34.665     0.305
   151.070    34.561     0.254
   151.271    34.561     0.254
   151.373    34.510     0.254
   151.473    34.407     0.254
   151.573    34.355     0.254
   151.675    34.252     0.203
   151.774    34.252     0.153
   151.875    34.252     0.153
   151.976    34.200     0.153
   152.076    34.149     0.153
   152.177    34.097     0.153
   153.284    34.097     0.153
   153.385    33.994     0.153
   153.988    33.994     0.153
   154.089    33.943     0.153
   155.699    33.943     0.153
   155.800    33.684    -0.051
   159.423    33.684    -0.051
   159.523    33.633    -0.102
   159.926    33.633    -0.102
   160.026    33.581    -0.152
   160.126    33.530    -0.152
   160.227    33.478    -0.152
   160.328    33.427    -0.152
   160.429    33.375    -0.152
   160.831    33.375    -0.152
   160.932    33.272    -0.152
   161.031    33.272    -0.152
   161.133    33.169    -0.152
   161.233    33.117    -0.152
   161.334    33.014    -0.152
   161.535    33.014    -0.152
   161.636    32.963    -0.152
   161.736    32.911    -0.152
   161.837    32.859    -0.152
   161.937    32.859    -0.152
   162.038    32.601    -0.152
   162.139    32.550    -0.152
   170.791    32.550    -0.152
   170.892    32.498    -0.152
   170.993    32.447    -0.152
   171.194    32.447    -0.152
   171.295    32.344    -0.152
   171.396    32.292    -0.152
   171.496    32.240    -0.152
   171.598    32.189    -0.152
   171.898    32.189    -0.152
   172.000    31.982    -0.152
   172.100    31.931    -0.152
   172.302    31.931    -0.152
   172.403    31.311    -0.152
   172.505    31.311    -0.152
   172.605    31.260    -0.152
   172.707    31.054    -0.152
   172.809    30.848    -0.152
   172.910    30.744    -0.152
   173.012    30.590    -0.152
   173.111    30.331    -0.152
   173.212    29.919    -0.254
   173.312    29.816    -0.254
   173.413    29.816    -0.254
   173.514    29.764    -0.254
   173.614    29.713    -0.305
   173.715    29.455    -0.305
   173.816    29.197    -0.305
   173.916    29.197    -0.305
   174.017    29.145    -0.305
   174.118    28.991    -0.305
   174.219    28.784    -0.305
   174.320    28.526    -0.305
   174.422    28.371    -0.305
   174.522    28.268    -0.305
   174.643    27.804    -0.305
   174.743    27.598    -0.305
   174.844    27.288    -0.254
   174.944    27.185    -0.254
   175.046    27.082    -0.254
   175.145    26.927    -0.254
   175.246    26.515    -0.102
   175.347    26.050     0.000
   175.448    25.792     0.000
   175.549    25.586     0.000
   175.648    25.276     0.051
   175.749    24.967     0.153
   175.850    24.812     0.203
   175.951    24.554     0.254
   176.052    24.245     0.254
   176.151    24.039     0.305
   176.252    23.987     0.305
   180.478    23.987     0.305
   180.579    23.935     0.305
   180.681    23.935     0.305
   180.780    23.883     0.305
   180.882    23.832     0.305
   181.284    23.832     0.305
   181.385    23.780     0.305
   181.485    23.780     0.305
   181.586    23.729     0.203
   181.687    23.729     0.203
   181.787    23.626     0.203
   181.889    23.471     0.051
   181.989    23.213     0.000
   182.089    23.213     0.000
   182.189    23.059     0.000
   182.290    22.903     0.000
   199.204    22.903     0.000
   199.304    22.852     0.000
   199.404    22.800     0.000
   199.606    22.800     0.000
   199.707    22.749     0.000
   199.808    22.749     0.000
   199.909    22.542     0.000
   200.010    22.388     0.000
   200.112    22.285     0.000
   200.213    22.026     0.000
   200.313    21.872     0.000
   200.414    21.614     0.000
   200.516    21.407     0.000
   200.616    21.253     0.000
   200.717    20.943     0.051
   200.817    20.737     0.153
   200.918    20.530     0.203
   201.019    20.479     0.203
   201.118    20.273     0.305
   201.219    19.912     0.508
   201.319    19.550     0.661
   201.421    19.344     0.712
   201.622    19.344     0.712
   201.722    19.035     0.712
   201.823    19.035     0.712
   201.924    18.931     0.762
   202.024    18.777     0.864
   202.124    18.725     0.864
   202.527    18.725     0.864
   202.628    18.674     1.016
   203.751    18.674     1.016
   203.852    18.570     1.016
   205.765    18.570     1.016
   205.865    18.570     0.966
   205.966    18.519     0.966
   206.571    18.519     0.966
   206.672    18.570     1.016
   206.772    18.725     1.067
   206.873    18.777     1.271
   206.973    18.880     1.423
   207.073    18.931     1.423
   207.879    18.931     1.423
   207.979    19.035     1.423
   208.079    19.035     1.372
   208.180    19.035     1.271
   208.281    19.138     1.271
   208.382    19.190     1.271
   208.785    19.190     1.271
   208.886    19.190     1.220
   209.087    19.190     1.220
   209.186    19.190     1.067
   209.288    19.293     1.016
   209.390    19.447     0.915
   209.490    19.809     0.661
   209.591    20.066     0.610
   209.691    20.273     0.610
   209.792    20.582     0.610
   209.893    20.789     0.610
   209.994    21.304     0.559
   210.094    21.666     0.559
   210.194    21.769     0.559
   210.396    21.769     0.559
   210.498    22.130     0.559
   210.599    22.439     0.559
   210.699    22.800     0.559
   210.800    23.006     0.559
   210.900    23.265     0.559
   211.001    23.419     0.559
   211.906    23.419     0.559
   212.007    23.471     0.559
   212.107    23.471     0.559
   212.207    23.471     0.508
   212.308    23.523     0.508
   214.420    23.523     0.508
   214.521    23.574     0.458
   214.622    23.677     0.458
   214.723    23.780     0.458
   214.823    23.935     0.458
   216.536    23.935     0.458
   216.637    23.677     0.356
   216.737    23.677     0.356
   216.838    23.626     0.356
   217.038    23.626     0.356
   217.139    23.574     0.407
   217.240    23.523     0.458
   217.340    23.523     0.458
   217.441    23.523     0.661
   218.448    23.523     0.661
   218.548    23.523     0.610
   218.851    23.523     0.610
   218.951    23.471     0.559
   219.052    23.471     0.458
   219.859    23.471     0.458
   219.958    23.471     0.407
   222.071    23.471     0.407
   222.173    23.368     0.559
   222.273    23.368     0.559
   222.374    23.265     0.559
   222.475    23.213     0.559
   222.575    23.162     0.559
   225.694    23.162     0.559
   225.795    23.059     0.559
   228.410    23.059     0.559
   228.511    23.006     0.559
   228.611    23.006     0.559
   228.712    22.955     0.559
   229.820    22.955     0.559
   229.921    22.852     0.559
   230.020    22.800     0.559
   230.223    22.800     0.559
   230.323    22.749     0.559
   232.738    22.749     0.559
   232.840    22.646     0.559
   232.939    22.594     0.610
   234.449    22.594     0.610
   234.550    22.491     0.610
   237.268    22.491     0.610
   237.367    22.388     0.610
   237.469    22.336     0.508
   238.575    22.336     0.508
   238.676    22.285     0.458
   238.777    22.233     0.458
   238.977    22.233     0.458
   239.078    22.130     0.407
   239.179    21.975     0.407
   239.279    21.923     0.407
   239.380    21.820     0.407
   239.481    21.614     0.407
   239.585    21.459     0.407
   239.686    21.253     0.407
   239.888    21.253     0.407
   239.988    21.201     0.407
   240.087    20.479     0.559
   240.188    20.221     0.610
   240.288    19.706     0.610
   240.390    19.344     0.610
   240.490    19.190     0.610
   240.591    18.880     0.610
   240.691    18.519     0.610
   240.792    18.313     0.610
   242.199    18.313     0.610
   242.301    18.054     0.610
   243.509    18.054     0.610
   243.609    18.003     0.610
   243.710    17.797     0.610
   243.810    17.694     0.610
   243.912    17.539     0.610
   244.012    17.126     0.559
   244.112    16.765     0.559
   244.213    16.404     0.508
   244.313    16.301     0.508
   244.414    16.043     0.508
   244.515    15.785     0.458
   244.615    15.578     0.458
   244.716    15.475     0.356
   244.816    15.269     0.356
   244.917    15.114     0.356
   245.018    15.011     0.356
   245.118    14.701     0.356
   245.219    14.289     0.356
   245.319    13.876     0.356
   245.420    13.618     0.356
   245.520    13.361     0.356
   245.621    12.948     0.356
   245.722    12.741     0.356
   245.822    12.535     0.356
   246.727    12.535     0.356
   246.828    11.916     0.508
   246.929    11.658     0.508
   247.029    11.297     0.508
   247.131    10.885     0.508
   247.229    10.575     0.508
   247.331    10.317     0.508
   247.431    10.265     0.508
   247.834    10.265     0.508
   247.935    10.214     0.508
   248.036    10.008     0.508
   248.135    10.008     0.508
   248.236     9.852     0.508
   248.337     9.440     0.508
   248.437     9.028     0.508
   248.541     8.615     0.508
   248.642     8.099     0.508
   248.742     7.686     0.508
   248.843     7.273     0.508
   248.944     6.758     0.559
   249.044     5.984     0.458
   249.144     5.571     0.458
   249.245     5.365     0.458
   249.346     5.107     0.458
   249.446     4.797     0.458
   249.547     4.540     0.458
   249.647     4.333     0.458
   249.850     4.333     0.458
   249.949     4.127     0.458
   250.049     4.024     0.508
   251.560     4.024     0.508
   251.661     3.817     0.559
   255.585     3.817     0.559
   255.685     3.714     0.559
   255.787     3.508     0.661
   255.887     3.353     0.661
   256.088     3.353     0.661
   256.187     3.198     0.661
   256.288     3.044     0.661
   256.390     2.992     0.661
   256.894     2.992     0.661
   256.995     2.940     0.712
   258.604     2.940     0.712
   258.706     2.889     0.712
   258.807     2.837     0.712
   259.511     2.837     0.712
   259.612     2.528     0.712
   259.713     2.321     0.712
   259.813     2.167     0.712
   259.913     1.960     0.712
   260.014     1.909     0.762
   260.115     1.857     0.762
   260.216     1.703     0.915
   260.316     1.444     1.067
   260.417     1.187     1.169
   260.518     1.084     1.169
   260.618     1.032     1.169
   260.921     1.032     1.169
   261.020     0.980     1.220
   261.122     0.929     1.271
   261.222     0.929     1.321
   261.322     0.929     1.525
   261.423     0.929     1.677
   261.523     0.929     1.728
   261.624     0.929     1.728
   261.725     0.774     1.982
   261.825     0.774     2.033
   261.927     0.774     2.033
   262.026     0.722     2.389
   262.126     0.722     2.694
   262.227     0.722     2.948
   262.328     0.722     3.151
   262.429     0.722     3.507
   262.529     0.722     3.811
   262.631     0.722     4.116
   262.730     0.722     4.320
   262.831     0.722     4.523
   262.932     0.722     4.879
   263.032     0.722     5.285
   263.133     0.722     5.387
   263.737     0.722     5.387
   263.838     0.877     6.403
   263.938     0.877     6.403
   264.039     0.826     6.454
   264.140     0.516     6.860
   264.240     0.516     7.013
   264.341     0.516     7.216
   264.442     0.516     7.369
   271.083     0.516     7.369
   271.184     0.516     7.673
   271.284     0.516     8.080
   271.394     0.464     8.487
   271.496     0.464     8.944
   271.596     0.464     9.401
   271.697     0.464     9.909
   271.797     0.464    10.418
   271.898     0.516    10.977
   271.999     0.671    11.332
   272.099     0.671    11.637
   272.199     0.722    11.942
   272.300     0.774    12.044
   272.400     0.774    12.044
   272.501     0.929    12.044
   272.603     1.032    12.095
   273.709     1.032    12.095
   273.810     1.084    12.196
   273.910     1.187    12.298
   274.011     1.238    12.349
   274.110     1.290    12.450
   274.211     1.341    12.603
   274.311     1.341    12.704
   274.412     1.444    12.806
   274.513     1.444    12.806
   274.613     1.547    13.009
   274.715     1.600    13.162
   274.815     1.703    13.518
   274.916     1.960    13.822
   275.017     2.218    14.127
   275.117     2.476    14.381
   275.218     2.528    14.534
   275.319     2.528    14.788
   275.419     2.837    15.347
   275.520     2.837    15.499
   275.621     2.940    15.855
   275.722     2.940    16.058
   275.821     3.095    16.414
   275.923     3.198    16.567
   276.023     3.250    16.668
   276.123     3.456    16.770
   276.224     3.456    16.871
   276.526     3.456    16.871
   276.627     3.611    17.075
   276.728     3.663    17.075
   276.828     3.663    17.075
   276.928     3.714    17.125
   277.632     3.714    17.125
   277.733     3.766    17.125
   277.834     4.024    17.227
   277.934     4.024    17.227
   278.034     4.076    17.227
   278.135     4.179    17.278
   278.236     4.333    17.329
   278.336     4.385    17.532
   278.436     4.385    17.786
   278.538     4.385    18.142
   278.639     4.385    18.446
   278.940     4.385    18.446
   279.040     4.282    18.599
   279.141     4.127    18.853
   279.241     3.920    19.006
   279.342     3.560    19.260
   279.441     3.353    19.260
   279.543     3.095    19.361
   279.645     2.786    19.463
   279.744     2.321    19.514
   279.846     2.064    19.666
   279.945     1.806    19.869
   280.046     1.444    20.124
   280.146     1.290    20.276
   280.246     1.238    20.429
   280.349     1.238    20.682
   280.448     1.238    20.784
   280.549     1.238    20.886
   280.649     1.032    21.242
   281.052     1.032    21.242
   281.153     1.032    21.597
   281.254     1.032    22.055
   281.353     1.238    22.461
   281.455     1.393    23.071
   281.555     1.393    23.426
   281.655     1.393    23.426
   281.756     1.444    23.478
   281.856     1.444    23.630
   282.058     1.444    23.630
   282.158     1.547    23.681
   282.460     1.547    23.681
   282.561     1.600    23.884
   282.661     1.600    24.138
   282.763     1.651    24.291
   282.863     1.651    24.595
   282.964     1.703    24.900
   283.063     1.754    25.053
   283.164     1.754    25.205
   283.265     1.806    25.510
   283.365     2.012    25.713
   283.466     2.012    25.866
   284.069     2.012    25.866
   284.170     1.909    25.866
   285.579     1.909    25.866
   285.680     1.754    25.866
   285.780     1.651    25.815
   285.882     1.651    25.662
   285.982     1.651    25.510
   286.083     1.651    25.256
   286.183     1.600    25.104
   286.283     1.496    24.849
   286.385     1.187    24.494
   286.485     1.032    24.239
   286.586     1.032    24.036
   286.687     1.032    23.986
   287.593     1.032    23.986
   287.692     1.032    23.884
   287.794     1.032    23.833
   287.895     1.032    23.731
   287.994     0.980    23.579
   288.095     0.929    23.528
   288.195     0.774    23.528
   288.296     0.567    23.528
   288.396     0.413    23.528
   290.913     0.413    23.528
   291.013     0.826    23.528
   291.113     0.929    23.528
   291.215     1.135    23.528
   291.315     1.290    23.528
   291.415     1.651    23.528
   291.516     2.064    23.528
   291.616     2.373    23.528
   291.718     2.476    23.528
   291.818     2.476    23.528
   291.919     2.528    23.528
   292.020     2.528    23.528
   292.120     2.580    23.579
   292.824     2.580    23.579
   292.925     2.424    23.528
   293.025     2.115    23.478
   293.126     1.909    23.478
   293.226     1.754    23.478
   293.326     1.496    23.478
   293.427     1.496    23.478
   293.528     1.238    23.478
   293.630     1.084    23.478
   293.730     0.929    23.478
   293.831     0.929    23.478
   293.931     0.877    23.478
   294.232     0.877    23.478
   294.334     0.774    23.426
   294.534     0.774    23.426
   294.635     0.722    23.426
   295.843     0.722    23.426
   295.943     0.413    23.426
   296.849     0.413    23.426
   296.948     0.413    23.478
   297.050     0.464    23.630
   297.149     0.464    23.681
   297.251     0.464    23.884
   297.351     0.464    23.986
   297.451     0.464    24.036
   297.552     0.464    24.036
   297.653     0.516    24.138
   297.954     0.516    24.138
   298.055     0.516    24.189
   298.155     0.516    24.341
   298.256     0.516    24.392
   298.357     0.516    24.443
   301.989     0.516    24.443
   302.090     0.516    24.291
   302.190     0.516    24.239
   302.290     0.516    24.189
   302.391     0.516    24.189
   302.492     0.464    24.189
   302.592     0.464    24.189
   302.692     0.464    24.087
   310.236     0.464    24.087
   310.338     0.464    23.935
   310.437     0.413    23.935
   310.539     0.413    23.935
   310.640     0.361    23.935
   310.740     0.310    23.884
   310.841     0.207    23.884
   311.143     0.207    23.884
   311.242     0.310    23.884
   311.343     0.361    23.884
   311.443     0.361    23.884
   311.545     0.413    23.884
   311.645     0.567    23.884
   311.746     0.619    23.884
   311.847     0.619    23.884
   311.947     0.619    23.782
   312.048     0.671    23.782
   312.147     0.671    23.782
   312.249     0.722    23.731
   312.350     1.238    23.478
   312.450     1.444    23.478
   312.551     1.496    23.478
   313.254     1.496    23.478
   313.354     1.703    23.426
   318.084     1.703    23.426
   318.185     1.857    23.325
   318.387     1.857    23.325
   318.487     2.321    23.325
   318.589     2.683    23.325
   318.689     2.786    23.325
   318.790     2.940    23.325
   318.891     2.940    23.325
   318.991     3.044    23.274
   319.092     3.405    23.274
   319.191     3.508    23.274
   319.292     3.560    23.274
   319.394     3.560    23.274
   319.494     3.766    23.223
   319.595     4.179    23.223
   319.695     4.849    23.223
   319.796     5.571    23.173
   319.895     5.674    23.173
   320.197     5.674    23.173
   320.298     5.778    23.122
   320.399     5.829    23.071
   320.500     5.829    23.071
   320.601     5.778    23.020
   320.701     5.726    23.020
   320.802     5.520    23.020
   320.902     5.365    23.020
   321.002     5.262    23.020
   321.102     5.004    23.020
   321.204     4.849    23.020
   321.304     4.797    23.020
   321.506     4.797    23.020
   321.605     4.849    23.071
   321.707     5.056    23.071
   321.808     5.313    23.223
   321.908     5.365    23.223
   322.009     5.365    23.223
   322.109     5.365    23.325
   322.209     5.365    23.528
   322.310     5.365    23.579
   322.411     5.313    23.731
   322.512     5.313    23.884
   322.613     5.313    23.935
   322.714     5.313    23.935
   322.814     5.313    24.036
   322.914     5.313    24.138
   323.016     5.313    24.392
   323.115     5.313    24.595
   323.217     5.313    24.849
   323.317     5.313    24.951
   324.121     5.313    24.951
   324.222     5.159    24.951
   324.323     5.056    24.951
   324.424     5.004    24.951
   324.523     4.952    24.951
   324.625     4.952    24.951
   324.726     4.900    24.849
   324.826     4.900    24.799
   325.026     4.900    24.799
   325.128     4.900    24.748
   325.227     5.159    24.748
   325.328     5.210    24.748
   325.430     5.262    24.748
   325.529     5.262    24.748
   325.631     5.571    24.748
   325.731     5.674    24.748
   325.832     5.829    24.748
   325.933     5.984    24.748
   326.033     6.242    24.748
   326.134     6.500    24.748
   326.234     6.809    24.748
   326.334     7.016    24.748
   326.444     7.067    24.748
   326.545     7.119    24.748
   326.645     7.376    24.748
   326.746     7.531    24.748
   326.847     7.686    24.748
   326.946     7.686    24.748
   327.047     7.892    24.748
   327.148     7.944    24.748
   327.248     8.047    24.799
   327.350     8.202    24.799
   327.450     8.512    24.799
   327.551     8.615    24.799
   327.752     8.615    24.799
   327.853     8.769    24.849
   327.953     9.079    24.849
   328.054     9.079    24.849
   328.153     9.234    24.849
   328.760     9.234    24.849
   328.860     9.285    25.104
   328.961     9.285    25.256
   329.061     9.285    25.357
   329.162     9.337    25.409
   329.263     9.543    25.561
   329.362     9.749    25.662
   329.464     9.852    25.764
   329.564    10.008    25.917
   329.666    10.162    26.018
   329.766    10.369    26.272
   329.866    10.575    26.323
   329.966    10.833    26.323
   330.066    10.936    26.323
   330.167    11.039    26.323
   330.269    11.194    26.323
   330.369    11.349    26.323
   330.470    11.504    26.323
   331.879    11.504    26.323
   331.979    11.865    26.323
   332.080    12.071    26.323
   332.280    12.071    26.323
   332.381    12.277    26.323
   332.482    12.277    26.323
   332.583    12.432    26.222
   332.684    12.690    26.069
   332.784    13.102    25.866
   332.884    13.309    25.713
   332.984    13.515    25.409
   333.085    13.567    25.205
   333.186    13.567    25.154
   333.287    13.670    25.104
   333.388    13.980    25.053
   333.488    14.289    25.002
   333.589    14.495    25.002
   333.689    14.598    25.002
   333.791    14.754    24.951
   333.891    14.754    24.900
   335.299    14.754    24.900
   335.400    14.960    24.900
   335.501    15.063    24.900
   335.602    15.166    24.951
   336.910    15.166    24.951
   337.009    15.321    24.951
   337.110    15.630    24.951
   337.211    15.837    24.951
   337.310    15.940    24.951
   337.411    16.249    24.951
   337.512    16.559    24.951
   337.917    16.559    24.951
   338.018    16.817    25.104
   338.318    16.817    25.104
   338.419    16.920    25.205
   338.520    16.920    25.205
   338.631    17.074    25.205
   338.731    17.230    25.256
   338.932    17.230    25.256
   339.033    17.230    25.307
   339.133    17.281    25.459
   339.233    17.281    25.561
   339.334    17.281    25.561
   339.436    17.281    25.713
   339.536    17.281    25.764
   339.637    17.436    25.815
   339.737    17.487    25.866
   339.937    17.487    25.866
   340.038    17.642    25.917
   341.247    17.642    25.917
   341.348    17.900    26.018
   341.448    17.900    26.018
   341.549    18.210    26.120
   341.649    18.313    26.171
   341.750    18.570    26.374
   341.851    18.931    26.730
   341.951    19.190    26.984
   342.051    19.447    26.984
   342.756    19.447    26.984
   342.855    19.860    26.984
   342.956    20.170    26.984
   343.058    20.686    26.984
   343.158    21.975    26.933
   343.259    22.078    26.933
   343.358    22.336    26.933
   343.460    22.749    26.933
   343.561    22.852    26.831
   343.661    22.903    26.831
   343.762    23.059    26.831
   343.862    23.265    26.577
   343.964    23.574    26.526
   344.062    23.626    26.475
   344.163    23.883    26.475
   344.264    24.039    26.425
   344.365    24.657    26.222
   344.465    25.019    26.222
   344.566    25.379    26.171
   344.667    25.586    26.171
   344.769    25.689    26.171
   344.869    25.689    26.171
   344.969    25.741    26.171
   345.069    26.256    26.171
   345.170    26.669    26.171
   345.269    27.030    26.222
   345.371    27.288    26.323
   345.472    27.546    26.323
   345.572    27.649    26.475
   345.673    27.855    26.526
   345.774    28.114    26.577
   345.874    28.320    26.577
   345.974    28.578    26.628
   346.075    29.042    26.628
   346.176    29.558    26.628
   346.276    29.868    26.679
   346.377    30.177    26.730
   346.478    30.744    26.730
   346.579    31.002    26.730
   346.679    31.415    26.730
   346.779    31.776    26.730
   346.881    32.240    26.780
   346.981    32.601    26.780
   347.081    33.014    26.831
   347.182    33.375    26.831
   347.282    33.788    26.831
   347.382    33.840    26.831
   347.886    33.840    26.831
   347.986    33.736    26.831
   348.087    33.478    26.831
   348.187    33.375    26.831
   348.287    33.220    26.831
   348.389    33.220    26.831
   348.488    33.169    26.780
   348.590    33.117    26.679
   348.690    33.014    26.628
   348.791    33.014    26.577
   348.891    33.014    26.526
   349.193    33.014    26.526
   349.294    33.014    26.425
   350.502    33.014    26.425
   350.603    32.808    26.425
   350.703    32.653    26.425
   350.804    32.550    26.425
   351.508    32.550    26.425
   351.608    32.447    26.475
   351.709    32.395    26.526
   352.212    32.395    26.526
   352.311    32.240    26.526
   352.916    32.240    26.526
   353.017    32.137    26.526
   353.217    32.137    26.526
   353.318    31.260    26.628
   353.419    31.157    26.628
   354.425    31.157    26.628
   354.525    30.693    26.679
   354.626    30.487    26.730
   354.727    30.228    26.730
   354.827    30.125    26.730
   354.928    30.022    26.730
   355.029    29.919    26.730
   355.129    29.764    26.730
   355.229    29.558    26.730
   355.433    29.558    26.730
   355.533    29.455    26.730
   355.634    29.300    26.730
   355.734    29.248    26.730
   355.837    29.042    26.730
   355.937    28.887    26.730
   356.038    28.681    26.730
   356.139    28.578    26.730
   356.239    28.526    26.730
   356.440    28.526    26.730
   356.541    28.423    26.730
   356.642    28.114    26.730
   356.742    27.959    26.730
   357.245    27.959    26.730
   357.346    27.907    26.730
   357.446    27.649    26.730
   357.547    27.340    26.831
   357.647    27.288    26.831
   358.050    27.288    26.831
   358.149    26.824    26.882
   358.553    26.824    26.882
   358.653    26.824    27.085
   358.754    26.824    27.136
   358.955    26.824    27.136
   359.056    26.669    27.136
   359.156    26.566    27.136
   359.257    26.515    27.136
   359.660    26.515    27.136
   359.762    26.463    27.238
   359.962    26.463    27.238
   360.062    26.359    27.288
   360.163    26.359    27.288
   360.264    26.308    27.288
   360.363    26.256    27.238
   360.566    26.256    27.238
   360.666    26.153    27.238
   360.767    26.102    27.238
   360.867    26.102    27.238
   360.969    25.947    27.238
   361.068    25.792    27.238
   361.270    25.792    27.238
   361.370    25.483    27.288
   361.471    25.379    27.288
   361.571    25.328    27.288
   361.673    25.328    27.288
   361.773    25.276    27.288
   361.873    25.173    27.288
   361.974    25.019    27.288
   362.074    24.761    27.288
   362.175    24.657    27.288
   362.275    24.503    27.288
   362.376    24.245    27.288
   362.477    23.935    27.340
   362.679    23.935    27.340
   362.778    23.780    27.340
   362.879    23.471    27.390
   362.979    23.265    27.390
   363.079    23.006    27.390
   363.181    22.697    27.390
   363.281    22.594    27.390
   363.482    22.594    27.390
   363.583    22.026    27.543
   363.684    22.026    27.543
   363.784    21.975    27.543
   363.885    21.923    27.543
   363.986    21.666    27.543
   364.086    21.511    27.593
   364.186    21.407    27.593
   365.897    21.407    27.593
   365.997    21.356    27.593
   366.098    21.304    27.593
   368.414    21.304    27.593
   368.514    21.201    27.593
   368.716    21.201    27.593
   368.816    21.150    27.593
   368.916    21.046    27.593
   369.117    21.046    27.593
   369.218    20.892    27.593
   370.828    20.892    27.593
   370.928    20.634    27.593
   379.080    20.634    27.593
   379.181    20.634    27.543
   379.382    20.634    27.543
   379.483    20.634    27.441
   379.785    20.634    27.441
   379.886    20.737    27.441
   386.034    20.737    27.441
   386.135    20.634    27.441
   386.537    20.634    27.441
   386.638    20.479    27.390
   386.738    20.479    27.390
   386.863    20.376    27.340
   389.054    20.376    27.340
   389.154    20.273    27.340
   389.255    20.273    27.340
   389.356    20.221    27.340
   389.457    20.015    27.340
   389.557    19.963    27.390
   390.262    19.963    27.390
   390.362    19.602    27.441
   390.966    19.602    27.441
   391.066    19.550    27.441
   391.168    19.396    27.593
   391.270    19.344    27.593
   391.370    19.190    27.593
   394.794    19.190    27.593
   394.895    19.086    27.695
   394.994    19.035    27.695
   395.396    19.035    27.695
   395.498    18.931    27.695
   395.899    18.931    27.695
   396.000    18.880    27.695
   396.101    18.828    27.695
   396.403    18.828    27.695
   396.504    18.828    27.746
   396.604    18.828    27.746
   396.705    18.777    27.746
   397.007    18.777    27.746
   397.107    18.777    27.848
   397.310    18.777    27.848
   397.410    18.725    27.848
   397.814    18.725    27.848
   397.914    18.622    27.898
   399.927    18.622    27.898
   400.027    18.570    27.949
   400.933    18.570    27.949
   401.034    18.467    28.102
   401.135    18.416    28.102
   401.738    18.416    28.102
   401.839    18.416    28.203
   401.939    18.416    28.254
   402.342    18.416    28.254
   402.441    18.416    28.305
   402.643    18.416    28.305
   402.744    18.416    28.407
   402.945    18.416    28.407
   403.046    18.416    28.457
   403.145    18.416    28.508
   403.248    18.416    28.560
   403.348    18.416    28.661
   404.153    18.416    28.661
   404.255    18.416    28.712
   404.355    18.416    28.762
   404.456    18.416    28.762
   404.557    18.416    28.864
   404.657    18.416    28.966
   404.758    18.416    29.016
   404.857    18.416    29.067
   404.958    18.416    29.067
   405.059    18.416    29.271
   405.261    18.416    29.271
   405.361    18.519    29.321
   405.462    18.519    29.372
   405.864    18.519    29.372
   405.965    18.519    29.423
   407.775    18.519    29.423
   407.876    18.519    29.575
   415.823    18.519    29.575
   415.924    18.519    29.677
   416.025    18.519    29.830
   416.729    18.519    29.830
   416.830    18.570    29.931
   417.936    18.570    29.931
   418.037    18.570    29.982
   418.440    18.570    29.982
   418.541    18.622    30.033
   420.453    18.622    30.033
   420.554    18.622    30.185
   420.654    18.622    30.185
   420.755    18.622    30.236
   420.855    18.622    30.287
   421.057    18.622    30.287
   421.156    18.777    30.388
   421.257    18.828    30.388
   421.459    18.828    30.388
   421.559    18.828    30.490
   421.660    18.777    30.490
   421.761    18.777    30.592
   421.861    18.777    30.744
   421.963    18.777    30.795
   422.162    18.777    30.795
   422.264    18.777    30.897
   422.364    18.777    30.897
