     0.003    17.125     5.204
     5.403    17.125     5.204
     5.505    17.228     5.204
     5.907    17.228     5.204
     6.008    17.280     5.204
     6.108    17.280     5.204
     6.209    17.435     5.204
     6.309    17.487     5.204
     6.410    17.590     5.204
     6.511    17.642     5.103
     6.611    17.642     4.950
    10.253    17.642     4.950
    10.354    17.642     5.103
    11.160    17.642     5.103
    11.261    17.642     5.204
    11.361    17.590     5.204
    11.462    17.487     5.204
    11.562    17.487     5.256
    11.664    17.383     5.357
    11.767    17.280     5.408
    11.866    17.280     5.459
    16.710    17.280     5.459
    16.810    17.228     5.459
    17.013    17.228     5.459
    17.113    17.228     5.510
    17.214    17.228     5.510
    17.314    17.228     5.561
    17.415    17.228     5.611
    17.517    17.228     5.611
    17.616    17.228     5.662
    17.717    17.177     5.662
    18.221    17.177     5.662
    18.322    17.177     5.611
    18.422    17.177     5.561
    32.777    17.177     5.561
    32.878    17.177     5.408
    33.280    17.177     5.408
    33.381    17.177     5.306
    33.483    17.177     5.306
    33.583    17.177     5.204
    35.094    17.177     5.204
    35.195    17.177     5.154
    35.798    17.177     5.154
    35.899    17.228     5.154
    39.539    17.228     5.154
    39.640    17.228     5.103
    43.164    17.228     5.103
    43.265    17.228     5.001
    43.366    17.228     4.950
    43.466    17.228     4.950
    43.568    17.228     4.899
    46.486    17.228     4.899
    46.586    17.177     4.849
    46.687    17.125     4.849
    47.090    17.125     4.849
    47.191    17.125     4.797
    48.699    17.125     4.797
    48.800    17.125     4.747
    50.613    17.125     4.747
    50.713    17.125     4.696
    53.329    17.125     4.696
    53.431    17.125     4.645
    53.733    17.125     4.645
    53.832    17.125     4.594
    56.448    17.125     4.594
    56.551    17.125     4.543
    56.651    17.125     4.543
    56.752    17.125     4.492
    56.853    17.125     4.492
    56.953    17.125     4.442
    57.054    17.125     4.390
    57.155    17.125     4.340
    57.255    17.022     4.340
    61.987    17.022     4.340
    62.087    17.022     4.289
    62.287    17.022     4.289
    62.389    17.022     4.238
    62.790    17.022     4.238
    62.891    17.022     4.136
    62.992    17.125     4.085
    68.793    17.125     4.085
    68.894    17.073     4.085
    69.398    17.073     4.085
    69.500    17.073     3.983
    70.304    17.073     3.983
    70.404    17.073     3.933
    70.606    17.073     3.933
    70.706    17.073     3.882
    72.316    17.073     3.882
    72.417    17.073     3.831
    72.518    17.073     3.627
    72.819    17.073     3.627
    72.920    17.073     3.526
    74.227    17.073     3.526
    74.328    17.073     3.627
    74.430    17.073     3.831
    74.530    17.073     3.831
    74.632    17.073     3.882
    74.732    17.125     4.085
    74.834    17.228     4.238
    74.934    17.332     4.390
    75.039    17.539     4.492
    81.375    17.539     4.492
    81.476    17.487     4.492
    81.577    17.487     4.492
    81.677    17.435     4.442
    81.778    17.435     4.442
    81.879    17.383     4.442
    82.180    17.383     4.442
    82.282    17.332     4.340
    82.382    17.280     4.238
    82.482    17.228     4.187
    83.690    17.228     4.187
    83.792    17.228     4.085
    83.893    17.228     4.035
    85.001    17.228     4.035
    85.100    17.177     4.035
    85.203    17.177     4.035
    85.304    17.177     3.983
    85.806    17.177     3.983
    85.908    17.125     3.933
    86.009    17.125     3.882
    86.110    17.073     3.882
    86.310    17.073     3.882
    86.412    17.022     3.780
    86.512    17.022     3.678
    89.189    17.022     3.678
    89.289    16.970     3.678
    89.390    16.970     3.678
    89.491    16.919     3.678
    89.591    16.919     3.678
    89.693    16.867     3.576
    89.792    16.867     3.526
    90.095    16.867     3.526
    90.195    16.815     3.373
    90.296    16.712     3.373
    90.397    16.660     3.271
    91.604    16.660     3.271
    91.703    16.608     3.169
    92.811    16.608     3.169
    92.910    16.557     3.068
    93.011    16.557     3.017
    93.111    16.557     3.017
    93.213    16.453     3.017
    93.314    16.350     3.017
   101.160    16.350     3.017
   101.261    16.299     2.966
   101.360    16.195     2.966
   101.462    16.195     2.966
   101.563    16.195     2.915
   101.663    16.195     2.915
   101.763    16.195     2.813
   101.863    16.092     2.712
   105.284    16.092     2.712
   105.385    16.092     2.661
   105.485    16.246     2.661
   115.650    16.246     2.661
   115.749    16.246     2.559
   115.851    16.246     2.508
   115.951    16.246     2.356
   116.053    16.246     2.305
   116.152    16.246     2.305
   116.254    16.402     2.305
   138.659    16.402     2.305
   138.761    16.453     2.254
   138.962    16.453     2.254
   139.063    16.453     2.203
   139.162    16.453     2.203
   139.264    16.453     2.102
   139.364    16.505     2.051
   140.170    16.505     2.051
   140.273    16.557     1.999
   159.810    16.557     1.999
   159.909    16.505     1.999
   160.011    16.453     1.999
   161.622    16.453     1.999
   161.723    16.246     1.999
   161.823    16.195     1.999
   164.036    16.195     1.999
   164.138    16.350     1.999
   164.740    16.350     1.999
   164.841    16.453     1.999
   166.048    16.453     1.999
   166.149    16.402     1.999
   166.249    16.402     1.999
   166.351    16.350     1.999
   166.450    16.246     1.949
   171.193    16.246     1.949
   171.292    16.246     1.898
   171.394    16.350     1.847
   171.695    16.350     1.847
   171.795    16.402     1.847
   171.897    16.402     1.847
   171.997    16.453     1.847
   172.299    16.453     1.847
   172.400    16.453     1.898
   172.500    16.557     1.949
   174.615    16.557     1.949
   174.716    16.608     1.949
   175.018    16.608     1.949
   175.118    16.763     1.949
   180.453    16.763     1.949
   180.554    16.402     1.898
   180.654    16.402     1.898
   180.754    16.350     1.898
   180.856    16.299     1.898
   180.956    16.195     1.898
   181.056    16.092     1.898
   183.270    16.092     1.898
   183.369    16.092     1.949
   184.277    16.092     1.949
   184.377    16.299     1.999
   184.679    16.299     1.999
   184.778    16.402     2.102
   186.490    16.402     2.102
   186.591    16.557     2.102
   194.042    16.557     2.102
   194.144    16.350     1.796
   194.564    16.350     1.796
   194.664    16.350     1.694
   194.765    16.350     1.644
   194.865    16.299     1.644
   194.966    16.299     1.644
   195.067    16.143     1.644
   195.871    16.143     1.644
   195.971    16.092     1.644
   199.794    16.092     1.644
   199.896    15.937     1.644
   200.098    15.937     1.644
   200.198    15.885     1.644
   200.300    15.782     1.694
   200.401    15.678     1.694
   200.502    15.575     1.745
   200.603    15.471     1.898
   200.703    15.471     2.051
   200.803    15.368     2.203
   202.624    15.368     2.203
   202.725    15.368     2.356
   218.943    15.368     2.356
   219.043    15.368     2.305
   219.144    15.368     2.305
   219.244    15.368     2.254
   220.067    15.368     2.254
   220.172    15.471     2.254
   220.273    15.523     2.254
   221.077    15.523     2.254
   221.178    15.523     2.152
   222.286    15.523     2.152
   222.387    15.626     2.102
   243.485    15.626     2.102
   243.585    15.626     2.203
   243.686    15.523     2.407
   243.990    15.523     2.407
   244.090    15.420     2.407
   244.793    15.420     2.407
   244.895    15.420     2.457
   244.995    15.471     2.457
   248.517    15.471     2.457
   248.617    15.575     2.457
   248.718    15.626     2.457
   249.624    15.626     2.457
   249.725    15.471     2.407
   250.630    15.471     2.407
   250.732    15.420     2.407
   250.831    15.265     2.356
   250.933    15.213     2.356
   252.844    15.213     2.356
   252.945    15.213     2.305
   253.146    15.213     2.305
   253.246    15.213     2.254
   254.957    15.213     2.254
   255.059    15.213     2.203
   255.462    15.213     2.203
   255.561    15.162     2.102
   263.569    15.162     2.102
   263.670    15.162     2.305
   263.771    15.162     2.305
   263.870    15.162     2.356
   263.971    15.213     2.508
   265.179    15.213     2.508
   265.279    15.368     2.559
   265.379    15.368     2.610
   265.882    15.368     2.610
   265.983    15.368     2.661
   267.793    15.368     2.661
   267.894    15.368     2.610
   267.994    15.368     2.610
   268.095    15.368     2.457
   268.197    15.368     2.407
   268.296    15.368     2.407
   268.398    15.368     2.356
   268.798    15.368     2.356
   268.900    15.265     2.305
   270.108    15.265     2.305
   270.208    15.265     2.254
   270.409    15.265     2.254
   270.511    15.213     2.203
   270.611    15.162     2.102
   270.711    15.058     1.949
   270.812    15.058     1.949
   270.912    15.006     1.949
   271.013    15.006     1.949
   271.114    14.851     1.949
   271.215    14.800     1.949
   271.316    14.748     1.949
   271.918    14.748     1.949
   272.019    14.645     1.949
   272.119    14.593     1.949
   272.623    14.593     1.949
   272.724    14.489     1.949
   273.125    14.489     1.949
   273.226    14.386     1.999
   273.529    14.386     1.999
   273.628    14.283     2.051
   274.332    14.283     2.051
   274.434    14.335     2.102
   275.841    14.335     2.102
   275.942    14.335     2.152
   276.042    14.335     2.203
   276.143    14.335     2.203
   276.244    14.438     2.254
   276.947    14.438     2.254
   277.048    14.489     2.254
   277.149    14.542     2.305
   279.966    14.542     2.305
   280.067    14.593     2.305
   280.168    14.593     2.305
   280.269    14.593     2.356
   280.369    14.593     2.407
   282.583    14.593     2.407
   282.684    14.645     2.407
   283.085    14.645     2.407
   283.186    14.748     2.407
   283.286    14.748     2.407
   283.387    14.800     2.407
   285.399    14.800     2.407
   285.500    14.851     2.356
   285.601    14.955     2.305
   288.520    14.955     2.305
   288.619    15.213     2.254
   288.721    15.265     2.254
   289.826    15.265     2.254
   289.927    15.162     2.254
   290.053    15.058     2.254
   296.971    15.058     2.254
   297.073    14.903     2.254
   297.475    14.903     2.254
   297.576    14.800     2.254
   297.676    14.800     2.254
   297.778    14.696     2.254
   299.689    14.696     2.254
   299.789    14.800     2.305
   300.292    14.800     2.305
   300.393    14.903     2.305
   300.493    14.955     2.305
   302.001    14.955     2.305
   302.102    14.903     2.305
   302.203    14.748     2.305
   302.304    14.593     2.254
   302.606    14.593     2.254
   302.705    14.542     2.254
   302.807    14.542     2.254
   302.908    14.542     2.152
   303.009    14.542     2.102
   303.210    14.542     2.102
   303.311    14.542     1.999
   307.536    14.542     1.999
   307.637    14.542     1.949
   309.348    14.542     1.949
   309.448    14.542     1.898
   309.550    14.542     1.745
   309.650    14.542     1.694
   310.154    14.542     1.694
   310.254    14.542     1.644
   314.781    14.542     1.644
   314.882    14.542     1.542
   315.284    14.542     1.542
   315.384    14.696     1.542
   345.672    14.696     1.542
   345.773    14.645     1.542
   345.873    14.593     1.644
   348.287    14.593     1.644
   348.389    14.748     1.644
   348.791    14.748     1.644
   348.892    14.851     1.644
   352.726    14.851     1.644
   352.826    14.800     1.644
   352.927    14.748     1.644
   353.028    14.748     1.644
   353.128    14.748     1.745
   355.643    14.748     1.745
   355.743    14.593     1.847
   356.146    14.593     1.847
   356.246    14.438     1.898
   357.252    14.438     1.898
   357.354    14.489     1.898
   357.453    14.489     1.898
   357.554    14.645     1.898
   357.655    14.696     1.999
   360.070    14.696     1.999
   360.171    14.696     2.051
   360.673    14.696     2.051
   360.774    14.851     2.102
   363.188    14.851     2.102
   363.289    14.851     2.152
   363.390    14.851     2.356
   363.490    14.851     2.407
   365.099    14.851     2.407
   365.199    14.800     2.407
   366.205    14.800     2.407
   366.306    14.696     2.508
   366.406    14.645     2.559
   367.412    14.645     2.559
   367.514    14.696     2.559
   367.614    14.748     2.559
   367.714    14.748     2.559
   367.815    14.748     2.457
   367.915    14.748     2.356
   368.016    14.748     2.203
   368.116    14.800     2.203
   368.218    14.800     2.203
   368.318    14.851     2.203
   368.419    15.006     2.152
   368.519    15.110     2.152
   369.022    15.110     2.152
   369.122    15.162     2.102
   370.832    15.162     2.102
   370.934    15.265     2.102
   371.033    15.265     2.102
   371.135    15.265     2.051
   371.235    15.265     1.999
   371.335    15.265     1.898
   372.341    15.265     1.898
   372.442    15.265     1.847
   384.111    15.265     1.847
   384.210    15.162     1.847
   384.613    15.162     1.847
   384.713    15.006     1.847
   384.914    15.006     1.847
   385.015    14.955     1.847
   385.115    14.645     1.898
   385.317    14.645     1.898
   385.417    14.489     1.898
   385.518    14.438     1.898
   387.128    14.438     1.898
   387.230    14.386     1.898
   387.329    14.335     1.898
   390.496    14.335     1.898
   390.595    14.283     1.898
   390.797    14.283     1.898
   390.898    14.231     1.898
   390.999    14.180     1.898
   391.200    14.180     1.898
   391.300    14.128     1.898
   391.401    14.128     1.898
   391.501    14.076     1.898
   391.601    14.076     1.898
   391.703    14.025     1.847
   394.922    14.025     1.847
   395.022    13.922     1.847
   396.129    13.922     1.847
   396.230    14.076     1.847
   396.430    14.076     1.847
   396.531    14.231     1.847
   396.631    14.438     1.644
   397.739    14.438     1.644
   397.840    14.438     1.694
   398.845    14.438     1.694
   398.946    14.438     1.745
   399.046    14.386     1.796
   399.550    14.386     1.796
   399.652    14.335     1.796
   399.753    14.283     1.796
   399.853    14.231     1.847
   399.955    14.076     1.898
   400.055    14.076     1.898
   400.156    14.025     1.898
   400.357    14.025     1.898
   400.458    13.922     1.898
   400.557    13.869     1.898
   404.181    13.869     1.898
   404.282    13.818     1.949
   404.383    13.766     1.949
   404.483    13.715     1.949
   404.584    13.715     1.999
   404.785    13.715     1.999
   404.885    13.611     1.999
   406.596    13.611     1.999
   406.697    13.508     1.999
   406.797    13.456     1.999
   410.521    13.456     1.999
   410.623    13.508     1.999
  1052.313    13.508     1.999
  1052.415    13.663     1.898
  1053.421    13.663     1.898
  1053.520    13.766     1.949
  1054.629    13.766     1.949
  1054.728    13.766     1.898
  1060.665    13.766     1.898
  1060.765    13.766     1.847
  1060.968    13.766     1.847
  1061.068    13.715     1.796
  1061.672    13.715     1.796
  1061.772    13.663     1.745
  1065.495    13.663     1.745
  1065.596    13.611     1.694
  1068.815    13.611     1.694
  1068.916    13.611     1.644
  1069.016    13.715     1.542
  1069.317    13.715     1.542
  1069.418    13.766     1.542
  1070.424    13.766     1.542
  1070.524    13.818     1.542
  1337.234    13.818     1.542
  1337.334    13.818     1.796
  1337.938    13.818     1.796
  1338.038    13.818     1.847
  1338.139    13.766     1.847
  1338.241    13.715     1.847
  1338.542    13.715     1.847
  1338.643    13.611     1.847
  1360.076    13.611     1.847
  1360.176    13.560     1.847
  1386.847    13.560     1.847
  1386.949    13.508     1.847
  1399.023    13.508     1.847
  1399.123    13.456     1.847
  1399.225    13.405     1.847
  1399.326    13.405     1.796
  1547.648    13.405     1.796
  1547.748    13.508     1.796
  1547.849    13.663     1.796
  1548.151    13.663     1.796
  1548.252    13.766     1.796
  1548.855    13.766     1.796
  1548.956    13.869     1.796
  1549.056    13.922     1.796
  1558.010    13.922     1.796
  1558.112    13.869     1.796
  1558.815    13.869     1.796
  1558.915    13.869     1.745
  1559.217    13.869     1.745
  1559.319    13.766     1.745
  1562.437    13.766     1.745
  1562.537    13.818     1.745
  1562.638    13.922     1.745
  1569.678    13.922     1.745
  1569.780    13.973     1.694
  1576.519    13.973     1.694
  1576.620    13.922     1.644
  1577.022    13.922     1.644
  1577.124    13.922     1.592
  1577.223    13.922     1.491
  1577.828    13.922     1.491
  1577.927    13.869     1.491
  1578.029    13.766     1.491
  1578.128    13.766     1.440
  1595.634    13.766     1.440
  1595.735    13.818     1.440
  1658.784    13.818     1.440
  1658.885    13.818     1.338
  1658.985    13.818     1.287
  1659.588    13.818     1.287
  1659.690    13.766     1.237
  1661.502    13.766     1.237
  1661.603    13.818     1.237
  1661.803    13.818     1.237
  1661.904    13.869     1.287
  1662.306    13.869     1.287
  1662.408    13.869     1.338
  1662.609    13.869     1.338
  1662.708    13.869     1.389
  1662.911    13.869     1.389
  1663.011    13.869     1.440
  1663.615    13.869     1.440
  1663.715    13.818     1.542
  1663.917    13.818     1.542
  1664.018    13.818     1.592
  1664.219    13.818     1.592
  1664.320    13.818     1.694
  1664.420    13.818     1.796
  1664.721    13.818     1.796
  1664.822    13.818     1.949
  1665.426    13.818     1.949
  1665.527    13.818     2.051
  1667.639    13.818     2.051
  1667.741    13.869     2.051
  1667.941    13.869     2.051
  1668.042    13.973     2.051
  1668.244    13.973     2.051
  1668.343    14.128     2.152
  1673.274    14.128     2.152
  1673.375    14.128     2.254
  1673.676    14.128     2.254
  1673.776    14.335     2.305
  1673.877    14.438     2.356
  1675.587    14.438     2.356
  1675.687    14.438     2.457
  1675.788    14.438     2.457
  1675.888    14.386     2.559
  1677.299    14.386     2.559
  1677.400    14.283     2.712
  1677.500    14.231     2.813
  1678.908    14.231     2.813
  1679.009    14.180     2.813
  1679.110    14.128     2.813
  1680.420    14.128     2.813
  1680.520    14.128     2.762
  1683.638    14.128     2.762
  1683.740    14.128     2.661
  1684.141    14.128     2.661
  1684.244    14.128     2.559
  1684.846    14.128     2.559
  1684.947    14.076     2.407
  1685.048    14.076     2.356
  1685.148    14.076     2.356
  1685.249    14.076     2.254
  1685.349    14.076     2.254
  1685.450    14.076     2.203
  1696.218    14.076     2.203
  1696.319    14.076     2.356
  1696.419    14.076     2.457
  1698.232    14.076     2.457
  1698.333    14.076     2.508
  1698.635    14.076     2.508
  1698.735    14.180     2.508
  1699.137    14.180     2.508
  1699.238    14.335     2.559
  1704.871    14.335     2.559
  1704.971    14.386     2.559
  1705.777    14.386     2.559
  1705.877    14.335     2.559
  1706.079    14.335     2.559
  1706.179    14.335     2.508
  1706.280    14.335     2.457
  1706.380    14.231     2.407
  1706.481    14.128     2.356
  1706.581    14.076     2.356
  1709.800    14.076     2.356
  1709.901    14.076     2.305
  1710.001    14.076     2.305
  1710.103    14.076     2.152
  1710.204    14.076     2.051
  1710.304    14.076     1.949
  1710.505    14.076     1.949
  1710.605    14.025     1.949
  1710.707    13.922     1.949
  1714.230    13.922     1.949
  1714.331    13.973     1.949
  1714.431    13.973     1.949
  1714.532    14.025     1.949
  1714.632    14.025     1.949
  1714.733    14.076     1.949
  1714.834    14.128     1.949
  1714.934    14.128     1.949
  1715.035    14.231     1.949
  1715.135    14.231     1.949
  1715.236    14.335     1.949
  1715.336    14.386     1.898
  1715.437    14.489     1.847
  1715.538    14.542     1.847
  1715.637    14.542     1.796
  1715.738    14.645     1.745
  1715.838    14.696     1.592
  1715.940    14.696     1.491
  1716.041    15.006     1.440
  1716.141    15.162     1.389
  1716.242    15.420     1.389
  1716.343    15.730     1.389
  1716.443    15.885     1.389
  1716.543    16.040     1.389
  1716.644    16.040     1.389
  1716.745    16.143     1.389
  1716.945    16.143     1.389
  1717.046    16.763     1.389
  1717.248    16.763     1.389
  1717.348    16.815     1.440
  1717.449    16.815     1.440
  1717.550    17.022     1.440
  1719.360    17.022     1.440
  1719.461    17.125     1.440
  1723.585    17.125     1.440
  1723.686    17.228     1.491
  1724.289    17.228     1.491
  1724.389    17.228     1.542
  1733.653    17.228     1.542
  1733.753    17.280     1.542
  1734.056    17.280     1.542
  1734.157    17.487     1.542
  1734.760    17.487     1.542
  1734.861    17.590     1.592
  1735.365    17.590     1.592
  1735.464    17.694     1.592
  1735.565    17.694     1.644
  1736.671    17.694     1.644
  1736.772    17.848     1.644
  1741.399    17.848     1.644
  1741.499    17.952     1.694
  1741.600    18.004     1.694
  1742.506    18.004     1.694
  1742.605    18.055     1.745
  1748.339    18.055     1.745
  1748.440    18.055     1.898
  1748.541    18.107     1.999
  1763.434    18.107     1.999
  1763.534    18.055     1.949
  1764.340    18.055     1.949
  1764.441    18.055     1.796
  2175.980    18.055     1.796
  2176.079    18.004     1.796
  2176.180    17.900     1.796
  2176.483    17.900     1.796
  2176.583    17.848     1.796
  2176.684    17.642     1.796
  2177.087    17.642     1.796
  2177.188    17.590     1.796
  3031.957    17.590     1.796
  3032.058    17.539     1.796
  3032.158    17.435     1.796
  3032.458    17.435     1.796
  3032.560    17.383     1.796
  3032.861    17.383     1.796
  3032.963    17.228     1.898
  3033.265    17.228     1.898
  3033.364    17.125     1.949
  3033.566    17.125     1.949
  3033.666    17.022     1.949
  3033.768    16.919     1.999
  3033.868    16.919     1.999
  3033.968    16.815     1.999
  3034.067    16.712     2.102
  3034.169    16.608     2.152
  3034.270    16.505     2.152
  3034.370    16.453     2.152
  3034.471    16.350     2.203
  3034.571    16.246     2.254
  3034.672    16.195     2.305
  3034.773    16.195     2.356
  3034.873    16.195     2.457
  3034.974    16.143     2.508
  3035.074    16.143     2.559
  3035.175    16.143     2.661
  3035.276    16.143     2.762
  3040.608    16.143     2.762
  3040.708    16.143     2.864
  3040.909    16.143     2.864
  3041.010    16.246     2.915
  3041.110    16.246     2.966
  3041.212    16.246     3.017
  3041.312    16.299     3.068
  3041.513    16.299     3.068
  3041.613    16.453     3.068
  3044.151    16.453     3.068
  3044.252    16.557     3.119
  3044.353    16.660     3.169
  3048.376    16.660     3.169
  3048.477    16.712     3.169
  3048.577    16.763     3.169
  3048.678    16.763     3.169
  3048.778    16.919     3.271
  3048.880    16.970     3.271
  3049.281    16.970     3.271
  3049.382    17.177     3.271
  3049.709    17.177     3.271
  3049.784    17.228     3.271
  3050.287    17.228     3.271
  3050.388    17.280     3.271
  3050.488    17.280     3.220
  3051.194    17.280     3.220
  3051.293    17.280     3.017
  3051.897    17.280     3.017
  3051.998    17.435     3.017
  3052.803    17.435     3.017
  3052.903    17.383     3.119
  3053.910    17.383     3.119
  3054.011    17.177     3.169
  3054.110    17.177     3.220
  3057.131    17.177     3.220
  3057.231    17.177     3.169
  3057.331    17.177     3.119
  3057.432    17.177     3.068
  3057.532    17.177     3.068
  3057.634    17.383     3.068
  3057.835    17.383     3.068
  3057.935    17.435     3.068
  3058.035    17.435     3.017
  3060.552    17.435     3.017
  3060.651    17.280     3.017
  3060.752    17.177     3.017
  3060.853    17.125     3.017
  3060.953    17.125     3.017
  3061.054    17.073     3.017
  3061.154    17.022     3.017
  3061.356    17.022     3.017
  3061.456    16.970     3.017
  3061.557    16.919     3.017
  3061.960    16.919     3.017
  3062.061    16.815     3.017
  3062.261    16.815     3.017
  3062.361    16.763     3.017
  3062.462    16.712     3.017
  3062.563    16.660     3.017
  3062.764    16.660     3.017
  3062.864    16.660     3.068
  3062.966    16.660     3.119
  3134.708    16.660     3.119
  3134.809    16.660     3.322
  3134.909    16.660     3.424
  4163.384    16.660     3.424
  4163.484    16.660     3.475
  4163.585    16.660     3.627
  4170.528    16.660     3.627
  4170.629    16.763     3.678
  4170.730    16.815     3.678
  4180.997    16.815     3.678
  4181.098    16.867     3.678
  4181.500    16.867     3.678
  4181.601    16.867     3.576
  4216.915    16.867     3.576
  4217.015    16.815     3.576
  4217.216    16.815     3.576
  4217.327    16.763     3.576
  4217.428    16.763     3.576
  4217.528    16.712     3.526
  4218.033    16.712     3.526
  4218.133    16.660     3.526
  4218.334    16.660     3.526
  4218.435    16.608     3.424
  4218.536    16.453     3.322
  4218.736    16.453     3.322
  4218.837    16.402     3.322
  4218.939    16.402     3.322
  4219.039    16.299     3.322
  4219.239    16.299     3.322
  4219.340    16.246     3.322
  4219.742    16.246     3.322
  4219.844    16.195     3.322
  4219.944    16.143     3.271
  4220.045    16.092     3.220
  4220.145    16.092     3.220
  4220.245    16.092     3.169
  4220.446    16.092     3.169
  4220.547    16.092     3.119
  4220.648    16.092     3.017
  4220.749    16.092     2.966
  4220.850    16.092     2.966
  4220.949    15.988     2.966
  4221.152    15.988     2.966
  4221.252    15.885     2.915
  4221.353    15.885     2.864
  4221.755    15.885     2.864
  4221.856    15.833     2.864
  4222.359    15.833     2.864
  4222.459    15.782     2.762
  4222.561    15.782     2.712
  4222.660    15.782     2.712
  4222.761    15.782     2.661
  4222.862    15.782     2.661
  4222.963    15.730     2.508
  4223.064    15.730     2.457
  4223.163    15.730     2.356
  4223.767    15.730     2.356
  4223.868    15.626     2.356
  4225.880    15.626     2.356
  4225.982    15.420     2.356
  4227.489    15.420     2.356
  4227.590    15.523     2.305
  4230.009    15.523     2.305
  4230.110    15.523     2.203
  4230.209    15.575     2.152
  4230.813    15.575     2.152
  4230.913    15.523     2.102
  4231.216    15.523     2.102
  4231.317    15.523     2.051
  4234.452    15.523     2.051
  4234.554    15.471     1.999
  4234.654    15.471     1.949
  4234.754    15.471     1.949
  4234.856    15.471     1.847
  4234.956    15.420     1.847
  4235.056    15.420     1.847
  4235.156    15.368     1.847
  4235.257    15.368     1.847
  4235.358    15.368     1.796
  4235.458    15.368     1.796
  4235.560    15.368     1.745
  4236.263    15.368     1.745
  4236.363    15.317     1.745
  4236.566    15.317     1.745
  4236.665    15.265     1.745
  4236.968    15.265     1.745
  4237.068    15.213     1.745
  4255.484    15.213     1.745
  4255.585    15.265     1.745
  4255.685    15.317     1.745
  4255.786    15.317     1.745
  4255.887    15.420     1.745
  4256.088    15.420     1.745
  4256.188    15.575     1.745
  4256.290    15.782     1.745
  4256.391    15.885     1.745
  4256.490    16.040     1.745
  4258.502    16.040     1.745
  4258.603    15.988     1.644
  4258.703    15.937     1.644
  4258.805    15.937     1.491
  4258.905    15.937     1.491
  4259.006    15.937     1.440
  4259.107    15.937     1.389
  4259.610    15.937     1.389
  4259.711    16.246     1.389
  4260.616    16.246     1.389
  4260.717    16.299     1.389
  4260.817    16.557     1.389
  4261.019    16.557     1.389
  4261.118    16.919     1.389
  4262.325    16.919     1.389
  4262.426    17.022     1.389
  4262.627    17.022     1.389
  4262.728    17.177     1.389
  4263.836    17.177     1.389
  4263.937    17.228     1.389
  4264.037    17.228     1.389
  4264.137    17.280     1.389
  4264.238    17.280     1.440
  4264.439    17.280     1.440
  4264.540    17.332     1.440
  4265.859    17.332     1.440
  4265.958    17.383     1.440
  4266.060    17.435     1.491
  4266.260    17.435     1.491
  4266.360    17.487     1.542
  4266.462    17.590     1.592
  4266.965    17.590     1.592
  4267.066    17.539     1.592
  4300.365    17.539     1.592
  4300.466    17.487     1.796
  4301.977    17.487     1.796
  4302.076    17.487     1.999
  4450.190    17.487     1.999
  4741.363    17.436     1.999
  4741.464    17.436     1.982
  4792.339    17.436     1.982
  4792.451    17.384     1.982
  4792.541    17.074     1.982
  4792.641    16.868     2.033
  4792.741    16.817     2.033
  4792.842    16.714     2.033
  4792.943    16.714     2.033
  4793.044    16.610     2.084
  4793.145    16.610     2.084
  4793.245    16.610     2.135
  4813.066    16.610     2.135
  4813.167    16.559     2.135
  4813.871    16.559     2.135
  4813.972    16.404     2.135
  4814.073    16.352     2.135
  4816.488    16.352     2.135
  4816.589    16.301     2.135
  4816.790    16.301     2.135
  4816.890    16.197     2.135
  4816.992    16.197     2.135
  4817.092    16.146     2.135
  4820.917    16.146     2.135
  4821.017    16.352     2.084
  4825.040    16.352     2.084
  4825.141    16.507     2.084
  4825.443    16.507     2.084
  4825.544    16.559     2.084
  4826.248    16.559     2.084
  4826.348    16.610     2.084
  4827.757    16.610     2.084
  4827.858    16.507     2.185
  4828.664    16.507     2.185
  4828.764    16.559     2.185
  4828.865    16.559     2.185
  4828.965    16.610     2.185
  4829.167    16.610     2.185
  4829.267    16.714     2.185
  4829.972    16.714     2.185
  4830.073    16.971     2.185
  4883.908    16.971     2.185
  4884.009    17.074     2.338
  4884.310    17.074     2.338
  4884.410    17.126     2.338
  5065.255    17.126     2.338
  5065.357    17.023     2.338
  5066.060    17.023     2.338
  5066.161    17.023     2.541
  5066.261    17.023     2.592
  5066.564    17.023     2.592
  5066.664    17.023     2.694
  5066.764    16.868     2.795
  5078.243    16.868     2.795
  5078.342    16.920     3.100
  5107.936    16.920     3.100
  5108.037    17.023     3.049
  5118.612    17.023     3.049
  5118.713    17.023     2.948
  5118.813    17.023     2.948
  5118.915    17.023     2.897
  5119.014    17.074     2.897
  5120.422    17.074     2.897
  5120.523    17.074     2.846
  5120.624    17.074     2.795
  5120.924    17.074     2.795
  5121.025    17.074     2.846
  5121.126    17.074     2.846
  5121.227    17.023     2.846
  5121.932    17.023     2.846
  5122.031    16.971     2.795
  5196.787    16.971     2.795
  5196.887    16.920     2.846
  5196.988    16.920     2.897
  5197.593    16.920     2.897
  5197.694    16.920     2.948
  5250.217    16.920     2.948
  5250.318    16.920     2.998
  5250.420    16.971     2.998
  5251.526    16.971     2.998
  5251.626    16.971     3.049
  5251.727    16.971     3.100
  5253.236    16.971     3.100
  5253.337    17.023     3.100
  5253.437    17.074     3.100
  5263.913    17.074     3.100
  5264.013    17.074     3.049
  5264.113    17.074     3.049
  5264.215    17.074     2.998
  5264.314    17.074     2.948
  5265.524    17.074     2.948
  5265.625    17.074     2.897
  5265.724    17.074     2.897
  5265.825    17.126     2.897
  5265.925    17.126     2.846
  5429.462    17.126     2.846
  5429.561    17.074     2.795
  5429.964    17.074     2.795
  5430.064    17.074     2.744
  5430.265    17.074     2.744
  5430.366    17.074     2.694
  5430.467    17.074     2.694
  5430.568    17.074     2.643
  5442.541    17.074     2.643
  5442.642    17.023     2.643
  5442.943    17.023     2.643
  5443.044    17.023     2.541
  5443.144    17.023     2.490
  5443.245    17.023     2.389
  5443.748    17.023     2.389
  5443.848    17.074     2.389
  5445.258    17.074     2.389
  5445.358    17.177     2.389
  5445.459    17.230     2.389
  5446.264    17.230     2.389
  5446.365    17.281     2.389
  5446.465    17.333     2.439
  5446.867    17.333     2.439
  5446.967    17.436     2.439
  5451.195    17.436     2.439
  5451.296    17.436     2.338
  5452.100    17.436     2.338
  5452.201    17.436     2.287
  5452.302    17.436     2.236
  5453.006    17.436     2.236
  5453.106    17.436     2.439
  5453.207    17.436     2.490
  5453.307    17.436     2.490
  5453.409    17.590     2.185
  5453.510    17.590     2.084
  5454.617    17.590     2.084
  5454.718    17.590     1.982
  5523.043    17.590     1.982
  5523.143    17.590     2.236
