     1.259     7.429    10.621
     2.880     7.429    10.621
     2.982     7.376    10.621
     3.083     7.480    10.672
     3.789     7.480    10.672
     3.889     7.429    10.672
     3.990     7.429    10.672
     4.090     7.429    10.621
     4.293     7.429    10.621
     4.395     7.429    10.570
     4.497     7.376    10.570
     4.999     7.376    10.570
     5.100     7.325    10.570
     5.201     7.222    10.519
     5.300     7.222    10.418
     5.402     7.222    10.316
     5.502     7.170    10.316
     5.910     7.170    10.316
     6.010     7.119    10.316
     6.111     7.067    10.265
     6.211     7.067    10.214
     6.312     7.016    10.062
     6.413     6.964    10.062
     6.512     6.912     9.960
     6.614     6.861     9.757
     6.714     6.758     9.503
     6.815     6.655     9.300
     6.916     6.448     9.046
     7.016     6.242     9.046
     7.118     6.242     8.995
     7.320     6.242     8.995
     7.420     6.087     8.893
     7.521     5.932     8.893
     7.622     5.829     8.842
     7.722     5.778     8.842
     7.823     5.623     8.791
     7.923     5.571     8.791
     8.225     5.571     8.791
     8.326     5.520     8.791
     9.638     5.520     8.791
     9.739     5.468     8.791
     9.839     5.365     8.791
     9.941     5.313     8.791
    10.042     5.262     8.791
    10.143     5.210     8.791
    10.244     5.159     8.791
    10.344     5.159     8.893
    10.445     5.056     8.944
    11.454     5.056     8.944
    11.555     4.952     8.995
    11.657     4.900     8.995
    13.375     4.900     8.995
    13.475     4.900     9.046
    13.575     5.004     9.249
    15.791     5.004     9.249
    15.891     4.952     9.198
    15.992     4.900     9.046
    16.294     4.900     9.046
    16.396     4.797     9.046
    18.813     4.797     9.046
    18.914     4.746     9.046
    19.015     4.643     9.046
    19.115     4.643     9.046
    19.216     4.643     9.096
    19.317     4.540     9.300
    19.518     4.540     9.300
    19.619     4.540     9.351
    19.719     4.488     9.351
    19.820     4.436     9.452
    19.920     4.385     9.452
    23.749     4.385     9.452
    23.849     4.230     9.452
    23.950     4.076     9.452
    24.050     4.024     9.452
    24.152     4.024     9.452
    24.253     3.920     9.452
    24.354     3.869     9.452
    24.455     3.714     9.452
    25.361     3.714     9.452
    25.461     3.714     9.503
    25.562     3.972     9.503
    25.663     4.076     9.452
    25.763     4.076     9.300
    25.864     4.076     9.249
    25.964     4.076     9.198
    26.065     4.179     9.198
    26.166     4.230     9.198
    26.367     4.230     9.198
    26.467     4.230     9.300
    26.568     4.230     9.401
    26.668     4.230     9.452
    27.175     4.230     9.452
    27.275     4.230     9.503
    27.375     4.230     9.503
    27.479     4.230     9.554
    27.578     4.179     9.757
    27.680     4.179     9.757
    27.780     4.179     9.808
    27.880     4.127     9.960
    27.981     4.024    10.214
    28.083     4.024    10.367
    28.183     4.024    10.367
    28.285     4.024    10.418
    28.384     4.024    10.418
    28.485     3.972    10.570
    28.585     3.972    10.773
    28.686     3.972    11.027
    28.787     3.972    11.129
    28.887     3.972    11.180
    28.988     3.869    11.383
    29.089     3.869    11.434
    29.190     3.817    11.434
    29.290     3.611    11.434
    29.392     3.560    11.485
    29.494     3.560    11.485
    29.595     3.508    11.535
    29.696     3.508    11.587
    29.796     3.405    11.790
    29.897     3.302    11.891
    29.998     3.044    12.044
    30.099     2.992    12.247
    30.198     2.837    12.349
    30.300     2.837    12.400
    30.601     2.837    12.400
    30.702     2.837    12.450
    30.802     2.837    12.501
    30.903     2.837    12.501
    31.003     2.837    12.603
    31.106     2.837    12.755
    31.208     2.837    12.958
    31.308     2.837    13.162
    31.409     2.837    13.365
    31.509     2.837    13.466
    31.610     2.889    13.518
    31.710     2.889    13.670
    31.811     3.044    13.822
    31.912     3.095    14.026
    32.012     3.095    14.178
    32.113     3.095    14.381
    32.214     3.147    14.584
    32.315     3.147    14.839
    32.414     3.147    14.940
    38.364     3.147    14.940
    38.463     3.095    14.940
    38.564     2.889    14.889
    38.966     2.889    14.889
    39.067     2.889    14.839
    39.167     2.889    14.788
    39.269     2.889    14.788
    39.370     2.889    14.737
    39.468     2.889    14.686
    39.569     2.889    14.686
    39.670     2.889    14.636
    39.771     2.889    14.584
    39.872     2.940    14.584
    39.972     2.940    14.534
    40.376     2.940    14.534
    40.479     2.940    14.483
    43.402     2.940    14.483
    43.502     3.198    14.636
    43.603     3.353    14.788
    43.704     3.405    14.889
    43.804     3.766    15.245
    43.906     4.127    15.499
    44.006     4.385    15.652
    44.108     4.952    15.702
    44.209     5.468    15.753
    44.309     5.778    15.855
    44.409     5.984    15.855
    44.509     6.139    15.957
    44.610     6.345    16.058
    44.711     6.396    16.211
    44.811     6.500    16.262
    44.913     6.603    16.262
    45.012     6.809    16.363
    45.114     6.861    16.363
    45.315     6.861    16.363
    45.416     6.861    16.414
    45.515     6.912    16.465
    45.617     7.119    16.465
    45.717     7.222    16.567
    45.818     7.480    16.770
    45.919     7.789    16.922
    46.019     7.996    16.973
    46.120     8.099    17.024
    46.220     8.150    17.227
    46.322     8.202    17.481
    46.422     8.254    17.583
    46.523     8.357    17.735
    47.429     8.357    17.735
    47.530     8.357    17.888
    47.630     8.357    18.142
    47.731     8.460    18.243
    47.832     8.769    18.396
    47.932     8.924    18.446
    48.059     9.079    18.446
    48.134     9.234    18.446
    50.152     9.234    18.446
    50.253     9.543    18.548
    50.354     9.749    18.599
    50.454     9.956    18.650
    50.554    10.265    18.802
    50.655    10.369    18.955
    50.755    10.730    19.107
    50.856    11.245    19.209
    50.957    11.607    19.361
    51.057    11.710    19.463
    51.160    11.710    19.564
    51.260    11.761    19.717
    51.360    11.916    19.971
    51.460    12.071    19.971
    51.561    12.122    19.971
    52.667    12.122    19.971
    52.768    12.535    20.124
    52.970    12.535    20.124
    53.071    12.793    20.174
    53.170    12.845    20.174
    53.271    12.896    20.174
    53.372    12.948    20.174
    53.473    12.948    20.174
    53.574    12.999    20.225
    53.673    12.999    20.276
    53.775    13.154    20.327
    53.875    13.464    20.377
    53.975    13.618    20.377
    54.076    13.670    20.377
    54.177    13.670    20.429
    54.278    13.670    20.479
    54.377    13.618    20.733
    54.478    13.618    20.937
    54.579    13.567    21.140
    54.679    13.515    21.191
    54.781    13.464    21.191
    54.881    13.412    21.191
    54.982    13.412    21.292
    55.082    13.361    21.495
    55.183    13.206    21.851
    55.285    13.051    22.258
    55.385    12.999    22.563
    55.485    12.845    22.766
    55.585    12.690    23.020
    55.686    12.587    23.376
    55.787    12.587    23.478
    56.190    12.587    23.478
    56.290    12.587    23.681
    56.391    12.587    23.731
    56.492    12.587    23.731
    56.592    12.587    23.782
    56.692    12.587    23.782
    56.793    12.587    23.833
    56.894    12.587    23.884
    56.995    12.587    24.036
    57.094    12.587    24.189
    57.195    12.587    24.494
    57.295    12.638    24.595
    57.396    12.638    24.646
    57.698    12.638    24.646
    57.799    12.741    24.748
    57.899    12.741    24.748
    58.000    12.741    24.799
    58.100    12.741    24.799
    58.201    12.741    24.951
    58.302    12.793    25.154
    58.403    12.793    25.357
    58.503    12.845    25.459
    58.604    12.896    25.510
    58.705    12.999    25.561
    59.509    12.999    25.561
    59.610    12.999    25.612
    59.710    12.999    25.815
    59.811    12.999    25.917
    59.912    12.999    25.917
    60.012    13.102    25.917
    60.113    13.257    25.917
    60.213    13.361    25.917
    63.231    13.361    25.917
    63.331    13.464    25.917
    63.431    13.618    25.967
    63.533    13.670    25.967
    63.632    13.773    25.967
    63.733    13.825    25.967
    64.940    13.825    25.967
    65.042    13.773    25.967
    65.141    13.721    25.967
    65.343    13.721    25.967
    65.444    13.567    25.967
    65.543    13.464    25.866
    65.645    13.361    25.815
    65.745    13.206    25.561
    65.845    13.206    25.459
    65.947    13.206    25.357
    66.852    13.206    25.357
    66.953    13.154    25.510
    67.053    13.102    25.561
    67.154    13.051    25.612
    67.355    13.051    25.612
    67.457    12.999    25.662
    67.557    12.948    25.713
    67.659    12.948    25.764
    67.759    12.896    25.815
    67.859    12.741    26.018
    69.873    12.741    26.018
    69.973    12.741    26.069
    70.073    12.793    26.069
    71.280    12.793    26.069
    71.380    12.741    26.069
    71.582    12.741    26.069
    71.682    12.690    26.069
    71.785    12.638    26.069
    71.886    12.587    26.069
    71.987    12.381    26.069
    72.087    12.277    26.069
    75.608    12.277    26.069
    75.708    12.381    26.069
    75.809    12.432    26.069
    75.911    12.484    26.069
    76.011    12.535    26.069
    77.823    12.535    26.069
    77.923    12.484    26.069
    78.226    12.484    26.069
    78.327    12.484    26.120
    78.427    12.484    26.171
    78.628    12.484    26.171
    78.730    12.484    26.222
    78.831    12.484    26.272
    79.434    12.484    26.272
    79.544    12.587    26.425
    79.847    12.587    26.425
    79.949    12.638    26.475
    80.050    12.690    26.577
    80.151    12.896    26.577
    80.251    13.206    26.577
    80.351    13.412    26.577
    80.453    13.515    26.577
    80.552    13.567    26.577
    80.653    13.618    26.577
    80.753    13.670    26.577
    80.855    13.670    26.577
    80.956    13.825    26.577
    81.056    14.083    26.577
    81.158    14.392    26.577
    81.259    14.701    26.577
    81.360    14.857    26.577
    81.461    14.908    26.577
    81.562    14.908    26.577
    81.663    14.960    26.577
    81.764    15.063    26.577
    81.865    15.166    26.577
    81.964    15.217    26.577
    82.065    15.321    26.577
    82.166    15.372    26.577
    82.266    15.527    26.577
    82.369    15.578    26.577
    82.469    15.734    26.628
    82.571    15.785    26.628
    83.576    15.785    26.628
    83.676    15.888    26.730
    83.777    16.094    26.780
    83.879    16.404    26.933
    83.980    16.610    27.035
    84.583    16.610    27.035
    84.684    16.714    27.085
    84.786    16.817    27.238
    84.886    16.920    27.238
    84.988    16.920    27.288
    85.088    16.920    27.340
    85.189    16.920    27.340
    85.290    16.971    27.492
    85.390    17.074    27.695
    85.491    17.074    27.848
    85.590    17.230    28.051
    85.691    17.230    28.153
    85.791    17.230    28.203
    85.892    17.230    28.254
    85.994    17.230    28.305
    86.094    17.230    28.356
    86.196    17.333    28.356
    86.296    17.384    28.356
    86.396    17.436    28.356
    86.498    17.487    28.457
    86.598    17.487    28.508
    86.699    17.487    28.864
    86.799    17.487    29.016
    90.132    17.487    29.016
    90.234    17.487    29.118
    91.241    17.487    29.118
    91.341    17.487    29.169
    91.541    17.487    29.169
    91.642    17.487    29.220
    91.843    17.487    29.220
    91.945    17.487    29.271
    92.045    17.487    29.271
    92.146    17.487    29.321
    92.247    17.487    29.372
    92.348    17.487    29.423
    92.550    17.487    29.423
    92.650    17.487    29.525
    92.751    17.487    29.575
    92.851    17.487    29.626
    92.953    17.487    29.677
    93.053    17.487    29.779
    93.155    17.436    29.931
    93.355    17.436    29.931
    93.457    17.436    29.982
    93.557    17.436    30.033
    93.658    17.436    30.185
    93.758    17.436    30.236
    93.859    17.436    30.287
    94.161    17.436    30.287
    94.263    17.436    30.338
    94.363    17.436    30.338
    94.462    17.436    30.388
    94.563    17.436    30.439
    94.665    17.436    30.541
    94.764    17.436    30.592
    96.500    17.436    30.592
    96.577    17.436    30.693
    96.677    17.436    30.744
    96.878    17.436    30.744
    96.978    17.436    30.795
    97.382    17.436    30.795
