     4.009     9.595    22.969
     5.063     9.595    22.969
     5.163     9.646    22.969
     6.270     9.646    22.969
     6.370     9.749    22.969
     6.471    10.059    22.969
     6.573    10.369    23.173
     6.672    11.194    23.325
     6.774    11.761    23.630
     6.873    12.174    23.731
     6.973    12.329    23.833
     7.074    12.741    24.036
     7.182    12.793    24.087
     7.283    13.102    24.291
     7.383    13.721    24.494
     7.485    14.495    24.849
     7.584    14.960    24.900
     7.685    14.960    24.849
     7.785    15.217    24.443
     7.886    15.527    24.138
     7.987    16.197    23.630
     8.087    16.714    23.173
     8.188    17.177    22.868
     8.288    17.230    22.715
     8.389    16.920    22.207
     8.491    16.971    22.156
     8.589    17.177    22.055
     8.692    17.177    22.055
     8.791    17.177    22.105
     8.892    17.177    22.156
     8.995    17.074    22.207
     9.096    17.074    22.207
     9.197    17.023    22.308
     9.297    16.971    22.360
     9.399    17.074    22.461
     9.499    17.384    22.410
     9.600    17.642    22.308
     9.700    18.313    22.156
     9.800    19.499    22.004
     9.901    19.860    21.800
    10.001    20.324    21.750
    10.102    21.459    21.191
    10.203    22.491    20.987
    10.303    22.800    20.937
    10.404    22.594    20.937
    10.505    22.439    20.886
    10.605    22.439    20.886
    10.705    22.491    20.987
    10.806    22.697    21.292
    10.906    23.162    21.546
    11.006    23.626    21.902
    11.108    24.709    22.055
    11.208    25.431    22.360
    11.309    25.895    22.563
    11.410    26.669    22.613
    11.510    27.133    22.664
    11.611    27.959    22.918
    11.711    29.300    23.325
    11.812    30.125    23.630
    11.912    30.177    23.935
    12.012    30.280    24.138
    12.114    30.590    24.494
    12.214    30.641    24.900
    12.316    30.590    24.900
    12.415    30.228    24.646
    12.516    29.868    24.849
    12.617    29.145    25.409
    12.717    28.784    25.815
    12.817    28.784    25.866
    12.918    28.423    26.222
    13.019    28.320    26.323
    13.119    28.320    26.323
    13.220    28.475    26.272
    13.321    28.475    26.222
    13.422    28.371    26.272
    13.522    28.062    26.323
    13.623    27.907    26.475
    13.722    27.649    26.475
    13.823    27.443    26.475
    13.927    27.082    26.272
    14.027    26.308    25.917
    14.127    26.256    25.510
    14.429    26.256    25.510
    14.531    26.411    25.662
    14.631    26.669    25.662
    14.732    26.618    25.662
    14.832    26.463    25.104
    14.933    26.463    24.748
    15.034    26.256    24.392
    15.134    25.792    23.528
    15.235    25.586    23.325
    15.336    24.915    22.664
    15.437    24.193    22.258
    15.537    24.039    22.258
    15.637    24.142    22.360
    15.738    23.832    22.207
    15.839    23.626    22.055
    15.940    23.368    22.055
    16.039    22.852    22.055
    16.140    22.594    22.004
    16.242    22.026    22.004
    16.342    21.150    22.004
    16.443    20.427    22.156
    16.543    19.963    22.410
    16.645    19.963    22.664
    16.745    19.809    22.969
    16.846    19.654    23.223
    16.945    19.396    23.731
    17.045    19.138    24.138
    17.146    19.035    24.595
    17.247    18.880    25.154
    17.348    18.880    25.357
    17.449    18.880    25.409
    17.550    18.983    25.307
    17.650    19.035    25.409
    17.751    18.983    25.510
    17.852    18.931    25.510
    17.951    18.777    25.561
    18.052    18.725    25.612
    18.153    18.828    25.561
    18.454    18.828    25.561
    18.555    18.777    25.713
    18.656    18.777    25.662
    19.058    18.777    25.662
    19.159    18.777    25.612
    19.260    18.777    25.459
    19.361    18.777    25.357
    19.563    18.777    25.357
    19.664    18.725    25.256
    19.765    18.725    25.154
    19.866    18.777    25.002
    20.166    18.777    25.002
    20.267    18.622    25.256
    20.368    18.364    25.510
    20.469    18.261    25.612
    20.570    18.003    25.866
    20.670    17.694    26.069
    20.771    17.694    26.171
    20.871    17.694    26.171
    20.972    17.745    26.171
    21.074    17.694    26.171
    21.174    17.590    26.171
    21.275    17.333    26.425
    21.375    17.177    26.425
    21.476    17.177    26.425
    21.576    16.714    26.475
    21.677    16.146    26.475
    21.779    15.681    26.475
    21.878    15.630    26.577
    21.979    15.578    26.628
    22.079    15.217    26.730
    22.281    15.217    26.730
    22.381    15.269    26.730
    22.482    15.372    26.730
    22.582    16.043    26.628
    22.683    16.301    26.577
    22.784    16.301    26.577
    22.883    16.301    26.374
    22.985    16.301    26.374
    23.085    16.301    26.577
    23.187    16.352    26.679
    23.287    16.352    26.577
    23.388    16.352    26.679
    23.592    16.352    26.679
    23.693    16.352    26.730
    24.095    16.352    26.730
    24.196    16.610    26.679
    24.296    16.765    26.780
    24.397    16.714    26.831
    24.497    16.714    26.831
    24.598    16.610    26.933
    24.699    16.610    26.984
    24.799    16.610    27.085
    25.403    16.610    27.085
    25.503    16.662    27.187
    25.606    16.714    27.441
    25.706    16.817    27.543
    25.807    17.023    27.644
    26.713    17.023    27.644
    26.814    17.023    27.593
    26.914    17.023    27.492
    27.319    17.023    27.492
    27.419    17.074    27.593
    27.522    17.126    27.644
    27.924    17.126    27.644
    28.025    17.177    27.644
    28.125    17.333    27.593
    28.226    17.333    27.238
    28.326    17.281    27.238
    28.427    17.230    27.187
    28.528    17.230    27.136
    28.628    17.230    27.136
    28.729    17.281    26.933
    29.834    17.281    26.933
    29.935    17.126    26.933
    30.037    17.074    26.882
    30.137    17.023    26.882
    30.238    16.868    26.780
    30.641    16.868    26.780
    30.741    16.868    26.831
    30.842    16.868    26.882
    30.943    16.868    26.984
    31.044    16.868    27.035
    31.146    16.868    27.035
    31.246    16.920    27.035
    31.347    17.074    27.035
    31.448    17.126    27.085
    31.548    17.126    27.085
    31.649    17.126    27.288
    31.748    17.126    27.340
    32.252    17.126    27.340
    32.355    17.230    27.340
    32.455    17.333    27.340
    32.657    17.333    27.340
    32.756    17.333    27.238
    32.958    17.333    27.238
    33.058    17.230    27.035
    33.158    17.177    26.679
    33.260    17.177    26.628
    33.361    17.177    26.425
    33.461    17.126    26.120
    33.562    17.126    25.917
    33.662    17.126    25.866
    33.965    17.126    25.866
    34.066    17.230    25.967
    34.166    17.230    25.967
    34.267    17.281    25.917
    34.367    17.539    25.917
    34.468    17.642    25.917
    34.569    17.642    25.815
    34.668    17.797    25.764
    34.769    17.900    25.764
    34.870    17.900    25.713
    34.970    18.054    25.409
    35.072    18.364    25.357
    35.172    18.622    25.357
    35.273    19.138    25.307
    35.373    19.396    25.307
    35.473    19.963    25.307
    35.575    20.427    25.256
    35.674    20.686    25.409
    35.775    21.769    25.459
    35.876    22.697    25.561
    35.976    22.903    25.713
    36.077    23.265    25.815
    36.178    24.090    26.018
    36.279    25.122    26.222
    36.379    25.328    26.475
    36.480    25.379    26.526
    36.580    25.276    26.526
    36.681    26.411    26.628
    36.782    27.391    26.831
    36.882    27.598    26.831
    36.983    28.165    26.831
    37.083    28.784    26.831
    37.186    29.042    26.882
    37.287    29.609    26.882
    37.388    30.125    26.882
    37.489    30.383    26.882
    37.589    30.641    26.882
    37.689    31.673    26.882
    37.791    31.982    26.882
    37.891    32.292    26.882
    37.991    33.014    26.882
    38.092    33.427    26.882
    38.193    33.427    26.780
    38.293    33.633    26.425
    38.393    33.633    26.171
    38.494    33.581    26.069
    38.595    33.840    25.612
    38.695    34.561    25.205
    38.795    34.561    25.307
    38.896    34.252    25.561
    38.996    34.149    25.662
    39.298    34.149    25.662
    39.401    34.252    25.662
    39.501    34.304    25.662
    39.602    34.304    25.256
    39.701    34.304    25.256
    39.804    34.200    25.256
    39.904    34.149    24.646
    40.004    34.200    24.189
    40.104    34.252    23.426
    40.205    34.252    22.766
    40.306    34.200    22.004
    40.407    34.097    21.800
    40.507    33.840    21.394
    40.608    33.943    20.886
    40.707    33.943    20.581
    40.808    33.943    20.225
    40.908    33.891    19.869
    41.009    33.891    19.768
    41.111    33.788    19.463
    41.211    33.736    19.361
    41.312    33.736    19.311
    41.412    33.633    19.056
    41.514    33.324    18.548
    41.615    33.220    18.396
    41.715    33.220    17.837
    41.816    33.220    17.430
    41.917    33.272    17.329
    42.018    33.272    17.278
    42.420    33.272    17.278
    42.521    33.324    17.430
    42.621    33.375    17.481
    42.721    33.375    17.481
    42.822    33.272    17.633
    42.922    33.272    17.938
    43.627    33.272    17.938
    43.728    33.324    17.989
    43.827    33.581    18.040
    43.928    33.788    18.040
    44.029    33.633    18.040
    44.129    33.530    18.040
    44.230    33.478    18.040
    44.331    33.478    17.938
    44.533    33.478    17.938
    44.633    33.581    18.091
    44.733    33.684    18.243
    44.834    33.684    18.548
    44.936    33.684    18.548
    45.035    33.684    18.498
    45.137    33.788    17.938
    45.439    33.788    17.938
    45.539    33.684    17.938
    46.142    33.684    17.938
    46.243    33.633    17.888
    47.148    33.633    17.888
    47.248    33.581    17.888
    47.350    33.324    17.786
    47.451    33.220    17.786
    47.551    33.117    17.735
    47.652    32.808    17.583
    47.751    32.344    17.278
    47.852    32.034    17.125
    47.952    31.311    16.973
    48.056    30.331    16.922
    48.155    29.868    16.922
    48.255    29.094    16.922
    48.356    28.681    16.922
    48.456    28.475    16.922
    48.557    27.959    17.075
    48.658    27.649    17.278
    48.758    27.185    17.735
    48.859    26.463    18.142
    49.261    26.463    18.142
    49.362    26.669    18.193
    49.461    26.721    18.193
    49.565    26.979    18.193
    49.665    27.185    18.091
    49.766    27.237    18.040
    49.966    27.237    18.040
    50.068    27.288    18.040
    50.168    27.340    18.040
    50.268    27.391    17.989
    50.368    27.391    17.989
    50.469    27.391    17.938
    53.588    27.391    17.938
    53.689    27.340    17.938
    55.098    27.340    17.938
    55.199    27.340    18.142
    55.299    27.237    18.650
    55.400    26.772    19.514
    55.501    26.411    19.971
    55.602    26.153    21.140
    55.701    25.586    22.156
    55.803    25.741    22.563
    55.903    25.792    23.071
    56.004    25.689    23.833
    56.105    25.741    24.494
    56.205    25.379    25.612
    56.306    25.019    26.171
    56.407    24.709    26.475
    56.507    24.761    26.526
    56.608    24.967    26.526
    56.809    24.967    26.526
    56.909    24.709    26.526
    57.009    24.348    26.475
    57.110    24.193    26.526
    57.211    23.935    26.882
    57.312    23.935    26.882
    57.413    23.935    26.831
    57.513    23.626    26.730
    57.615    23.471    26.679
    58.619    23.471    26.679
    58.721    23.419    26.628
    58.821    23.265    26.475
    58.921    23.162    26.323
    59.023    22.955    26.222
    59.123    22.336    25.967
    59.224    21.820    25.917
    59.325    21.356    25.917
    59.427    20.479    25.764
    59.527    20.170    25.357
    59.627    19.654    25.357
    59.729    19.138    25.307
    59.828    18.622    25.307
    59.929    18.003    25.307
    60.030    17.951    25.307
    60.131    17.694    25.256
    60.231    16.817    25.256
    60.331    16.094    25.256
    60.433    15.578    25.409
    60.534    15.578    25.409
    60.634    15.630    25.409
    60.734    15.681    25.409
    60.834    15.785    25.357
    60.935    15.991    25.357
    61.439    15.991    25.357
    61.539    16.094    25.256
    61.640    16.197    25.256
    61.740    16.094    25.409
    61.840    16.094    25.764
    61.941    16.043    25.815
    62.041    16.043    25.866
    62.143    16.043    25.917
    62.245    15.940    25.967
    63.553    15.940    25.967
    63.654    15.991    25.866
    63.753    16.094    25.764
    63.854    16.352    25.662
    63.954    16.352    25.459
    64.055    16.352    25.053
    64.156    16.352    24.748
    64.256    16.352    24.646
    64.357    16.352    24.646
    64.458    16.507    24.544
    64.560    16.507    24.544
    64.660    16.043    24.748
    64.760    15.888    24.748
    64.861    15.888    24.748
    64.962    15.837    24.748
    65.063    15.578    24.697
    65.178    15.475    24.697
    65.279    15.424    24.646
    65.380    15.475    24.595
    65.481    15.630    24.544
    65.581    15.888    24.544
    65.681    15.940    24.544
    65.984    15.940    24.544
    66.083    15.888    24.494
    66.184    15.837    24.291
    66.284    15.578    24.036
    66.386    15.114    23.935
    66.486    14.754    23.731
    66.587    13.825    23.173
    66.688    13.257    22.868
    66.787    13.206    22.563
    66.888    12.845    22.055
    66.989    12.432    21.800
    67.089    11.658    21.800
    67.191    11.091    21.851
    67.291    10.626    22.105
    67.393    10.317    22.360
    67.492     9.801    22.410
    67.593     9.079    22.613
    67.695     8.254    22.613
    67.794     7.376    22.664
    67.895     6.758    22.868
    67.996     6.603    23.020
    68.097     5.881    23.579
    68.197     5.107    23.731
    68.297     4.282    23.884
    68.398     3.198    24.138
    68.499     2.321    24.646
    68.600     2.321    24.748
    68.700     2.373    24.799
    68.800     2.424    24.900
    68.901     2.167    25.205
    70.613     2.167    25.205
    70.714     2.012    25.205
    70.814     1.754    25.459
    70.914     1.754    25.561
    71.015     1.754    25.713
    71.116     1.754    25.866
    71.518     1.754    25.866
    71.618     1.806    25.917
    71.718     1.806    26.018
    71.820     2.012    26.222
    71.920     2.012    26.374
    72.021     2.012    26.425
    72.122     2.012    26.425
    72.223     1.806    26.120
    72.325     1.754    25.967
    72.626     1.754    25.967
    72.727     1.754    26.069
    72.827     1.754    26.120
    73.029     1.754    26.120
    73.129     1.651    26.323
    73.230     1.600    26.425
    73.431     1.600    26.425
    73.533     1.600    26.374
    73.833     1.600    26.374
    73.934     1.600    26.323
    74.135     1.600    26.323
    74.236     1.754    26.323
    74.337     1.754    26.222
    74.437     1.754    26.222
    74.538     1.754    26.171
    74.640     1.600    26.120
    74.741     1.496    26.018
    74.840     1.290    25.815
    74.941     1.084    25.662
    75.041     0.980    25.307
    75.142     0.980    25.205
    75.242     0.980    25.154
    75.343     0.980    25.053
    75.445     0.980    24.697
    75.544     0.980    24.239
    75.645     0.980    24.239
    75.745     0.980    24.189
    75.846     0.980    23.986
    75.947     0.929    23.833
    76.047     0.826    23.630
    76.148     0.826    23.223
    76.248     0.877    22.105
    76.349     0.774    21.902
    76.451     0.671    21.750
    76.551     0.722    21.546
    76.652     0.877    21.546
    76.751     0.980    21.495
    76.852     1.032    21.242
    76.952     1.032    21.089
    77.053     1.032    20.937
    77.156     1.032    20.479
    77.257     0.877    19.869
    77.357     0.722    19.463
    77.457     0.671    19.006
    77.558     0.671    18.751
    77.659     0.671    18.955
    77.759     0.671    19.056
    77.959     0.671    19.056
    78.061     0.671    18.955
    78.173     0.671    18.853
    78.575     0.671    18.853
    78.677     0.671    19.107
    78.778     0.671    19.361
    78.878     0.671    19.412
    79.079     0.671    19.412
    79.206     0.671    19.311
    79.909     0.671    19.311
    80.010     0.877    19.311
    80.111     0.877    19.311
    80.211     0.929    19.361
    80.312     1.032    19.361
    80.413     1.238    19.361
    80.513     1.290    19.361
    80.614     1.444    19.361
    80.714     1.703    19.311
    80.815     1.806    19.412
    80.915     1.806    19.412
    81.016     1.806    19.564
    81.116     2.115    19.564
    81.217     2.218    19.666
    81.318     2.115    19.666
    81.520     2.115    19.666
    81.620     2.012    19.666
    81.722     1.857    19.666
    81.921     1.857    19.666
    82.023     1.806    19.615
    82.123     1.547    19.615
    82.224     1.444    19.615
    88.159     1.444    19.615
    88.260     2.167    19.615
    88.361     2.528    19.615
    88.462     2.889    19.666
    88.563     3.611    19.463
    88.662     4.076    19.311
    88.763     4.230    19.056
    88.864     4.127    18.904
    88.964     3.920    18.701
    89.065     3.817    18.701
    89.165     3.766    18.650
    89.366     3.766    18.650
    89.467     3.869    18.498
    89.569     3.972    18.193
    89.667     4.024    18.193
    91.684     4.024    18.193
    91.785     4.076    18.193
    92.086     4.076    18.193
    92.187     4.127    18.193
    92.287     4.179    18.193
    97.924     4.179    18.193
    98.024     4.230    18.193
    98.124     4.282    18.193
    99.331     4.282    18.193
    99.433     4.385    18.193
   102.149     4.385    18.193
   102.249     4.488    18.294
   103.959     4.488    18.294
   104.060     4.900    18.294
   104.161     4.952    18.294
   104.263     5.210    18.345
   104.363     5.520    18.345
   104.464     5.571    18.294
   104.565     5.881    18.193
   104.664     6.087    18.193
   104.765     6.087    18.193
   104.865     6.242    17.837
   104.966     6.396    17.735
   105.068     6.809    17.684
   105.167     6.861    17.684
   106.576     6.861    17.684
   106.676     6.861    17.633
   110.202     6.861    17.633
   110.303     7.325    17.786
   110.405     7.376    17.786
   110.505     7.892    17.888
   110.605     8.615    18.091
   110.706     8.872    18.396
   110.807     9.543    18.751
   110.907    10.008    19.158
   111.007    10.059    19.260
   111.108    10.059    19.311
   111.208    10.265    19.717
   111.309    10.369    19.971
   111.409    10.626    20.377
   111.511    10.988    20.377
   111.612    11.607    20.784
   111.713    12.277    21.089
   111.815    13.412    22.207
   111.915    13.825    22.613
   112.015    13.876    23.020
   112.115    13.773    23.020
   112.217    13.825    23.020
   112.318    13.825    22.918
   112.418    13.773    22.766
   112.519    13.773    22.766
   112.619    13.773    22.715
   112.719    13.721    22.563
   112.821    13.721    22.360
   112.921    13.721    22.105
   113.021    13.721    22.105
   113.122    13.825    22.105
   113.222    13.980    22.156
   113.827    13.980    22.156
   113.928    14.237    22.308
   114.029    14.754    22.410
   114.129    14.754    22.563
   114.230    15.063    22.918
   114.330    15.166    23.223
   114.431    15.475    23.630
   114.532    15.475    23.986
   114.632    15.269    24.697
   114.733    15.217    25.002
   114.833    15.372    25.409
   114.933    15.424    25.561
   115.033    15.475    25.561
   115.638    15.475    25.561
   115.739    15.527    25.561
   115.839    15.527    25.561
   115.940    15.372    25.764
   116.039    15.217    25.917
   117.046    15.217    25.917
   117.148    15.011    25.917
   117.248    14.908    25.866
   117.348    14.857    25.815
   117.449    14.754    25.815
   117.549    14.701    25.815
   117.651    14.650    25.815
   117.751    14.650    25.815
   117.851    14.444    25.815
   117.951    14.083    25.815
   118.053    13.670    25.815
   118.153    12.638    25.866
   118.254    11.452    26.069
   118.355    11.452    26.069
   118.454    11.504    26.069
   118.657    11.504    26.069
   118.758    11.400    25.764
   118.859    10.781    25.154
   118.960    10.265    24.900
   119.060     9.905    24.900
   119.160     9.595    24.900
   119.262     8.976    24.799
   119.363     8.099    24.239
   119.462     8.099    24.138
   119.564     8.202    23.884
   119.664     8.099    23.528
   119.765     8.047    23.122
   119.865     7.686    22.817
   119.965     7.325    22.715
   120.066     7.325    22.715
   120.167     7.325    22.664
   120.267     7.325    22.360
   120.367     7.325    22.004
   120.468     7.222    21.953
   120.570     7.480    21.546
   120.670     7.531    21.089
   120.770     7.222    20.835
   120.871     6.912    20.073
   120.971     6.809    19.717
   121.072     6.552    19.666
   121.173     6.293    18.751
   121.275     6.036    17.989
   121.375     5.778    17.989
   121.475     5.623    17.989
   121.576     5.726    17.380
   121.877     5.726    17.380
   121.978     5.881    17.735
   122.078     5.778    17.888
   122.179     5.726    17.938
   122.281     5.778    17.938
   122.381     5.984    17.989
   122.482     6.190    18.142
   124.191     6.190    18.142
   124.291     6.448    17.786
   124.392     6.448    17.481
   124.492     6.139    17.735
   124.594     6.345    17.786
   124.695     6.500    17.786
   124.795     6.655    17.786
   124.896     6.809    17.786
   124.995     6.964    17.786
   125.297     6.964    17.786
   125.399     6.809    17.633
   125.498     6.809    17.633
   125.600     6.758    17.633
   125.901     6.758    17.633
   126.002     6.758    17.430
   126.102     6.758    17.227
   126.202     6.758    17.176
   126.303     6.758    17.176
   126.406     7.016    17.075
   126.707     7.016    17.075
   126.808     7.016    17.125
   127.814     7.016    17.125
   127.913     7.067    17.125
   128.014     7.067    17.024
   128.317     7.067    17.024
   128.417     7.067    16.973
   128.518     7.016    16.668
   128.618     7.016    16.414
   128.718     7.067    16.262
   128.819     7.119    15.855
   129.021     7.119    15.855
   129.121     7.119    15.906
   129.423     7.119    15.906
   129.525     7.170    15.855
   129.624     7.170    15.855
   129.725     7.170    15.702
   129.825     7.170    15.397
   129.926     7.222    15.245
   130.027     7.376    15.245
   130.128     7.376    15.245
   130.229     7.376    14.839
   130.328     7.376    14.788
   130.430     7.429    14.737
   130.731     7.429    14.737
   130.831     7.429    14.686
   130.932     7.429    14.686
   131.032     7.429    14.636
   131.134     7.429    14.483
   131.235     7.429    14.432
   131.334     7.325    14.432
   131.435     7.222    14.331
   131.535     7.016    14.076
   131.636     6.861    13.975
   131.737     6.706    13.873
   131.837     6.603    13.771
   131.938     6.552    13.670
   132.038     6.552    13.619
   132.139     6.552    13.518
   132.341     6.552    13.518
   132.442     6.448    13.518
   132.542     6.448    13.518
   132.643     6.345    13.619
   132.742     6.190    13.619
   133.044     6.190    13.619
   133.145     6.087    13.568
   133.246     6.036    13.568
   133.347     6.190    13.568
   133.548     6.190    13.568
   133.649     6.345    13.670
   133.748     6.396    13.721
   133.849     6.396    13.721
   133.949     6.603    13.873
   134.556     6.603    13.873
   134.656     6.603    13.924
   134.957     6.603    13.924
   135.058     6.603    14.026
   136.164     6.603    14.026
   136.265     6.396    14.026
   136.366     6.242    13.975
   136.467     6.293    13.822
   136.567     6.345    13.721
   136.767     6.345    13.721
   136.868     6.345    13.619
   136.969     6.345    13.619
   137.070     6.396    13.518
   137.170     6.448    13.518
   138.478     6.448    13.518
   138.579     6.500    13.518
   139.685     6.500    13.518
   139.786     6.552    13.518
   143.308     6.552    13.518
   143.409     6.396    13.518
   144.213     6.396    13.518
   144.314     6.345    13.518
   144.414     6.242    13.416
   144.516     6.190    13.416
   144.717     6.190    13.416
   144.819     6.396    13.416
   145.524     6.396    13.416
   145.623     6.655    13.416
   145.725     6.655    13.365
   145.925     6.655    13.365
   146.026     6.912    13.365
   146.328     6.912    13.365
   146.428     7.119    13.314
   146.529     7.170    13.213
   146.630     7.480    13.162
   146.730     8.099    13.060
   146.831     8.254    13.009
   146.931     8.409    12.908
   147.032     8.409    12.857
   147.132     8.409    12.857
   147.234     8.409    12.704
   147.334     8.357    12.603
   147.435     8.357    12.501
   147.535     8.357    12.501
   147.636     8.357    12.298
   147.738     8.357    11.942
   147.837     8.357    11.739
   147.938     8.357    11.434
   148.038     8.409    11.383
   148.139     8.409    11.332
   148.240     8.409    11.027
   148.340     8.460    10.773
   148.442     8.512    10.469
   148.542     8.512    10.214
   148.642     8.563     9.808
   148.743     8.615     9.554
   148.844     8.821     9.198
   148.944     9.079     8.995
   149.044     9.131     8.995
   149.851     9.131     8.995
   149.950     9.234     8.995
   150.051     9.389     8.944
   150.454     9.389     8.944
   150.555     9.440     8.791
   150.656     9.595     8.538
   150.755     9.595     8.538
   150.856     9.801     8.334
   150.956     9.905     8.182
   151.258     9.905     8.182
   151.360    10.059     8.080
   151.460    10.111     8.080
   151.561    10.162     8.029
   151.661    10.265     7.826
   151.762    10.317     7.826
   152.063    10.317     7.826
   152.163    10.369     7.826
   152.567    10.369     7.826
   152.667    10.420     7.826
   153.472    10.420     7.826
   153.572    10.214     7.775
   153.673     9.956     7.725
   153.773     9.956     7.725
   153.873     9.956     7.673
   153.973     9.905     7.623
   154.073     9.852     7.623
   154.175     9.646     7.623
   154.276     9.440     7.521
   154.376     9.337     7.369
   154.478     9.285     7.318
   154.578     9.285     7.115
   154.679     9.285     7.013
   154.780     9.285     6.911
   154.880     9.285     6.911
   154.981     9.285     6.860
   155.282     9.285     6.860
   155.383     9.234     6.860
   155.585     9.234     6.860
   155.685     9.131     7.115
   155.785     9.028     7.420
   155.986     9.028     7.420
   156.086     9.079     7.420
   156.187     9.285     7.165
   156.791     9.285     7.165
   156.892     9.337     7.165
   156.992     9.389     7.165
   157.093     9.389     7.165
   157.196     9.492     7.165
   157.296     9.595     7.165
   157.397     9.646     7.165
   157.497     9.698     7.165
   157.599     9.749     7.165
   157.699     9.749     7.115
   157.798     9.956     7.115
   157.900    10.059     7.115
   157.999    10.059     7.064
   158.101    10.162     7.013
   158.201    10.214     6.962
   158.302    10.472     6.962
   158.605    10.472     6.962
   158.705    10.575     6.962
   159.107    10.575     6.962
   159.206    10.626     7.013
   159.308    10.626     7.013
   159.408    10.833     6.962
   159.509    10.988     6.962
   159.710    10.988     6.962
   159.811    11.039     6.962
   159.911    11.142     6.911
   160.012    11.194     6.860
   160.113    11.297     6.860
   160.214    11.658     6.860
   160.315    12.071     6.860
   160.415    12.071     6.860
   160.516    11.916     6.860
   160.616    11.916     6.860
   160.717    12.071     6.860
   160.817    12.174     6.810
   161.019    12.174     6.810
   161.118    12.484     6.708
   161.321    12.484     6.708
   161.421    12.638     6.708
   161.523    13.154     6.708
   161.622    13.154     6.708
   161.723    13.206     6.708
   161.824    13.257     6.708
   161.924    13.412     6.657
   162.025    13.515     6.607
   162.125    13.670     6.555
   162.225    13.670     6.505
   162.327    13.980     6.403
   162.428    14.031     6.403
   163.132    14.031     6.403
   163.233    14.237     6.302
   163.333    15.063     6.098
   163.535    15.063     6.098
   163.635    15.166     5.997
   163.735    15.321     5.895
   163.837    15.372     5.794
   163.937    15.527     5.794
   164.036    16.043     5.794
   164.137    16.146     5.844
   164.239    16.146     5.844
   164.339    16.507     5.895
   164.440    16.714     6.200
   164.540    16.714     6.302
   164.641    16.714     6.352
   165.346    16.714     6.352
   165.447    16.817     6.352
   165.547    16.817     6.352
   165.648    16.868     6.352
   165.749    17.023     6.505
   165.849    17.074     6.555
   167.056    17.074     6.555
   167.156    17.230     6.555
   167.257    17.436     6.555
   167.359    17.694     6.555
   167.560    17.694     6.555
   167.660    17.745     6.607
   167.761    17.900     6.607
   167.862    18.003     6.607
   167.962    18.622     6.607
   168.062    18.983     6.607
   168.163    19.035     6.607
   168.264    19.035     6.505
   168.365    19.138     6.454
   168.465    19.396     6.352
   168.566    19.602     6.251
   169.068    19.602     6.251
   169.169    19.602     6.200
   169.270    19.602     6.200
   169.370    19.602     5.997
   169.471    19.602     5.946
   169.773    19.602     5.946
   169.873    19.706     5.844
   169.974    19.706     5.844
   170.075    19.654     5.794
   170.176    19.396     6.149
   170.780    19.396     6.149
   170.879    19.912     6.047
   170.981    20.015     6.047
   171.081    20.118     6.047
   171.181    20.118     5.895
   171.282    20.118     5.895
   171.383    20.170     5.895
   171.484    20.221     5.895
   171.584    20.221     5.895
   171.685    20.273     5.895
   171.785    20.324     5.946
   171.886    20.376     6.047
   171.987    20.376     6.047
   172.086    20.427     6.200
   172.188    20.582     6.403
   172.288    20.737     6.607
   172.389    20.789     6.657
   172.490    21.098     6.911
   172.590    21.459     6.962
   172.691    21.614     7.064
   172.790    21.666     7.064
   172.891    21.820     6.962
   172.991    21.872     6.962
   173.093    21.975     6.962
   173.193    22.233     6.911
   173.293    22.233     6.911
   173.395    22.285     7.064
   173.495    22.285     7.165
   173.596    22.285     7.216
   173.697    22.285     7.318
   173.898    22.285     7.318
   173.997    22.285     7.369
   174.098    22.233     7.572
   174.198    22.233     7.775
   174.299    22.233     7.826
   174.401    22.233     7.826
   174.501    22.181     8.029
   174.602    22.181     8.283
   174.702    22.181     8.385
   174.803    22.130     8.588
   174.904    22.130     8.690
   175.307    22.130     8.690
   175.407    22.233     8.944
   175.508    22.233     8.995
   175.609    22.233     8.995
   175.710    22.233     9.300
   175.810    22.181     9.909
   175.910    22.181    10.062
   176.011    22.336    10.316
   176.111    22.336    10.621
   176.212    22.336    11.078
   176.313    22.388    11.332
   176.413    22.388    11.383
   176.514    22.388    11.535
   176.615    22.388    11.587
   176.715    22.388    11.637
   177.017    22.388    11.637
   177.117    22.130    11.840
   177.218    21.872    12.095
   177.320    21.975    12.400
   177.420    22.026    12.653
   177.622    22.026    12.653
   177.723    22.026    12.603
   177.823    22.026    12.603
   177.924    22.026    12.552
   178.125    22.026    12.552
   178.226    22.078    12.755
   178.326    22.130    12.806
   178.427    22.130    12.806
   178.528    21.923    12.704
   179.231    21.923    12.704
   179.332    22.026    12.704
   179.433    22.439    12.755
   179.533    22.852    12.806
   179.634    23.059    12.857
   179.735    23.059    12.857
   179.837    23.368    12.908
   179.939    23.832    12.958
   180.038    23.883    12.958
   180.139    24.090    12.958
   180.240    24.296    12.958
   180.340    24.812    12.857
   180.443    25.379    12.653
   180.543    25.895    12.552
   180.644    26.153    12.501
   180.744    26.205    12.349
   180.845    26.308    12.298
   180.948    26.515    12.349
   181.048    26.772    12.501
   181.149    27.443    12.552
   181.249    27.701    12.653
   181.350    27.804    12.857
   181.449    28.011    13.213
   181.551    28.526    13.365
   181.652    28.629    13.416
   181.751    28.629    13.416
   181.855    28.629    13.619
   181.957    28.681    14.026
   182.058    28.681    14.280
   182.158    28.835    14.483
   182.258    29.145    14.737
   182.360    29.403    14.940
   182.460    29.506    15.144
   182.561    29.609    15.499
   182.661    29.764    15.906
   182.762    30.177    16.414
   182.863    30.435    16.820
   182.962    30.899    17.024
   183.064    31.260    17.125
   183.163    31.570    17.278
   183.265    32.395    17.380
   183.365    32.963    17.380
   183.466    33.375    17.430
   183.567    33.684    17.430
   183.667    34.252    17.329
   184.170    34.252    17.329
   184.271    34.097    17.329
   184.371    34.097    17.430
   184.472    34.046    17.684
   184.573    33.943    17.989
   184.672    33.943    18.294
   184.774    33.943    18.446
   184.874    33.994    18.599
   184.974    34.046    18.802
   185.075    34.149    19.107
   185.176    34.149    19.361
   185.278    34.149    19.514
   185.378    34.304    19.768
   185.479    34.355    19.920
   185.579    34.458    20.124
   185.680    34.458    20.429
   185.781    34.407    20.733
   185.880    34.407    20.987
   185.982    34.458    21.191
   186.082    34.458    21.343
   186.182    34.458    21.495
   186.283    34.458    21.597
   186.485    34.458    21.597
   186.585    34.458    21.648
   186.686    34.304    22.004
   186.786    34.252    22.207
   186.886    34.200    22.461
   186.987    34.200    22.664
   187.088    34.200    22.766
   187.189    34.252    22.766
   187.491    34.252    22.766
   187.592    34.252    22.817
   187.692    34.304    22.817
   188.397    34.304    22.817
   188.497    34.355    23.020
   188.598    34.304    23.173
   188.699    34.252    23.376
   188.799    34.252    23.528
   188.900    34.252    23.579
   189.301    34.252    23.579
   189.403    34.304    23.579
   189.603    34.304    23.579
   189.704    34.510    23.630
   189.805    34.768    23.782
   189.906    34.768    24.036
   190.005    34.768    24.087
   190.106    34.768    24.087
   190.206    34.768    24.239
   190.308    34.768    24.392
   190.407    34.768    24.595
   190.509    34.768    24.646
   190.610    34.768    24.646
   190.709    34.768    24.748
   190.810    34.768    24.849
   190.910    34.768    24.849
   191.011    34.871    24.900
   191.112    34.974    24.951
   191.212    35.077    25.104
   191.314    35.129    25.205
   191.414    35.129    25.307
   191.515    35.129    25.459
   191.615    35.129    25.612
   191.715    35.129    25.815
   191.817    35.129    25.815
   191.916    35.129    25.866
   192.017    35.129    25.967
   192.117    35.129    26.069
   192.219    35.180    26.069
   192.320    35.232    26.120
   192.422    35.232    26.120
   192.522    35.284    26.120
   193.125    35.284    26.120
   193.250    35.284    26.171
   194.433    35.284    26.171
   194.533    35.077    26.222
   194.635    34.974    26.272
   194.736    34.974    26.272
   194.835    34.871    26.323
   194.937    34.768    26.323
   195.036    34.613    26.374
   195.137    34.304    26.577
   195.239    34.046    26.577
   195.338    33.994    26.577
   195.440    33.840    26.577
   195.540    33.840    26.577
   195.641    33.633    26.679
   195.740    33.478    26.679
   195.841    33.375    26.679
   195.943    32.704    26.780
   196.043    32.292    26.780
   196.144    32.137    26.780
   196.243    32.085    26.780
   196.344    32.034    26.780
   196.445    32.034    26.780
   196.545    32.034    26.831
   196.646    31.982    26.831
   196.746    31.879    26.831
   196.847    31.879    26.831
   196.948    31.828    26.831
   197.048    31.208    27.085
   197.149    31.002    27.085
   197.252    30.899    27.085
   197.355    30.383    27.085
   197.455    29.919    27.136
   197.556    29.609    27.136
   197.656    29.558    27.136
   197.756    29.506    27.136
   197.857    29.455    27.136
   197.957    29.351    27.085
   198.059    29.197    27.085
   198.158    29.145    27.085
   198.360    29.145    27.085
   198.461    28.991    27.085
   198.562    28.835    27.085
   198.662    27.959    27.085
   198.762    27.082    27.035
   198.863    26.875    27.035
   198.965    26.411    27.035
   199.266    26.411    27.035
   199.367    26.308    27.035
   199.468    26.205    27.035
   199.568    25.999    27.085
   202.386    25.999    27.085
   202.487    25.431    27.085
   202.587    25.431    27.085
   202.688    25.019    27.136
   202.787    24.864    27.136
   202.888    24.657    27.136
   202.989    24.296    27.238
   203.089    24.245    27.238
   203.291    24.245    27.238
   203.391    23.935    27.288
   203.493    23.883    27.288
   203.593    23.883    27.288
   203.696    23.419    27.390
   203.901    23.419    27.390
   204.000    23.316    27.390
   204.101    23.162    27.441
   204.202    22.800    27.441
   204.302    22.697    27.441
   204.403    22.542    27.441
   204.503    22.181    27.441
   204.605    22.078    27.441
   204.906    22.078    27.441
   205.006    22.026    27.441
   205.107    22.026    27.441
   205.207    21.872    27.441
   205.309    21.666    27.441
   205.510    21.666    27.441
   205.610    21.459    27.441
   205.710    21.356    27.441
   205.812    21.304    27.441
   205.912    21.201    27.441
   206.013    21.098    27.441
   206.214    21.098    27.441
   206.315    20.840    27.441
   206.415    20.789    27.441
   206.516    20.686    27.441
   206.617    20.582    27.441
   206.717    20.479    27.441
   206.819    19.963    27.492
   206.918    19.912    27.492
   209.434    19.912    27.492
   209.534    19.654    27.492
   209.735    19.654    27.492
   209.835    19.550    27.492
   210.440    19.550    27.492
   210.539    19.241    27.644
   210.641    19.138    27.695
   213.367    19.138    27.695
   213.468    18.828    27.848
   213.770    18.828    27.848
   213.870    18.777    27.848
   213.970    18.777    27.848
   214.072    18.725    27.848
   214.373    18.725    27.848
   214.474    18.828    27.746
   214.877    18.828    27.746
   214.979    18.725    27.695
   215.079    18.622    27.695
   215.180    18.570    27.695
   215.583    18.570    27.695
   215.684    18.828    27.593
   215.884    18.828    27.593
   215.985    18.880    27.543
   216.084    18.983    27.390
   216.186    19.086    27.390
   216.286    19.190    27.390
   216.387    19.344    27.390
   216.990    19.344    27.390
   217.091    19.447    27.390
   217.294    19.447    27.390
   217.395    19.499    27.390
   217.797    19.499    27.390
   217.898    19.550    27.390
   218.502    19.550    27.390
   218.604    19.706    27.441
   218.804    19.706    27.441
   218.905    19.757    27.441
   219.005    19.757    27.441
   219.106    19.809    27.441
   219.509    19.809    27.441
   219.609    19.499    27.492
   219.709    19.447    27.543
   220.715    19.447    27.543
   220.816    19.190    27.797
   221.520    19.190    27.797
   221.620    19.086    27.797
   221.721    18.931    27.797
   222.527    18.931    27.797
   222.628    18.725    28.203
   222.729    18.674    28.254
   222.929    18.674    28.254
   223.030    18.622    28.356
   224.035    18.622    28.356
   224.135    18.622    28.610
   224.237    18.622    28.712
   224.337    18.622    28.762
   224.438    18.570    28.762
   224.538    18.570    28.762
   224.641    18.570    28.915
   224.740    18.570    29.067
   224.842    18.570    29.169
   224.942    18.519    29.271
   225.042    18.519    29.321
   225.143    18.519    29.372
   225.242    18.519    29.372
   225.344    18.519    29.474
   225.445    18.519    29.677
   225.545    18.519    29.728
   225.848    18.519    29.728
   225.949    18.313    29.728
   226.048    18.261    29.728
   226.752    18.261    29.728
   226.853    18.261    29.677
   227.959    18.261    29.677
   228.061    18.364    29.880
   228.162    18.416    29.931
   228.463    18.416    29.931
   228.564    18.416    30.033
   228.664    18.416    30.084
   228.765    18.416    30.135
   228.967    18.416    30.135
   229.067    18.416    30.185
   229.167    18.416    30.287
   229.268    18.467    30.439
   229.368    18.467    30.541
   229.469    18.467    30.592
   229.570    18.467    30.592
   229.671    18.467    30.541
   229.771    18.467    30.541
   229.871    18.570    30.541
   230.778    18.570    30.541
   230.878    18.570    30.693
   230.979    18.570    30.744
   231.281    18.570    30.744
   231.381    18.570    30.693
   231.483    18.570    30.643
   231.884    18.570    30.643
   231.984    18.570    30.490
   232.084    18.570    30.135
   232.186    18.570    29.423
   232.287    18.622    28.102
   232.387    18.622    26.425
   232.488    18.674    24.900
   232.588    18.674    24.900
   231.984    18.570    30.490
