     4.352     3.302     8.283
   509.573     3.302     8.283
   509.673     2.889     8.588
   510.076     2.889     8.588
   510.176     2.683     8.842
   510.880     2.683     8.842
   510.981     2.683     8.741
   511.081     2.683     8.639
   511.283     2.683     8.639
   511.384     2.683     8.588
   511.485     2.683     8.588
   511.585     2.734     8.588
   511.684     2.786     8.588
   511.786     2.786     8.588
   511.885     3.044     8.538
   511.986     3.095     8.538
   512.087     3.095     8.538
   512.188     3.198     8.538
   513.496     3.198     8.538
   513.597     3.198     8.588
   532.012     3.198     8.588
   532.137     3.198     8.639
   532.414     3.198     8.639
   532.516     3.198     8.690
   532.617     3.250     8.690
  1090.837     3.250     8.690
  1090.937     3.508     8.842
  1091.037     3.250     9.046
  1110.255     3.250     9.046
  1110.357     2.940     9.554
  1174.447     2.940     9.554
  1174.547     2.940     9.452
  1174.648     2.940     9.452
  1174.748     2.940     9.351
  1174.849     2.992     9.351
  1174.949     3.044     9.300
  1175.049     3.044     9.198
  1175.151     3.095     9.046
  1175.251     3.147     8.944
  1175.452     3.147     8.944
  1175.552     3.095     8.944
  1212.617     3.095     8.944
  1212.718     3.095     9.096
  1213.019     3.095     9.096
  1213.119     3.095     9.198
  1225.293     3.095     9.198
  1225.394     3.044     9.198
  1225.596     3.044     9.198
  1225.697     3.044     9.249
  1226.209     3.044     9.249
  1226.310     2.992     9.300
  1226.410     2.992     9.300
  1226.511     2.992     9.351
  1270.375     2.992     9.351
  1270.476     2.889     9.351
  1270.678     2.889     9.351
  1270.779     2.786     9.300
  1308.710     2.786     9.300
  1308.811     2.734     9.351
  1309.716     2.734     9.351
  1309.816     2.734     9.401
  1310.017     2.734     9.401
  1310.117     2.683     9.401
  1310.218     2.631     9.401
  1311.023     2.631     9.401
  1311.123     2.631     9.452
  1311.224     2.631     9.503
  1450.026     2.631     9.503
  1450.127     2.889     9.503
  1450.229     3.044     9.503
  1450.329     3.095     9.503
  1450.429     3.095     9.503
  1450.529     3.147     9.503
  1455.258     3.147     9.503
  1455.359     3.095     9.554
  1455.561     3.095     9.554
  1455.661     3.044     9.554
  1455.964     3.044     9.554
  1456.065     2.940     9.554
  1476.391     2.940     9.554
  1476.492     2.889     9.554
  1476.592     2.786     9.604
  1476.693     2.734     9.656
  1476.993     2.734     9.656
  1477.095     2.683     9.706
  1479.711     2.683     9.706
  1479.813     3.095     9.706
  1480.013     3.095     9.706
  1480.113     3.198     9.757
  1480.214     3.198     9.808
  1480.315     3.198     9.859
  1480.415     3.198     9.960
  1485.947     3.198     9.960
  1486.049     3.095     9.909
  1486.149     3.044     9.909
  1486.249     2.992     9.859
  1486.351     2.992     9.808
  1486.451     2.992     9.808
  1486.552     2.992     9.757
  1490.878     2.992     9.757
  1490.979     2.889     9.859
  1497.016     2.889     9.859
  1497.116     2.889     9.757
  1497.218     2.889     9.757
  1497.318     2.889     9.656
  1630.642     2.889     9.656
  1630.742     2.321     9.808
  1631.145     2.321     9.808
  1631.245     2.373     9.808
  1631.346     2.580     9.808
  1631.446     2.683     9.757
  1631.547     2.683     9.757
  1631.648     2.528     9.757
  2734.552     2.528     9.757
  2734.652     2.476     9.300
  2735.054     2.476     9.300
  2735.155     2.476     9.351
  2735.255     2.476     9.351
  2735.356     2.476     9.554
  3436.832     2.476     9.554
  3436.932     2.683     9.706
  3437.234     2.683     9.706
  3437.336     2.683     9.808
  3437.435     2.683     9.808
  3437.536     2.631     9.808
  3438.039     2.631     9.808
  3438.139     2.528     9.808
  3441.157     2.528     9.808
  3441.257     2.580     9.808
  3441.359     2.580     9.757
  3451.317     2.580     9.757
  3451.418     2.631     9.757
  3451.518     2.631     9.757
  3451.619     2.683     9.757
  3451.819     2.683     9.757
  3451.919     2.683     9.808
  3452.324     2.683     9.808
  3452.424     2.734     9.808
  3452.525     2.786     9.808
  3453.127     2.786     9.808
  3453.229     2.837     9.808
  3453.630     2.837     9.808
  3453.731     2.889     9.808
  3461.889     2.889     9.808
  3461.990     2.786     9.808
  3462.091     2.786     9.808
  3462.192     2.786     9.757
  3462.694     2.786     9.757
  3462.794     2.734     9.757
  3462.895     2.734     9.757
  3462.996     2.631     9.757
  3463.096     2.631     9.706
  3463.399     2.631     9.706
  3463.500     2.631     9.656
  3463.599     2.631     9.656
  3463.701     2.631     9.604
  3469.336     2.631     9.604
  3469.435     2.580     9.401
  3469.636     2.580     9.401
  3469.738     2.476     9.452
  3469.837     2.424     9.452
  3469.938     2.373     9.452
  3470.140     2.373     9.452
  3470.241     2.373     9.401
  3470.642     2.373     9.401
  3470.743     2.321     9.401
  3470.843     2.321     9.401
  3470.944     2.270     9.401
  3471.648     2.270     9.401
  3471.749     2.218     9.401
  3471.849     2.218     9.401
  3471.950     2.064     9.401
  3475.272     2.064     9.401
  3475.373     2.115     9.503
  3475.673     2.115     9.503
  3475.774     2.218     9.503
  3475.875     2.270     9.503
  3475.975     2.424     9.604
  3476.076     2.528     9.656
  3476.176     2.631     9.656
  3476.278     2.683     9.656
  3476.377     2.786     9.604
  3476.479     2.889     9.604
  3476.580     2.889     9.656
  3476.780     2.889     9.656
  3476.881     2.940     9.656
  3476.983     2.940     9.656
  3477.083     2.940     9.757
  3477.385     2.940     9.757
  3477.486     2.992     9.757
  3479.095     2.992     9.757
  3479.195     3.095     9.757
  3479.296     3.198     9.757
  3479.497     3.198     9.757
  3479.599     3.198     9.706
  3479.901     3.198     9.706
  3480.001     3.250     9.706
  3480.405     3.250     9.706
  3480.505     3.302     9.757
  3480.806     3.302     9.757
  3480.907     3.302     9.808
  3481.309     3.302     9.808
  3481.410     3.302     9.859
  3481.511     3.302     9.859
  3481.612     3.405     9.909
  3488.252     3.405     9.909
  3488.351     3.353     9.909
  3488.453     3.353     9.909
  3488.552     3.302     9.909
  3488.753     3.302     9.909
  3488.854     3.250     9.909
  3644.909     3.250     9.909
  3645.009     3.250     9.859
  3645.211     3.250     9.859
  3645.312     3.147     9.909
  3645.413     3.095     9.960
  3645.613     3.095     9.960
  3645.713     3.044     9.960
  3645.915     3.044     9.960
  3646.015     3.044     9.909
  3978.280     3.044     9.909
  3978.380     3.095     9.757
  3978.481     3.095     9.656
  4266.575     3.095     9.656
  4266.676     4.591    10.570
  4267.682     4.591    10.570
  4267.783     4.076    10.469
  4267.884     3.869    10.265
  4267.984     3.560    10.113
  4268.084     2.889     9.757
  4268.186     2.889     9.757
  4268.287     2.940     9.757
  4268.387     2.992     9.757
  4268.488     3.044     9.757
  4446.275     3.044     9.757
  4446.375     3.044     9.859
  4446.777     3.044     9.859
  4446.878     3.147     9.859
  4446.979     3.198     9.859
  4447.079     3.198     9.909
  4447.483     3.198     9.909
  4447.583     3.198    10.011
  4449.996     3.198    10.011
  4450.097     3.095    10.011
  4450.499     3.095    10.011
  4450.600     3.095     9.960
  4451.002     3.095     9.960
  4451.102     2.992     9.960
  4451.304     2.992     9.960
  4451.405     2.992     9.909
  4451.505     2.992     9.859
  4451.606     2.992     9.808
  4465.692     2.992     9.808
  4465.791     2.992     9.909
  4465.894     3.044     9.909
  4465.994     3.044     9.909
  4466.094     3.044     9.960
  4466.195     3.044     9.960
  4466.295     3.095     9.960
  4487.927     3.095     9.960
  4488.029     3.147     9.859
  4488.230     3.147     9.859
  4488.330     3.147     9.808
  4488.430     3.147     9.757
  4489.237     3.147     9.757
  4489.337     3.095     9.706
  4489.437     3.095     9.706
  4489.538     3.044     9.706
  4489.639     3.044     9.656
  4553.223     3.044     9.656
  4553.323     2.992     9.656
  4553.928     2.992     9.656
  4554.029     2.992     9.706
  4554.128     2.940     9.706
  4554.230     2.940     9.706
  4554.330     2.889     9.706
  4554.733     2.889     9.706
  4554.833     2.889     9.757
  4554.934     2.889     9.757
  4555.033     2.837     9.757
  4555.738     2.837     9.757
  4555.839     2.734     9.859
  5378.584     2.734     9.859
  5378.686     2.734     9.808
  5378.785     2.786     9.706
  5378.887     2.786     9.604
  5378.987     2.786     9.503
  5379.187     2.786     9.503
  5379.289     2.734     9.554
  5500.327     2.734     9.554
