     0.204    19.293     6.911
     0.306    20.479     8.131
     0.407    20.170     8.233
     0.508    19.860     8.690
     0.609    19.706     8.893
     0.709    19.706     8.893
     0.812    15.940    10.011
    25.008    15.940    10.011
    25.110    16.043    10.011
    25.211    16.249    10.011
    25.412    16.249    10.011
    25.512    16.249    10.113
    25.813    16.249    10.113
    25.915    16.094    10.164
    26.015    16.043    10.164
    38.395    16.043    10.164
    38.496    16.094    10.214
    38.597    16.146    10.265
    48.162    16.146    10.265
    48.262    16.197    10.265
    48.363    16.249    10.265
    48.465    16.301    10.265
    48.564    16.352    10.164
    53.399    16.352    10.164
    53.500    16.352    10.011
    53.600    16.404    10.011
    53.700    16.456    10.011
    54.406    16.456    10.011
    54.507    16.507    10.011
    54.606    16.559    10.062
    54.708    16.610    10.062
    54.808    16.662    10.062
    54.908    16.714    10.062
    55.009    16.765    10.062
    55.110    16.868    10.011
    57.123    16.868    10.011
    57.223    16.971    10.011
    57.324    16.971    10.011
    57.424    17.023    10.011
    57.524    17.023    10.011
    57.626    17.074    10.011
    57.826    17.074    10.011
    57.927    17.126    10.011
    58.028    17.126    10.011
    58.130    17.177    10.011
    58.231    17.177    10.011
    58.332    17.177    10.062
    58.430    17.177    10.164
    58.732    17.177    10.164
    58.834    17.126    10.214
    58.934    17.126    10.214
    59.035    17.074    10.265
    60.040    17.074    10.265
    60.141    17.126    10.265
    60.242    17.126    10.265
    60.342    17.177    10.265
    60.543    17.177    10.265
    60.644    17.230    10.265
    61.249    17.230    10.265
    61.348    17.333    10.316
    61.449    17.384    10.469
    61.550    17.436    10.469
    61.650    17.436    10.469
    61.750    17.436    10.570
    61.851    17.436    10.773
    61.952    17.436    10.977
    62.052    17.436    11.027
    62.154    17.487    11.027
    63.058    17.487    11.027
    63.159    17.487    11.129
    63.261    17.487    11.282
    63.360    17.487    11.332
    63.460    17.487    11.383
    63.560    17.487    11.485
    63.661    17.487    11.587
    63.761    17.487    11.587
    63.862    17.384    11.587
    64.064    17.384    11.587
    64.166    17.333    11.587
    64.266    17.126    11.840
    64.367    17.023    11.993
    64.467    17.023    12.044
    66.783    17.023    12.044
    66.884    17.074    12.044
    66.984    17.074    12.044
    67.085    17.126    12.044
    67.185    17.126    12.044
    67.286    17.177    12.044
    67.386    17.230    12.044
    67.487    17.281    12.044
    73.828    17.281    12.044
    73.928    17.177    12.044
    74.029    17.126    12.044
    74.130    17.074    12.095
    95.180    17.074    12.095
    95.280    17.230    12.095
    95.683    17.230    12.095
    95.784    17.281    12.095
    95.884    17.281    12.095
    95.984    17.333    12.095
    96.085    17.384    12.095
    98.703    17.384    12.095
    98.803    17.384    12.044
    98.905    17.281    11.942
    99.006    17.074    11.942
    99.106    16.868    11.942
    99.207    16.714    11.942
    99.306    16.610    11.891
    99.407    16.610    11.891
    99.508    16.610    11.790
    99.609    16.559    11.790
    99.710    16.559    11.739
    99.810    16.507    11.739
   101.422    16.507    11.739
   101.521    16.507    11.688
   101.623    16.456    11.688
   102.529    16.456    11.688
   102.629    16.404    11.688
   102.730    16.404    11.637
   102.831    16.352    11.637
   133.054    16.352    11.637
   133.156    16.249    11.535
   133.459    16.249    11.535
   133.559    16.249    11.485
   133.659    16.197    11.434
   133.759    16.146    11.434
   133.860    16.094    11.434
   135.973    16.094    11.434
   136.074    16.094    11.383
   136.174    16.043    11.383
   136.276    16.043    11.332
   136.377    16.043    11.332
   136.476    16.043    11.282
   136.678    16.043    11.282
   136.779    16.043    11.231
   136.879    16.043    11.078
   136.979    16.043    10.926
   137.281    16.043    10.926
   137.381    15.940    10.875
   137.483    15.785    10.875
   137.583    15.681    10.824
   137.684    15.630    10.773
   137.785    15.578    10.722
   137.885    15.578    10.672
   138.389    15.578    10.672
   138.490    15.527    10.672
   138.891    15.527    10.672
   138.993    15.475    10.672
   139.092    15.475    10.672
   139.193    15.424    10.672
   139.294    15.424    10.672
   139.394    15.269    10.672
   139.495    15.217    10.722
   139.595    15.166    10.722
   139.696    15.114    10.722
   139.796    15.114    10.773
   139.897    15.011    10.824
   141.407    15.011    10.824
   141.507    15.011    10.926
   141.609    15.011    11.027
   141.709    15.063    11.027
   141.809    15.063    11.129
   141.910    15.063    11.129
   142.011    15.114    11.129
   142.112    15.114    11.231
   142.212    15.114    11.332
   142.313    15.114    11.383
   144.527    15.114    11.383
   144.627    15.114    11.332
   147.444    15.114    11.332
   147.544    15.114    11.282
   147.644    15.114    11.231
   147.746    15.114    11.180
   147.846    15.114    11.129
   149.759    15.114    11.129
   149.860    15.063    11.129
   152.778    15.063    11.129
   152.878    15.011    11.129
   153.081    15.011    11.129
   153.181    14.960    11.129
   153.282    14.960    11.180
   153.382    14.908    11.231
   153.483    14.908    11.282
   153.885    14.908    11.282
   153.986    14.960    11.282
   154.086    15.011    11.282
   154.791    15.011    11.282
   154.891    14.960    11.332
   154.992    14.960    11.332
   155.092    14.908    11.332
   175.826    14.908    11.332
   175.926    14.857    11.332
   176.027    14.805    11.282
   176.128    14.754    11.180
   176.229    14.754    11.129
   176.330    14.754    11.078
   176.429    14.754    11.027
   176.532    14.754    10.977
   177.845    14.754    10.977
   177.947    14.650    10.977
   178.046    14.598    11.027
   178.148    14.598    11.078
   178.248    14.547    11.129
   178.349    14.547    11.180
   178.862    14.547    11.180
   178.962    14.547    11.231
   179.063    14.547    11.282
   179.165    14.547    11.332
   179.566    14.547    11.332
   179.667    14.495    11.332
   179.767    14.495    11.332
   179.869    14.444    11.332
   180.171    14.444    11.332
   180.271    14.444    11.383
   180.372    14.444    11.383
   180.471    14.444    11.434
   180.572    14.444    11.434
   180.672    14.444    11.485
   180.773    14.444    11.535
   180.874    14.444    11.587
   181.076    14.444    11.587
   181.176    14.444    11.637
   181.277    14.444    11.688
   181.377    14.444    11.739
   181.477    14.495    11.739
   181.780    14.495    11.739
   181.879    14.495    11.840
   181.981    14.547    11.891
   182.082    14.598    11.942
   182.183    14.650    11.993
   182.284    14.754    12.044
   182.383    14.805    12.044
   182.485    14.908    12.095
   182.585    14.908    12.247
   182.687    14.908    12.400
   182.787    14.960    12.501
   182.887    15.011    12.806
   183.190    15.011    12.806
   183.291    15.166    12.857
   183.391    15.269    12.908
   183.492    15.321    12.908
   183.592    15.321    12.958
   183.692    15.321    13.009
   183.793    15.321    13.162
   183.893    15.372    13.263
   183.995    15.424    13.314
   185.103    15.424    13.314
   185.205    15.475    13.314
   186.008    15.475    13.314
   186.121    15.527    13.314
   186.221    15.578    13.314
   186.322    15.578    13.314
   186.421    15.681    13.314
   186.523    15.734    13.365
   186.623    15.785    13.416
   186.724    15.888    13.416
   186.825    15.991    13.466
   186.925    15.991    13.466
   187.026    16.043    13.466
   187.126    16.043    13.466
   187.227    16.094    13.518
   189.843    16.094    13.518
   189.943    16.197    13.518
   190.045    16.249    13.568
   190.145    16.301    13.670
   190.246    16.352    13.670
   190.346    16.352    13.721
   190.447    16.352    13.721
   190.546    16.352    13.771
   190.647    16.352    13.822
   192.961    16.352    13.822
   193.061    16.404    13.822
   193.163    16.404    13.822
   193.263    16.456    13.822
   193.363    16.507    13.822
   193.463    16.507    13.873
   193.566    16.507    13.873
   193.667    16.559    13.924
   193.766    16.610    13.924
   193.968    16.610    13.924
   194.069    16.662    13.924
   196.182    16.662    13.924
   196.284    16.765    13.924
   196.383    16.817    13.975
   196.485    16.817    13.975
   196.584    16.868    13.975
   203.627    16.868    13.975
   203.727    16.868    14.026
   203.828    16.868    14.026
   203.928    16.868    14.076
   204.029    16.868    14.178
   204.129    16.868    14.178
   204.230    16.868    14.229
   204.332    16.868    14.229
   204.432    16.868    14.280
   205.338    16.868    14.280
   205.438    16.868    14.331
   213.996    16.868    14.331
   214.096    16.868    14.381
   214.599    16.868    14.381
   214.700    16.868    14.432
   214.800    16.868    14.483
   214.901    16.868    14.483
   215.002    16.817    14.483
   215.103    16.765    14.534
   215.203    16.714    14.534
   215.303    16.714    14.584
   223.053    16.714    14.584
   223.154    16.714    14.534
   223.255    16.765    14.534
   223.357    16.765    14.483
   223.457    16.817    14.432
   223.556    16.817    14.381
   223.658    16.817    14.331
   223.757    16.817    14.331
   223.859    16.817    14.280
   223.960    16.868    14.280
   225.671    16.868    14.280
   225.770    16.868    14.229
   225.871    16.868    14.076
   225.971    16.868    14.026
   226.072    16.868    13.975
   226.172    16.868    13.924
   226.273    16.868    13.873
   226.374    16.868    13.822
   226.776    16.868    13.822
   226.877    16.868    13.771
   228.285    16.868    13.771
   228.385    16.817    13.771
   228.485    16.765    13.771
   228.587    16.714    13.771
   229.493    16.714    13.771
   229.592    16.662    13.771
   229.694    16.662    13.771
   229.795    16.610    13.771
   229.896    16.559    13.771
   230.901    16.559    13.771
   231.002    16.507    13.771
   231.102    16.507    13.822
   231.205    16.456    13.822
   231.406    16.456    13.822
   231.506    16.404    13.873
   231.607    16.404    13.873
   231.708    16.352    14.026
   231.808    16.352    14.127
   231.910    16.301    14.280
   232.009    16.197    14.483
   232.110    15.991    14.737
   232.211    15.785    14.889
   232.311    15.475    15.245
   232.412    15.424    15.397
   232.512    15.424    15.550
   232.613    15.424    15.601
   232.713    15.424    15.804
   232.815    15.424    16.058
   232.916    15.424    16.262
   233.016    15.424    16.312
   233.118    15.424    16.465
   233.217    15.424    16.515
   233.319    15.424    16.567
   233.419    15.424    16.567
   233.518    15.424    16.770
   233.620    15.424    16.973
   233.720    15.424    17.125
   233.821    15.527    17.278
   233.922    15.578    17.481
   234.022    15.630    17.633
   234.123    15.681    17.684
   234.224    15.888    17.888
   234.325    16.043    18.040
   234.424    16.094    18.091
   234.525    16.146    18.243
   234.626    16.249    18.396
   234.726    16.404    18.498
   234.827    16.456    18.599
   234.927    16.559    18.650
   235.029    16.559    18.853
   235.130    16.662    19.006
   235.229    16.714    19.311
   235.330    16.765    19.666
   235.430    16.817    19.920
   235.532    16.920    20.073
   235.632    17.333    20.327
   235.732    17.694    20.429
   235.834    17.694    20.429
   235.934    17.745    20.733
   236.036    17.848    21.140
   236.136    17.848    21.242
   236.338    17.848    21.242
   236.438    17.951    21.445
   236.540    18.054    21.546
   236.639    18.158    21.648
   236.740    18.261    21.699
   236.840    18.519    21.851
   236.941    18.725    22.004
   237.042    18.828    22.055
   237.143    19.035    22.105
   237.243    19.241    22.105
   237.344    19.654    22.258
   237.444    19.757    22.258
   237.546    19.757    22.258
   237.645    19.912    22.512
   237.746    20.273    22.715
   238.249    20.273    22.715
   238.349    20.376    22.715
   238.449    20.427    22.715
   238.550    20.479    22.664
   238.651    20.479    22.613
   239.155    20.479    22.613
   239.255    20.789    22.613
   239.355    20.995    22.817
   239.456    20.995    22.918
   239.555    20.995    22.969
   239.657    21.150    23.071
   239.757    21.356    23.071
   239.858    21.407    23.071
   239.960    21.511    23.071
   240.058    21.872    23.071
   240.160    22.181    23.173
   240.261    22.336    23.426
   240.362    22.491    23.630
   240.461    22.749    23.731
   240.561    22.852    23.884
   240.663    22.852    24.189
   240.763    22.955    24.494
   240.865    23.059    24.799
   240.965    23.059    24.951
   241.065    23.059    25.002
   241.167    23.059    25.154
   241.268    23.059    25.205
   242.072    23.059    25.205
   242.172    23.059    25.307
   242.274    23.059    25.459
   242.375    23.110    25.459
   242.474    23.213    25.561
   242.575    23.419    25.662
   242.675    23.471    25.713
   242.776    23.626    25.866
   242.877    23.780    25.967
   242.977    24.039    26.069
   243.079    24.245    26.272
   243.181    24.503    26.374
   243.283    24.864    26.475
   243.383    25.173    26.475
   243.484    25.173    26.475
   243.585    25.328    26.475
   243.685    25.535    26.475
   243.786    25.792    26.475
   243.886    25.999    26.475
   243.988    26.102    26.475
   244.088    26.463    26.475
   244.189    26.618    26.475
   244.290    26.927    26.475
   244.390    27.443    26.425
   244.490    27.855    26.323
   244.591    28.165    26.272
   244.691    28.475    26.272
   244.792    28.991    26.272
   244.892    29.455    26.272
   244.993    29.764    26.272
   245.094    29.971    26.272
   245.195    30.331    26.272
   245.296    30.641    26.272
   245.395    31.208    26.272
   245.496    31.518    26.272
   245.597    31.724    26.272
   245.697    32.085    26.272
   245.799    32.240    26.272
   245.899    32.601    26.272
   246.001    32.859    26.222
   246.101    33.066    26.069
   246.202    33.375    25.917
   246.302    33.581    25.713
   246.402    33.736    25.612
   246.503    33.943    25.459
   246.603    33.943    25.459
   246.705    33.994    25.459
   246.905    33.994    25.459
   247.006    33.840    25.510
   247.106    33.530    25.662
   247.208    33.478    25.815
   247.308    33.478    25.866
   247.408    33.478    25.967
   247.609    33.478    25.967
   247.710    33.478    26.069
   247.810    33.478    26.120
   248.918    33.478    26.120
   249.019    33.478    26.018
   249.424    33.478    26.018
   249.524    33.427    25.866
   250.065    33.427    25.866
   250.166    33.375    25.764
   250.267    33.272    25.713
   250.368    33.169    25.713
   250.467    33.066    25.713
   250.569    32.911    25.713
   250.668    32.704    25.713
   250.769    32.601    25.764
   250.870    32.292    25.917
   250.970    32.034    26.120
   251.072    31.879    26.222
   251.172    31.776    26.323
   251.273    31.673    26.374
   251.374    31.518    26.374
   251.474    31.311    26.374
   251.574    31.105    26.425
   251.675    30.899    26.475
   251.776    30.590    26.475
   251.875    30.177    26.475
   251.976    29.661    26.475
   252.079    29.455    26.577
   252.180    29.197    26.628
   252.281    29.042    26.730
   252.380    28.991    26.730
   252.582    28.991    26.730
   252.683    28.991    26.628
   252.784    28.991    26.374
   252.884    28.887    26.222
   252.984    28.732    26.222
   253.084    28.526    26.171
   253.186    28.217    25.866
   253.287    27.959    25.662
   253.387    27.804    25.459
   253.488    27.649    25.154
   253.588    27.546    24.849
   253.689    27.495    24.646
   253.790    27.288    24.494
   253.889    27.288    24.494
   253.990    27.288    24.443
   254.292    27.288    24.443
   254.393    27.237    24.443
   254.494    27.133    24.443
   254.594    27.030    24.443
   254.695    26.721    24.544
   254.794    26.411    24.595
   254.895    26.102    24.748
   254.996    25.792    24.748
   255.096    25.638    24.748
   255.197    25.173    24.748
   255.298    24.709    24.951
   255.399    24.399    25.104
   255.499    24.296    25.205
   255.599    24.193    25.205
   255.701    24.090    25.205
   255.801    23.987    25.307
   255.901    23.832    25.409
   256.002    23.626    25.459
   256.103    23.574    25.459
   256.405    23.574    25.459
   256.505    23.523    25.459
   256.605    23.419    25.459
   256.706    23.419    25.459
   256.807    23.316    25.409
   256.907    23.213    25.307
   257.008    23.110    25.256
   257.109    23.059    25.256
   257.209    22.852    25.256
   257.310    22.749    25.256
   257.411    22.697    25.256
   257.510    22.542    25.154
   257.611    22.233    25.002
   257.712    22.026    24.849
   257.813    21.717    24.849
   257.913    21.562    24.849
   258.013    21.253    24.799
   258.114    20.892    24.544
   258.214    20.737    24.443
   258.316    20.530    24.443
   258.517    20.530    24.443
   258.617    20.479    24.443
   258.717    20.376    24.443
   258.818    20.273    24.544
   258.919    20.118    24.595
   259.019    20.118    24.697
   259.121    20.118    24.849
   259.221    20.118    25.002
   259.322    20.118    25.154
   259.422    20.118    25.154
   259.523    20.273    25.154
   260.025    20.273    25.154
   260.126    20.066    25.307
   260.227    19.809    25.612
   260.328    19.757    25.612
   260.428    19.809    25.612
   260.528    19.860    25.612
   260.831    19.860    25.612
   260.931    19.912    25.612
   261.032    19.912    25.713
   261.132    19.912    25.764
   261.233    19.912    25.815
   263.346    19.912    25.815
   263.448    19.654    25.866
   263.547    19.602    25.917
   263.649    19.602    25.917
   263.748    19.499    25.917
   263.849    19.447    26.018
   264.753    19.447    26.018
   264.855    19.499    26.018
   264.956    19.499    26.018
   265.056    19.602    26.018
   265.158    19.654    26.018
   266.767    19.654    26.018
   266.868    19.757    26.018
   266.968    19.809    26.018
   270.086    19.809    26.018
   270.187    19.860    26.069
   270.289    19.860    26.120
   270.690    19.860    26.120
   270.789    19.860    26.171
   273.105    19.860    26.171
   273.207    19.654    26.272
   273.306    19.550    26.323
   273.407    19.499    26.374
   273.507    19.447    26.526
   273.608    19.447    26.526
   273.708    19.447    26.577
   273.809    19.396    26.679
   273.910    19.241    26.780
   274.010    19.190    26.831
   274.111    19.138    26.831
   276.224    19.138    26.831
   276.326    19.086    26.933
   276.425    19.035    26.984
   276.527    19.035    27.035
   277.833    19.035    27.035
   277.934    18.983    27.085
   278.036    18.931    27.187
   278.136    18.931    27.187
   278.237    18.931    27.288
   278.337    18.880    27.441
   278.438    18.880    27.492
   278.540    18.828    27.593
   278.640    18.777    27.695
   278.740    18.777    27.746
   278.840    18.725    27.797
   278.942    18.674    27.797
   279.244    18.674    27.797
   279.344    18.622    27.797
   279.746    18.622    27.797
   279.846    18.570    27.848
   279.948    18.570    27.898
   281.254    18.570    27.898
   281.355    18.519    28.000
   281.556    18.519    28.000
   281.657    18.519    28.102
   281.757    18.519    28.102
   281.858    18.519    28.153
   281.958    18.519    28.254
   282.059    18.519    28.407
   282.160    18.519    28.508
   282.260    18.519    28.560
   282.362    18.519    28.661
   282.461    18.519    28.712
   282.563    18.519    28.813
   282.663    18.519    28.864
   282.763    18.519    28.915
   282.864    18.467    29.016
   282.964    18.467    29.118
   283.065    18.416    29.169
   283.165    18.364    29.220
   283.267    18.313    29.321
   283.369    18.313    29.372
   283.468    18.313    29.423
   283.569    18.313    29.423
   283.669    18.313    29.474
   283.771    18.313    29.525
   283.871    18.313    29.575
   283.971    18.313    29.626
   284.072    18.313    29.677
   284.173    18.313    29.677
   284.274    18.313    29.728
   284.375    18.313    29.779
   284.475    18.313    29.830
   284.575    18.364    29.982
   284.675    18.416    30.033
   284.876    18.416    30.033
   284.977    18.467    30.135
   285.078    18.519    30.135
   285.380    18.519    30.135
   285.481    18.570    30.185
   285.581    18.725    30.185
   285.681    18.777    30.185
   285.883    18.777    30.185
   285.984    18.725    30.185
   286.084    18.725    30.287
   286.186    18.674    30.338
   286.287    18.674    30.388
   286.387    18.622    30.439
   286.488    18.570    30.439
   286.587    18.519    30.490
   286.689    18.467    30.490
   286.992    18.467    30.490
   287.092    18.467    30.541
   287.192    18.416    30.643
   287.293    18.313    30.693
   295.443    18.313    30.693
   295.542    18.313    30.795
   295.643    18.364    30.846
   295.744    18.364    30.846
   295.845    18.364    30.897
   295.946    18.364    30.897
   296.047    18.364    30.948
   296.148    18.364    30.948
   296.249    18.416    30.998
   296.349    18.416    31.100
   296.750    18.416    31.100
   296.851    18.519    31.100
   296.953    18.674    30.998
   297.053    18.674    30.897
   297.153    18.674    30.846
   297.456    18.674    30.846
   297.556    18.622    30.846
   297.657    18.570    30.846
   300.575    18.570    30.846
   300.674    18.467    30.897
   300.775    18.416    30.897
   300.876    18.416    30.948
   301.179    18.416    30.948
   301.280    18.467    30.948
   301.582    18.467    30.948
   301.681    18.570    30.948
   301.783    18.622    30.948
   302.084    18.622    30.948
   302.184    18.570    30.948
   302.286    18.519    30.998
   302.387    18.416    31.049
   302.487    18.364    31.100
   302.588    18.416    31.100
   302.889    18.416    31.100
   302.990    18.519    31.100
   303.090    18.622    31.100
   303.191    18.622    31.151
   303.292    18.777    31.151
   303.392    18.828    31.151
   303.494    18.828    31.151
   303.594    18.777    31.151
   303.695    18.725    31.151
   303.795    18.725    31.151
   303.896    18.674    31.151
   303.997    18.622    31.202
   304.097    18.519    31.202
   305.605    18.519    31.202
   305.707    18.622    31.202
   306.008    18.622    31.202
   306.109    18.622    31.303
   306.209    18.828    31.354
   306.311    18.931    31.354
   306.411    18.931    31.354
   306.511    18.828    31.405
   306.612    18.777    31.405
   306.712    18.777    31.405
   306.814    18.725    31.506
