     3.142    22.852    14.534
   202.401    22.852    14.534
   202.501    22.800    14.534
   202.601    22.697    14.584
   202.703    22.594    14.686
   203.607    22.594    14.686
   203.708    22.542    14.686
   204.111    22.542    14.686
   204.212    22.388    14.686
   204.313    22.336    14.686
   205.933    22.336    14.686
   206.033    22.388    14.686
   207.542    22.388    14.686
   207.642    22.439    14.686
   207.743    22.542    14.686
   208.146    22.542    14.686
   208.247    22.594    14.737
   208.347    22.594    14.788
   208.447    22.646    14.839
   208.547    22.697    14.889
   208.649    22.749    14.991
   208.759    22.749    15.042
   208.961    22.749    15.042
   209.063    22.800    15.042
   209.164    22.903    15.042
   209.264    23.006    15.093
   209.365    23.110    15.093
   209.464    23.162    15.093
   209.566    23.265    15.194
   209.666    23.419    15.245
   209.967    23.419    15.245
   210.069    23.419    15.296
   210.170    23.419    15.296
   210.269    23.419    15.347
   210.371    23.574    15.449
   210.471    23.677    15.601
   210.573    23.780    15.652
   210.672    23.832    15.652
   212.584    23.832    15.652
   212.684    23.883    15.652
   212.785    23.883    15.652
   212.886    23.832    15.601
   213.087    23.832    15.601
   213.188    23.780    15.550
   213.389    23.780    15.550
   213.491    23.729    15.550
   215.502    23.729    15.550
   215.602    23.729    15.702
   215.703    23.729    15.753
   216.004    23.729    15.753
   216.106    23.780    15.702
   216.207    23.832    15.702
   216.307    23.883    15.702
   216.408    23.987    15.702
   216.508    24.039    15.702
   216.609    24.090    15.702
   216.709    24.142    15.702
   216.809    24.090    15.652
   217.213    24.090    15.652
   217.315    24.142    15.652
   217.416    24.193    15.652
   217.516    24.245    15.652
   217.617    24.348    15.652
   220.132    24.348    15.652
   220.233    24.296    15.702
   220.334    24.245    15.753
   220.735    24.245    15.753
   220.836    24.193    15.753
   220.937    24.142    15.804
   221.037    24.039    15.804
   221.138    23.987    15.855
   221.239    23.935    15.855
   221.338    23.935    15.855
   221.439    23.883    15.855
   221.540    23.832    15.855
   221.640    23.832    15.855
   221.741    23.832    16.007
   221.841    23.832    16.058
   221.943    23.832    16.109
   222.044    23.729    16.262
   222.144    23.677    16.465
   222.245    23.626    16.567
   222.349    23.626    16.617
   222.450    23.626    16.668
   222.550    23.574    16.668
   222.650    23.523    16.719
   222.751    23.523    16.770
   223.153    23.523    16.770
   223.254    23.523    16.871
   223.354    23.523    17.125
   223.456    23.523    17.227
   223.556    23.523    17.278
   224.764    23.523    17.278
   224.865    23.574    17.278
   224.965    23.883    17.227
   225.066    23.935    17.227
   225.167    23.935    17.227
   225.267    23.935    17.176
   225.368    23.935    17.125
   225.468    23.935    17.075
   225.569    23.935    17.024
   225.971    23.935    17.024
   226.072    23.987    17.024
   226.172    24.090    16.922
   226.273    24.245    16.871
   226.374    24.296    16.871
   226.474    24.399    16.871
   226.575    24.399    16.820
   226.674    24.399    16.719
   226.775    24.451    16.668
   226.876    24.503    16.617
   226.977    24.503    16.567
   227.078    24.503    16.465
   227.178    24.503    16.363
   227.279    24.503    16.211
   227.479    24.503    16.211
   227.581    24.554    16.211
   227.681    24.554    16.160
   227.781    24.554    16.109
   227.882    24.554    16.007
   227.983    24.606    15.957
   228.084    24.709    15.957
   228.185    24.812    15.957
   228.286    24.812    15.906
   228.386    24.812    15.906
   228.487    24.812    15.753
   228.587    24.864    15.702
   228.688    24.967    15.702
   235.226    24.967    15.702
   235.327    24.967    15.499
   235.829    24.967    15.499
   235.929    24.967    15.449
   236.031    25.070    15.347
   237.741    25.070    15.347
   237.841    25.122    15.347
   238.747    25.122    15.347
   238.846    25.173    15.347
   238.948    25.225    15.347
   239.651    25.225    15.347
   239.752    25.225    15.296
   239.852    25.225    15.144
   239.954    25.225    15.093
   240.054    25.225    15.042
   240.155    25.225    15.042
   240.255    25.225    14.991
   240.556    25.225    14.991
   240.658    25.276    14.991
   241.865    25.276    14.991
   241.965    25.276    14.940
   242.066    25.276    14.839
   242.167    25.276    14.839
   242.267    25.276    14.788
   242.670    25.276    14.788
   242.770    25.276    14.737
   245.286    25.276    14.737
   245.386    25.276    14.686
   245.488    25.276    14.686
   245.588    25.276    14.636
   245.688    25.276    14.534
   245.790    25.225    14.280
   245.890    25.173    14.178
   245.990    25.122    14.178
   246.091    25.122    14.178
   246.192    25.070    14.178
   246.293    25.019    13.873
   246.392    25.019    13.670
   246.493    25.019    13.619
   246.896    25.019    13.619
   246.997    25.019    13.568
   249.812    25.019    13.568
   249.914    25.019    13.466
   250.014    25.019    13.416
   250.115    25.019    13.416
   250.215    25.019    13.365
   286.239    25.019    13.365
   286.339    25.019    13.416
   286.439    25.019    13.466
   287.849    25.019    13.466
   287.950    25.019    13.518
   288.050    25.019    13.568
   288.152    25.019    13.619
   288.957    25.019    13.619
   289.057    25.173    13.619
   289.760    25.173    13.619
   289.861    25.276    13.619
   289.963    25.328    13.619
   785.596    25.328    13.619
   785.697    25.379    13.466
   785.797    25.379    13.365
   785.897    25.379    13.365
   785.997    25.431    13.365
   786.099    25.483    13.365
   786.201    25.586    13.365
   949.346    25.586    13.365
   949.447    25.792    13.416
   949.546    25.792    13.416
   949.648    25.792    13.466
   949.748    25.792    13.466
   949.849    25.844    13.518
   949.950    26.050    13.518
   950.051    26.153    13.518
   950.152    26.205    13.518
   950.252    26.205    13.518
   950.353    26.256    13.518
   950.453    26.256    13.568
   950.655    26.256    13.568
   950.754    26.256    13.619
   950.856    26.256    13.670
   951.157    26.256    13.670
   951.258    26.256    13.771
   953.774    26.256    13.771
   953.875    26.205    13.771
   954.176    26.205    13.771
   954.278    26.205    13.822
   956.692    26.205    13.822
   956.792    26.153    13.822
   956.894    26.102    13.822
   957.095    26.102    13.822
   957.196    26.102    13.873
   957.497    26.102    13.873
   957.597    26.102    13.924
   960.315    26.102    13.924
   960.414    26.102    13.670
   960.516    26.102    13.619
   960.616    26.102    13.568
   960.717    26.102    13.518
   961.622    26.102    13.518
   961.723    26.153    13.518
   967.165    26.153    13.518
   967.266    26.153    13.568
   967.367    26.153    13.670
   967.467    26.153    13.670
   967.567    26.205    13.721
   967.667    26.205    13.822
   967.792    26.256    13.873
   967.870    26.256    14.026
   967.969    26.256    14.178
   968.071    26.256    14.280
   968.171    26.256    14.280
   968.272    26.256    14.331
   968.372    26.256    14.331
   968.473    26.308    14.331
   968.574    26.308    14.331
   968.673    26.308    14.280
   968.774    26.308    14.229
   968.875    26.308    14.229
   968.976    26.308    14.178
   970.082    26.308    14.178
   970.183    26.256    14.280
   970.284    26.256    14.381
   970.384    26.205    14.534
   970.485    26.205    14.636
   970.585    26.205    14.686
   970.686    26.205    14.686
   970.785    26.153    14.686
   970.887    26.153    14.737
   971.491    26.153    14.737
   971.591    26.359    14.991
   971.692    26.411    15.042
   971.792    26.411    15.093
   972.093    26.411    15.093
   972.195    26.411    15.144
   972.295    26.566    15.144
   972.397    26.721    15.194
   972.495    26.772    15.245
   972.596    26.824    15.296
   972.697    27.082    15.296
   972.797    27.185    15.347
   972.899    27.288    15.397
   972.998    27.443    15.449
   973.100    27.649    15.449
   973.201    27.701    15.499
   973.301    27.804    15.550
   973.402    27.804    15.550
   973.501    27.855    15.550
   973.905    27.855    15.550
   974.004    28.062    15.601
   974.106    28.475    15.753
   974.206    28.784    15.855
   974.307    28.991    16.007
   974.408    29.094    16.211
   974.508    29.300    16.465
   974.609    29.403    16.617
   974.708    29.558    16.719
   974.810    29.661    16.770
   974.910    29.713    16.770
   975.010    29.816    16.770
   975.112    29.919    16.871
   975.211    30.074    16.922
   975.314    30.177    17.075
   975.414    30.280    17.176
   975.513    30.280    17.278
   976.118    30.280    17.278
   976.218    30.280    17.380
   976.319    30.435    17.735
   976.419    30.487    18.142
   976.519    30.693    18.446
   976.620    30.693    18.446
   976.720    30.744    18.498
   976.822    30.951    18.498
   976.922    31.105    18.498
   977.023    31.260    18.498
   977.123    31.364    18.548
   977.224    31.467    18.599
   977.325    31.828    18.650
   977.425    32.344    18.650
   977.527    32.447    18.751
   977.626    32.447    18.853
   977.726    32.447    18.853
   977.827    32.447    18.955
   977.927    32.550    19.006
   978.029    32.704    19.056
   978.129    32.859    19.107
   978.230    33.066    19.209
   978.330    33.169    19.311
   978.431    33.169    19.361
   979.336    33.169    19.361
   979.437    33.169    19.412
   979.536    33.169    19.412
   979.637    33.169    19.514
   979.739    33.169    19.920
   979.838    33.169    20.174
   979.940    33.169    20.225
   980.040    33.117    20.530
   980.141    33.014    20.835
   980.242    33.014    20.987
   981.046    33.014    20.987
   981.147    32.911    21.089
   981.247    32.808    21.546
   981.348    32.756    21.800
   981.449    32.808    22.613
   981.549    32.808    22.868
   981.650    32.808    22.918
   981.750    32.808    23.020
   981.851    32.808    23.173
   981.952    32.808    23.325
   982.053    32.808    23.376
   982.154    32.808    23.528
   982.254    32.808    23.731
   982.355    32.704    23.884
   982.455    32.447    24.036
   982.556    32.344    24.036
   982.656    32.137    24.087
   983.562    32.137    24.087
   983.662    31.931    24.239
   983.763    31.931    24.494
   983.863    31.931    24.544
   983.963    31.931    24.544
   984.064    31.828    24.595
   984.165    31.570    24.646
   984.266    31.415    24.849
   984.367    31.311    25.053
   984.468    31.311    25.154
   985.575    31.311    25.154
   985.674    31.311    25.205
   985.776    31.260    25.205
   985.977    31.260    25.205
   986.077    31.260    25.256
   986.178    31.105    25.459
   986.279    31.105    25.510
   990.019    31.105    25.510
   990.118    30.796    25.510
   990.220    30.744    25.510
   990.322    30.744    25.510
   990.422    30.693    25.561
   990.522    30.641    25.561
   990.623    30.538    25.561
   990.723    30.177    25.561
   990.824    29.713    25.561
   990.923    29.609    25.561
   991.025    29.403    25.612
   991.124    28.784    25.815
   991.226    28.371    26.018
   991.327    28.011    26.120
   991.427    27.752    26.171
   991.528    27.495    26.272
   991.628    27.288    26.272
   991.729    27.237    26.323
   991.829    27.185    26.323
   991.930    27.082    26.323
   992.031    26.824    26.374
   992.132    26.618    26.374
   992.232    26.463    26.374
   992.332    25.947    26.475
   992.433    25.638    26.475
   992.534    25.225    26.475
   992.634    25.070    26.526
   992.735    24.864    26.577
   992.835    24.709    26.577
   992.935    24.503    26.577
   993.036    24.296    26.577
   993.137    24.142    26.577
   993.239    23.935    26.577
   993.339    23.780    26.577
   993.639    23.780    26.577
   993.741    23.729    26.577
   993.841    23.729    26.577
   993.942    23.677    26.577
   994.042    23.574    26.577
   994.143    23.471    26.577
   994.245    23.368    26.577
   995.150    23.368    26.577
   995.250    23.162    26.577
   995.352    23.006    26.577
   995.453    22.955    26.577
   995.552    22.852    26.577
   995.652    22.594    26.577
   995.753    22.336    26.577
   995.854    22.130    26.577
   995.954    22.026    26.577
   996.056    21.923    26.577
   996.157    21.872    26.577
   996.659    21.872    26.577
   996.760    21.769    26.628
   996.860    21.511    26.679
   996.961    21.304    26.679
   997.062    21.150    26.730
   997.162    20.995    26.730
   997.263    20.737    26.730
   997.364    20.634    26.730
   997.464    20.427    26.730
   997.566    20.427    26.730
   997.664    20.376    26.780
   997.766    20.221    26.780
   997.867    19.912    26.780
   997.966    19.602    26.780
   998.068    19.344    26.780
   998.169    19.190    26.780
   998.270    18.983    26.780
   998.370    18.777    26.780
   998.470    18.622    26.831
   998.571    18.570    26.882
   998.670    18.519    26.882
   998.771    18.416    26.882
  1000.684    18.416    26.882
  1000.785    18.313    27.035
  1000.885    18.313    27.187
  1000.986    18.210    27.288
  1001.085    18.054    27.441
  1001.187    17.900    27.593
  1001.287    17.900    27.695
  1001.388    17.900    27.746
  1001.489    17.900    27.797
  1001.589    17.900    27.797
  1001.689    17.900    27.898
  1001.790    17.900    28.153
  1001.891    17.900    28.356
  1001.992    17.900    28.508
  1002.092    17.900    28.762
  1002.193    17.900    28.915
  1002.294    17.900    29.067
  1002.395    17.900    29.271
  1002.494    17.900    29.372
  1002.897    17.900    29.372
  1002.997    17.900    29.474
  1003.098    17.900    29.575
  1003.199    17.900    29.728
  1005.010    17.900    29.728
  1005.112    17.900    29.779
  1005.212    17.900    29.830
  1005.313    17.900    29.931
  1005.515    17.900    29.931
  1005.615    17.900    30.033
  1005.916    17.900    30.033
  1006.017    17.900    30.084
  1006.118    17.951    30.135
  1006.218    18.003    30.185
  1006.319    18.003    30.236
  1007.827    18.003    30.236
  1007.929    18.003    30.439
  1008.029    17.951    30.643
  1008.129    17.951    30.744
