     0.271     3.456     0.153
    37.631     3.456     0.153
    37.733     3.508     0.153
    37.834     3.611     0.153
    38.135     3.611     0.153
    38.236     3.611     0.051
    38.336     3.611     0.000
   552.205     3.611     0.000
   552.306     3.611     0.051
   552.406     3.611     0.153
   552.506     3.611     0.153
   552.607     3.663     0.153
   553.414     3.663     0.153
   553.514     3.714     0.153
   553.615     3.714     0.153
   553.716     3.766     0.153
   554.218     3.766     0.153
   554.320     3.714     0.153
   554.420     3.663     0.153
   554.520     3.611     0.153
   554.621     3.611     0.153
   554.722     3.560     0.153
   555.627     3.560     0.153
   555.727     3.508     0.153
   555.828     3.456     0.153
   556.130     3.456     0.153
   556.229     3.456     0.203
  1466.098     3.456     0.203
  1466.199     3.405     0.203
  1466.301     3.405     0.203
  1466.401     3.353     0.203
  1466.803     3.353     0.203
  1466.905     3.302     0.254
  1467.005     3.250     0.254
  1467.810     3.250     0.254
  1467.911     3.250     0.203
  1495.286     3.250     0.203
  1495.386     3.250     0.051
  1495.486     3.198     0.051
  1495.991     3.198     0.051
  1496.092     3.198     0.153
  1496.494     3.198     0.153
  1496.595     3.250     0.153
  1500.720     3.250     0.153
  1500.822     3.353     0.153
  1501.023     3.353     0.153
  1501.124     3.405     0.153
  1501.928     3.405     0.153
  1502.029     3.456     0.153
  1502.129     3.456     0.153
  1502.229     3.508     0.153
  2043.310     3.508     0.153
  2043.410     3.560     0.102
  2055.995     3.560     0.102
  2056.096     3.611     0.102
  2056.198     3.714     0.102
  2056.600     3.714     0.102
  2056.699     3.817     0.102
  2056.902     3.817     0.102
  2057.004     3.869     0.102
  2063.243     3.869     0.102
  2063.344     3.920     0.102
  2063.446     3.972     0.051
  2063.546     4.024     0.051
  2063.647     4.076     0.051
  2063.746     4.179     0.051
  2063.847     4.230     0.051
  2063.947     4.333     0.051
  2824.238     4.333     0.051
  2824.339     4.385     0.051
  2824.641     4.385     0.051
  2824.741     4.436     0.051
  2825.245     4.436     0.051
  2825.347     4.436     0.000
  2825.448     4.436     0.000
  2825.548     4.436    -0.051
  2826.755     4.436    -0.051
  2826.856     4.488     0.000
  2826.956     4.488     0.051
  2839.037     4.488     0.051
  2839.138     4.540     0.051
  2839.541     4.540     0.051
  2839.643     4.540    -0.051
  3379.588     4.540    -0.051
  3379.689     4.488     0.000
  3379.790     4.436     0.000
  3379.992     4.436     0.000
  3380.092     4.385     0.051
  3383.918     4.385     0.051
  3384.019     4.179     0.153
  3384.120     4.024     0.203
  3384.221     3.972     0.203
  3384.321     3.920     0.203
  3384.421     3.817     0.203
  3384.522     3.817     0.153
  3384.723     3.817     0.153
  3384.824     3.766     0.153
  3385.327     3.766     0.153
  3385.427     3.714     0.153
  3385.528     3.663     0.153
  3385.628     3.611     0.153
  3385.729     3.560     0.153
  3385.830     3.560     0.153
  3385.930     3.508     0.153
  3386.334     3.508     0.153
  3386.434     3.560     0.153
  3386.535     3.611     0.153
  3386.635     3.663     0.153
  3386.736     3.663     0.153
  3386.837     3.714     0.153
  3386.937     3.714     0.102
  3387.943     3.714     0.102
  3388.044     3.714     0.153
  3388.145     3.508     0.305
  3388.245     3.508     0.356
  3388.446     3.508     0.356
  3388.546     3.456     0.356
  3388.647     3.405     0.356
  3388.749     3.353     0.305
  3388.849     3.353     0.254
  3388.951     3.353     0.254
  3389.050     3.250     0.254
  3389.152     3.198     0.254
  3389.253     3.198     0.254
  3389.352     3.044     0.254
  3389.453     2.940     0.254
  3389.553     2.940     0.254
  3389.654     2.889     0.254
  3389.755     2.837     0.254
  3389.855     2.786     0.254
  3390.056     2.786     0.254
  3390.158     2.786     0.305
  3390.258     2.786     0.458
  3390.358     2.786     0.610
  3390.560     2.786     0.610
  3390.660     2.734     0.610
  3390.760     2.683     0.610
  3391.465     2.683     0.610
  3391.566     2.631     0.559
  3391.868     2.631     0.559
  3391.968     2.580     0.559
  3392.070     2.528     0.559
  3392.170     2.476     0.559
  3392.271     2.424     0.559
  3392.472     2.424     0.559
  3392.573     2.373     0.559
  3392.672     2.373     0.508
  3392.773     2.373     0.508
  3392.875     2.373     0.458
  3393.277     2.373     0.458
  3393.378     2.373     0.407
  3394.787     2.373     0.407
  3394.887     2.476     0.407
  3394.988     2.528     0.407
  3395.087     2.580     0.407
  3395.189     2.683     0.407
  3395.289     2.734     0.407
  3395.390     2.786     0.407
  3395.491     2.837     0.407
  3395.590     2.837     0.407
  3395.691     2.889     0.407
  3395.793     3.044     0.407
  3395.892     3.095     0.407
  3395.994     3.198     0.407
  3396.094     3.250     0.407
  3396.196     3.302     0.407
  3396.295     3.508     0.407
  3396.396     3.508     0.458
  3396.497     3.611     0.508
  3396.597     3.663     0.508
  3396.698     3.766     0.559
  3396.799     3.972     0.559
  3396.900     4.024     0.559
  3397.001     4.179     0.559
  3397.101     4.230     0.559
  3397.202     4.333     0.661
  3397.302     4.385     0.762
  3397.403     4.488     0.813
  3397.502     4.540     0.915
  3397.603     4.591     1.016
  3397.705     4.694     1.016
  3397.805     4.746     1.016
  3397.906     4.849     1.016
  3398.006     4.952     1.016
  3398.107     4.952     0.966
  3398.208     4.952     0.915
  3398.308     4.952     0.864
  3398.509     4.952     0.864
  3398.610     4.952     0.762
  3398.711     4.952     0.661
  3399.013     4.952     0.661
  3399.114     5.004     0.610
  3401.529     5.004     0.610
  3401.629     5.056     0.610
  3401.830     5.056     0.610
  3401.931     5.056     0.661
  3402.032     5.056     0.712
  3405.253     5.056     0.712
  3405.353     5.056     0.813
  3405.454     5.056     0.813
  3405.554     5.107     0.813
  3405.655     5.159     0.813
  3405.755     5.210     0.813
  3406.963     5.210     0.813
  3407.064     5.313     0.813
  3407.165     5.313     0.813
  3407.265     5.365     0.813
  3407.366     5.416     0.813
  3407.466     5.416     0.813
  3407.568     5.468     0.813
  3408.775     5.468     0.813
  3408.876     5.468     0.762
  3408.976     5.571     0.712
  3409.077     5.623     0.712
  3409.178     5.623     0.712
  3409.279     5.674     0.712
  3409.377     5.726     0.712
  3411.190     5.726     0.712
  3411.290     5.520     0.864
  3411.393     5.468     0.915
  3411.493     5.468     0.966
  3411.594     5.416     0.966
  3411.896     5.416     0.966
  3411.997     5.520     0.966
  3412.098     5.571     0.966
  3412.198     5.674     1.016
  3412.298     5.726     1.016
  3412.399     5.726     1.067
  3412.500     5.726     1.118
  3412.599     5.778     1.169
  3412.701     5.829     1.169
  3412.801     5.932     1.169
  3412.903     6.036     1.169
  3413.406     6.036     1.169
  3413.506     5.984     1.169
  3413.607     5.932     1.169
  3413.708     5.932     1.118
  3413.808     5.881     1.118
  3413.909     5.829     1.118
  3416.726     5.829     1.118
  3416.827     5.778     1.118
  3416.928     5.726     1.118
  3419.946     5.726     1.118
  3420.047     5.726     1.169
  3420.147     5.674     1.220
  3420.248     5.571     1.271
  3420.348     5.313     1.271
  3420.450     5.210     1.271
  3420.550     5.159     1.271
  3421.557     5.159     1.271
  3421.657     5.210     1.271
  3421.959     5.210     1.271
  3422.059     5.210     1.220
  3422.161     5.210     1.220
  3422.261     5.210     1.169
  3422.361     5.262     1.169
  3422.462     5.313     1.169
  3422.562     5.313     1.169
  3422.663     5.365     1.169
  3422.763     5.365     1.118
  3422.865     5.365     1.067
  3422.964     5.365     1.067
  3423.066     5.365     1.016
  3423.266     5.365     1.016
  3423.368     5.313     1.016
  3425.984     5.313     1.016
  3426.084     5.262     1.016
  3426.688     5.262     1.016
  3426.789     5.210     1.016
  3427.494     5.210     1.016
  3427.594     5.107     1.016
  3427.694     5.056     1.016
  3432.628     5.056     1.016
  3432.728     4.900     1.016
  3432.829     4.849     1.016
  3432.928     4.797     1.016
  3433.130     4.797     1.016
  3433.231     4.746     1.016
  3433.332     4.694     1.016
  3434.037     4.694     1.016
  3434.138     4.643     1.016
  3434.339     4.643     1.016
  3434.438     4.591     1.016
  3436.980     4.591     1.016
  3437.056     4.436     1.016
  3437.157     4.282     1.016
  3437.257     4.179     1.016
  3437.358     4.127     1.016
  3437.459     4.127     1.016
  3437.558     4.127     0.966
  3437.660     4.127     0.915
  3439.171     4.127     0.915
  3439.272     4.076     0.915
  3439.372     4.024     0.915
  3440.076     4.024     0.915
  3440.176     4.024     0.864
  3440.277     3.972     0.864
  3440.378     3.920     0.864
  3443.195     3.920     0.864
  3443.295     3.714     1.016
  3443.397     3.663     1.016
  3444.001     3.663     1.016
  3444.101     3.611     1.016
  3444.202     3.560     1.016
  3444.302     3.560     0.966
  3444.402     3.560     0.915
  3444.504     3.560     0.915
  3444.604     3.508     0.915
  3444.804     3.508     0.915
  3444.907     3.456     0.915
  3445.308     3.456     0.915
  3445.409     3.405     0.915
  3446.416     3.405     0.915
  3446.516     3.353     0.915
  3446.616     3.250     0.915
  3446.716     3.198     0.915
  3446.817     3.198     0.915
  3446.918     3.198     0.864
  3447.823     3.198     0.864
  3447.923     3.147     0.864
  3448.024     3.095     0.864
  3448.125     3.044     0.915
  3448.226     3.044     0.915
  3448.326     2.992     0.915
  3448.426     2.940     0.966
  3448.528     2.837     1.016
  3454.972     2.837     1.016
  3455.073     2.889     1.016
  3455.173     2.992     1.067
  3455.274     3.095     1.118
  3455.375     3.147     1.169
  3455.476     3.198     1.220
  3455.578     3.250     1.321
  3455.678     3.302     1.372
  3455.779     3.405     1.474
  3455.880     3.405     1.474
  3455.980     3.508     1.525
  3456.181     3.508     1.525
  3456.283     3.560     1.525
  3456.483     3.560     1.525
  3456.584     3.611     1.525
  3456.684     3.611     1.525
  3456.785     3.611     1.474
  3456.885     3.611     1.423
  3456.987     3.611     1.372
  3458.899     3.611     1.372
  3459.001     3.611     1.271
  3462.925     3.611     1.271
  3463.026     3.611     1.220
  3463.127     3.611     1.220
  3463.227     3.560     1.220
  3463.327     3.456     1.220
  3463.630     3.456     1.220
  3463.729     3.405     1.220
  3475.708     3.405     1.220
  3475.808     3.456     1.220
  3475.909     3.560     1.220
  3476.010     3.663     1.220
  3476.111     3.663     1.220
  3476.212     3.714     1.220
  3476.311     3.766     1.220
  3476.411     3.869     1.220
  3476.512     3.920     1.220
  3476.613     3.920     1.220
  3476.713     3.972     1.220
  3476.814     4.024     1.220
  3476.915     4.127     1.220
  3477.015     4.230     1.220
  3477.116     4.282     1.220
  3479.944     4.282     1.220
  3480.045     4.333     1.220
  3480.347     4.333     1.220
  3480.447     4.385     1.220
  3480.648     4.385     1.220
  3480.749     4.436     1.220
  3481.554     4.436     1.220
  3481.655     4.436     1.321
  3481.755     4.436     1.372
  3482.058     4.436     1.372
  3482.158     4.488     1.372
  3590.564     4.488     1.372
  3590.665     4.591     1.372
  3591.270     4.591     1.372
  3591.370     4.591     1.321
  3591.471     4.591     1.271
  3591.974     4.591     1.271
  3592.074     4.746     1.372
  3597.609     4.746     1.372
  3597.711     4.746     1.321
  3597.811     4.643     1.321
  3597.913     4.591     1.321
  3598.013     4.591     1.321
  3598.114     4.643     1.271
  3598.416     4.643     1.271
  3598.515     4.643     1.220
  3819.423     4.643     1.220
  3819.525     4.591     1.423
  3819.624     4.591     1.423
  3819.726     4.591     1.474
  3819.825     4.591     1.576
  3836.732     4.591     1.576
  3836.832     4.540     1.576
  3836.933     4.540     1.576
  3837.033     4.488     1.576
  3837.133     4.488     1.576
  3837.235     4.436     1.576
  3837.335     4.385     1.576
  3852.049     4.385     1.576
  3852.150     4.179     1.576
  3852.250     4.127     1.576
  3852.351     4.076     1.576
  3852.653     4.076     1.576
  3852.754     4.076     1.626
  3852.856     4.024     1.626
  3852.955     3.972     1.728
  3853.056     3.920     1.779
  3853.458     3.920     1.779
  3853.560     4.024     1.779
  3853.660     4.127     1.779
  3853.761     4.179     1.779
  3853.861     4.179     1.779
  3853.962     4.076     1.779
  3854.062     4.024     1.779
  3857.182     4.024     1.779
  3857.282     4.076     1.779
  3857.385     4.179     1.779
  3857.486     4.230     1.779
  3858.089     4.230     1.779
  3858.190     4.230     1.728
  3859.398     4.230     1.728
  3859.499     4.333     1.728
  3859.600     4.385     1.728
  3859.699     4.385     1.677
  3861.411     4.385     1.677
  3861.511     4.333     1.677
  3890.682     4.333     1.677
  3890.783     4.333     1.626
  3890.884     4.333     1.576
  3890.984     4.333     1.525
  3891.084     4.333     1.525
  3891.186     4.333     1.474
  3892.795     4.333     1.474
  3892.896     4.333     1.423
  3892.998     4.385     1.423
  3893.098     4.385     1.372
  3893.199     4.436     1.372
  3893.701     4.436     1.372
  3893.801     4.436     1.321
  3893.902     4.436     1.271
  3894.003     4.436     1.220
  3894.104     4.436     1.169
  3894.204     4.436     1.067
  3894.304     4.436     0.966
  3894.406     4.436     0.915
  3894.506     4.488     0.915
  3894.607     4.591     0.915
  3894.808     4.591     0.915
  3894.910     4.591     0.864
  3895.010     4.591     0.813
  3895.111     4.591     0.762
  3895.512     4.591     0.762
  3895.613     4.591     0.661
  3895.714     4.591     0.610
  3895.814     4.591     0.458
  3895.917     4.591     0.458
  3896.017     4.591     0.407
  3896.118     4.591     0.407
  3896.218     4.643     0.407
  3896.621     4.643     0.407
  3896.721     4.694     0.407
  3896.821     4.746     0.407
  3896.922     4.746     0.508
  3897.023     4.746     0.559
  3897.326     4.746     0.559
  3897.426     4.694     0.559
  3989.025     4.694     0.559
  3989.125     4.540     0.864
  3989.226     4.488     0.915
  3989.326     4.488     0.915
  3989.428     4.385     1.016
  3989.528     4.333     1.067
  3989.628     4.333     1.118
  3989.729     4.333     1.169
  3989.829     4.333     1.220
  3989.930     4.333     1.220
  3990.030     4.333     1.271
  3990.131     4.282     1.321
  3990.232     4.282     1.372
  3991.238     4.282     1.372
  3991.338     4.333     1.372
  3991.440     4.333     1.423
  3991.540     4.385     1.423
  3991.741     4.385     1.423
  3991.841     4.488     1.423
  3993.955     4.488     1.423
  3994.055     4.591     1.423
  3994.157     4.643     1.423
  3994.257     4.694     1.423
  3994.359     4.746     1.525
  3994.459     4.746     1.525
  3994.561     4.746     1.576
  3994.660     4.797     1.626
  3994.761     4.849     1.626
  3994.862     4.900     1.677
  3994.963     4.900     1.677
  3995.063     4.952     1.677
  3995.164     5.004     1.677
  3995.265     5.004     1.677
  3995.364     5.056     1.677
  3995.868     5.056     1.677
  3995.969     5.107     1.677
  3996.068     5.107     1.677
  3996.169     5.107     1.779
  3996.271     5.107     1.779
  3996.371     5.159     1.880
  3996.471     5.313     1.880
  3996.571     5.416     1.880
  3996.673     5.468     1.880
  3996.774     5.520     1.880
  3996.874     5.623     1.880
  3997.076     5.623     1.880
  3997.176     5.674     1.880
  3997.276     5.778     1.880
  3997.379     5.829     1.880
  3998.385     5.829     1.880
  3998.485     5.932     1.931
  3998.586     5.932     1.931
  3998.688     5.984     1.931
  3998.788     6.087     1.931
  3998.889     6.139     1.931
  3999.392     6.139     1.931
  3999.493     6.190     1.931
  3999.595     6.242     1.931
  3999.695     6.293     1.880
  3999.796     6.293     1.830
  4000.198     6.293     1.830
  4000.299     6.293     1.779
  4000.400     6.345     1.779
  4002.010     6.345     1.779
  4002.109     6.396     1.779
  4002.210     6.448     1.779
  4002.312     6.500     1.779
  4003.016     6.500     1.779
  4003.115     6.552     1.779
  4005.128     6.552     1.779
  4005.229     6.603     1.779
  4005.330     6.655     1.779
  4005.531     6.655     1.779
  4005.632     6.706     1.779
  4005.734     6.758     1.779
  4007.042     6.758     1.779
  4007.144     6.706     1.779
  4007.244     6.655     1.830
  4042.878     6.655     1.830
  4042.979     6.655     1.779
  4043.080     6.706     1.677
  4043.382     6.706     1.677
  4043.484     6.758     1.677
  4073.284     6.758     1.677
  4073.386     6.809     1.677
  4073.487     6.809     1.677
  4073.587     6.861     1.677
  4073.688     6.912     1.677
  4073.787     6.964     1.677
  4073.889     7.016     1.677
  4073.988     7.119     1.677
  4074.089     7.170     1.677
  4074.190     7.222     1.677
  4074.994     7.222     1.677
  4075.095     7.222     1.626
  4075.197     7.222     1.626
  4075.296     7.273     1.626
  4075.397     7.376     1.576
  4075.497     7.376     1.525
  4076.000     7.376     1.525
  4076.101     7.531     1.474
  4077.108     7.531     1.474
  4077.208     7.583     1.474
  4077.310     7.635     1.474
  4077.409     7.686     1.474
  4077.511     7.738     1.474
  4077.813     7.738     1.474
  4077.912     7.789     1.474
  4078.416     7.789     1.474
  4078.516     7.892     1.474
  4082.444     7.892     1.474
  4082.544     7.892     1.423
  4082.645     7.841     1.372
  4082.744     7.738     1.372
  4082.946     7.738     1.372
  4083.046     7.686     1.372
  4083.147     7.686     1.372
  4083.248     7.686     1.321
  4085.060     7.686     1.321
  4085.160     7.686     1.271
  4085.261     7.686     1.271
  4085.362     7.583     1.271
  4085.462     7.583     1.271
  4085.563     7.531     1.271
  4085.663     7.480     1.271
  4085.763     7.376     1.271
  4085.964     7.376     1.271
  4086.065     7.273     1.271
  4086.166     7.170     1.271
  4086.267     7.119     1.169
  4086.367     7.119     1.118
  4086.468     7.119     1.016
  4086.569     7.119     0.966
  4086.669     7.119     0.915
  4088.592     7.119     0.915
  4088.693     7.222     0.915
  4088.793     7.273     0.966
  4088.893     7.325     1.016
  4088.993     7.325     1.067
  4089.094     7.376     1.118
  4089.196     7.429     1.118
  4089.296     7.531     1.118
  4089.598     7.531     1.118
  4089.699     7.531     1.169
  4089.799     7.531     1.220
  4090.000     7.531     1.220
  4090.102     7.531     1.271
  4091.813     7.531     1.271
  4091.912     7.531     1.321
  4092.012     7.583     1.372
  4092.314     7.583     1.372
  4092.415     7.583     1.423
  4092.517     7.480     1.474
  4092.617     7.429     1.525
  4093.020     7.429     1.525
  4093.120     7.480     1.677
  4093.220     7.583     1.830
  4093.322     7.583     1.830
  4093.422     7.635     1.830
  4093.523     7.738     1.830
  4096.039     7.738     1.830
  4096.140     7.738     1.779
  4096.240     7.738     1.677
  4096.341     7.738     1.626
  4096.442     7.738     1.576
  4096.544     7.738     1.474
  4096.645     7.789     1.372
  4096.744     7.789     1.372
  4096.845     7.789     1.321
  4096.946     7.789     1.220
  4097.046     7.789     1.169
  4097.147     7.841     1.169
  4097.247     7.996     1.118
  4097.348     7.996     1.118
  4097.448     7.996     1.016
  4097.549     7.996     1.016
  4097.650     7.996     0.966
  4097.751     7.996     0.915
  4098.354     7.996     0.915
  4098.454     8.047     1.169
  4098.555     8.047     1.321
  4098.657     8.047     1.321
  4098.757     8.099     1.321
  4098.857     8.099     1.321
  4098.957     8.202     1.271
  4099.058     8.202     1.220
  4099.158     8.202     1.169
  4099.763     8.202     1.169
  4099.863     8.099     1.169
  4099.964     7.996     1.220
  4100.064     7.944     1.220
  4100.166     7.944     1.220
  4100.267     7.892     1.220
  4100.367     7.841     1.220
  4100.469     7.686     1.271
  4100.871     7.686     1.271
  4100.972     7.635     1.271
  4101.072     7.480     1.271
  4101.173     7.376     1.271
  4101.274     7.170     1.423
  4101.374     7.119     1.474
  4101.476     7.016     1.474
  4101.576     6.964     1.474
  4101.677     6.809     1.474
  4101.777     6.758     1.372
  4101.877     6.758     1.372
  4101.979     6.655     1.372
  4102.080     6.603     1.372
  4102.180     6.552     1.423
  4102.281     6.448     1.474
  4102.383     6.345     1.474
  4102.584     6.345     1.474
  4102.685     6.345     1.525
  4102.784     6.293     1.626
  4102.885     6.190     1.677
  4103.789     6.190     1.677
  4103.892     6.242     1.677
  4103.991     6.242     1.677
  4104.092     6.293     1.677
  4104.293     6.293     1.677
  4104.394     6.345     1.525
  4104.494     6.345     1.321
  4104.596     6.448     1.271
  4104.697     6.552     1.271
  4104.796     6.552     1.169
  4104.897     6.655     1.067
  4104.997     6.706     1.016
  4105.098     6.758     0.966
  4105.198     6.758     0.915
  4105.299     6.758     0.864
  4105.400     6.706     0.762
  4105.501     6.706     0.712
  4105.601     6.706     0.661
  4105.701     6.706     0.610
  4105.801     6.706     0.610
  4105.903     6.603     0.610
  4106.003     6.552     0.610
  4106.911     6.552     0.610
  4107.013     6.500     0.661
  4107.113     6.500     0.661
  4107.213     6.448     0.661
  4107.314     6.396     0.661
  4107.414     6.293     0.712
  4107.715     6.293     0.712
  4107.818     6.345     0.712
  4107.916     6.396     0.712
  4109.024     6.396     0.712
  4109.124     6.448     0.712
  4109.225     6.500     0.712
  4109.627     6.500     0.712
  4109.728     6.552     0.712
  4109.828     6.552     0.712
  4109.929     6.603     0.712
  4110.532     6.603     0.712
  4110.633     6.758     0.712
  4110.734     6.861     0.712
  4110.834     6.912     0.712
  4111.639     6.912     0.712
  4111.739     6.912     0.813
  4112.041     6.912     0.813
  4112.143     6.964     0.813
  4112.245     7.016     0.813
  4112.345     7.067     0.813
  4112.747     7.067     0.813
  4112.848     7.119     0.864
  4112.948     7.119     0.864
  4113.049     7.170     0.864
  4113.152     7.170     0.915
  4113.253     7.170     0.915
  4113.353     7.222     0.915
  4113.453     7.273     0.915
  4113.555     7.325     0.915
  4114.361     7.325     0.915
  4114.461     7.429     0.966
  4115.969     7.429     0.966
  4116.071     7.480     0.966
  4116.573     7.480     0.966
  4116.673     7.635     0.966
  4116.774     7.686     0.966
  4117.178     7.686     0.966
  4117.278     7.738     0.966
  4117.378     7.841     0.966
  4117.480     7.841     0.966
  4117.580     7.841     0.915
  4117.681     7.841     0.813
  4117.782     8.047     0.813
  4117.882     8.099     0.762
  4117.982     8.099     0.762
  4118.082     8.202     0.661
  4118.184     8.202     0.610
  4118.284     8.202     0.610
  4118.385     8.254     0.610
  4120.800     8.254     0.610
  4120.900     8.409     0.610
  4121.000     8.615     0.559
  4121.805     8.615     0.559
  4121.907     8.563     0.559
  4122.006     8.460     0.559
  4122.510     8.460     0.559
  4122.610     8.460     0.712
  4125.629     8.460     0.712
  4125.730     8.254     0.864
  4125.831     7.892     1.118
  4125.930     7.789     1.169
  4126.233     7.789     1.169
  4126.333     7.789     1.271
  4126.433     7.789     1.321
  4126.533     7.841     1.321
  4126.636     7.892     1.321
  4126.735     7.944     1.321
  4129.152     7.944     1.321
  4129.252     7.944     1.372
  4129.353     7.892     1.423
  4129.453     7.892     1.423
  4129.554     7.841     1.525
  4129.956     7.841     1.525
  4130.056     7.892     1.525
  4130.157     7.892     1.525
  4130.258     7.944     1.525
  4130.359     7.944     1.525
  4130.459     7.996     1.525
  4130.961     7.996     1.525
  4131.063     7.996     1.474
  4131.162     7.996     1.474
  4131.264     7.996     1.423
  4131.365     7.996     1.372
  4131.465     7.944     1.372
  4147.063     7.944     1.372
  4147.165     8.047     1.372
  4147.267     8.099     1.372
  4147.367     8.099     1.321
  4147.468     8.099     1.220
  4147.568     8.099     1.169
  4147.669     8.202     1.169
  4147.770     8.305     1.169
  4147.870     8.357     1.169
  4147.971     8.357     1.067
  4148.072     8.357     0.966
  4148.172     8.409     0.915
  4148.475     8.409     0.915
  4148.575     8.254     0.915
  4148.676     8.150     0.915
  4148.776     8.150     0.915
  4148.876     8.047     0.915
  4148.978     7.944     0.915
  4149.077     7.841     0.915
  4149.783     7.841     0.915
  4149.884     7.841     0.966
  4149.986     7.841     0.966
  4150.086     7.841     1.016
  4150.186     7.841     1.067
  4150.286     7.841     1.118
  4151.394     7.841     1.118
  4151.494     7.841     1.220
  4151.597     7.841     1.271
  4151.698     7.789     1.271
  4151.798     7.686     1.321
  4151.899     7.686     1.372
  4152.702     7.686     1.372
  4152.803     7.738     1.372
  4152.904     7.738     1.372
  4153.004     7.789     1.372
  4153.814     7.789     1.372
  4153.913     7.789     1.321
  4154.014     7.789     1.271
  4154.518     7.789     1.271
  4154.618     7.789     1.220
  4155.824     7.789     1.220
  4155.925     7.738     1.321
  4156.027     7.686     1.372
  4156.127     7.635     1.423
  4156.228     7.635     1.423
  4156.328     7.635     1.474
  4157.437     7.635     1.474
  4157.536     7.583     1.474
  4157.638     7.531     1.474
  4157.739     7.531     1.474
  4157.838     7.531     1.423
  4157.940     7.531     1.372
  4158.039     7.531     1.321
  4158.140     7.531     1.321
  4158.241     7.531     1.271
  4159.148     7.531     1.271
  4159.248     7.531     1.220
  4159.348     7.531     1.169
  4159.851     7.531     1.169
  4159.951     7.429     1.118
  4160.254     7.429     1.118
  4160.355     7.429     0.966
  4160.455     7.429     0.915
  4160.556     7.429     0.915
  4160.657     7.325     0.915
  4160.757     7.273     0.915
  4161.160     7.273     0.915
  4161.261     7.222     0.915
  4161.362     7.119     0.915
  4161.462     7.119     0.966
  4161.764     7.119     0.966
  4161.865     7.016     1.016
  4161.965     6.964     1.016
  4162.066     6.861     1.067
  4162.166     6.809     1.067
  4162.267     6.758     1.169
  4162.367     6.758     1.220
  4162.569     6.758     1.220
  4162.669     6.758     1.271
  4162.770     6.655     1.372
  4163.095     6.655     1.372
  4163.171     6.603     1.423
  4163.272     6.552     1.525
  4163.373     6.552     1.525
  4163.474     6.500     1.576
  4163.574     6.448     1.626
  4163.676     6.396     1.626
  4163.777     6.396     1.677
  4163.876     6.345     1.677
  4164.078     6.345     1.677
  4164.179     6.396     1.626
  4164.280     6.448     1.576
  4164.380     6.500     1.474
  4164.481     6.500     1.423
  4164.581     6.500     1.423
  4164.683     6.552     1.321
  4164.782     6.603     1.321
  4164.882     6.655     1.321
  4165.083     6.655     1.321
  4165.185     6.655     1.271
  4165.285     6.655     1.271
  4165.387     6.655     1.220
  4165.487     6.706     1.220
  4165.588     6.758     1.220
  4165.688     6.809     1.220
  4166.492     6.809     1.220
  4166.594     6.706     1.271
  4166.693     6.552     1.321
  4166.795     6.396     1.423
  4166.995     6.396     1.423
  4167.095     6.345     1.423
  4167.197     6.242     1.423
  4167.297     6.087     1.423
  4167.398     6.036     1.423
  4167.498     6.036     1.423
  4167.600     6.036     1.321
  4167.699     6.036     1.321
  4167.800     6.036     1.271
  4167.901     6.036     1.271
  4168.001     5.984     1.220
  4168.102     5.829     1.220
  4168.202     5.726     1.169
  4168.303     5.623     1.169
  4168.504     5.623     1.169
  4168.605     5.623     1.118
  4168.907     5.623     1.118
  4169.007     5.623     1.067
  4170.719     5.623     1.067
  4170.820     5.571     1.067
  4170.919     5.468     1.118
  4171.020     5.468     1.118
  4171.120     5.416     1.118
  4171.825     5.416     1.118
  4171.926     5.520     1.169
  4172.027     5.520     1.169
  4172.128     5.571     1.220
  4172.228     5.623     1.271
  4172.328     5.623     1.271
  4172.430     5.674     1.271
  4172.733     5.674     1.271
  4172.833     5.674     1.321
  4172.933     5.674     1.321
  4173.033     5.674     1.372
  4173.335     5.674     1.372
  4173.437     5.674     1.423
  4173.537     5.571     1.423
  4184.409     5.571     1.423
  4184.508     5.520     1.372
  4184.610     5.520     1.321
  4184.709     5.520     1.169
  4184.811     5.520     1.118
  4184.911     5.520     0.966
  4185.011     5.571     0.864
  4185.112     5.623     0.813
  4185.414     5.623     0.813
  4185.515     5.623     0.712
  4185.616     5.623     0.661
  4185.716     5.674     0.661
  4185.817     5.726     0.661
  4185.918     5.778     0.661
  4186.019     5.829     0.661
  4186.120     5.829     0.610
  4186.723     5.829     0.610
  4186.824     5.829     0.559
  4186.925     5.829     0.559
  4187.025     5.829     0.508
  4187.125     5.829     0.458
  4187.227     5.829     0.407
  4187.326     5.829     0.407
  4187.427     5.829     0.356
  4187.930     5.829     0.356
  4188.031     5.881     0.356
  4188.132     5.881     0.305
  4188.233     5.881     0.254
  4199.405     5.881     0.254
  4199.505     5.829     0.254
  4408.077     5.829     0.254
  4408.177     5.829     0.203
  4408.278     5.829     0.203
  4408.378     5.881     0.203
  4408.478     5.932     0.203
  4415.124     5.932     0.203
  4415.224     6.087     0.203
  4415.325     6.139     0.203
  4415.426     6.190     0.203
  4415.526     6.293     0.203
  4415.627     6.345     0.203
  4415.727     6.345     0.203
  4415.828     6.396     0.203
  4415.928     6.448     0.203
  4416.029     6.500     0.203
  4416.130     6.603     0.203
  4416.231     6.758     0.203
  4416.332     6.758     0.254
  4416.431     6.809     0.254
  4416.532     6.861     0.356
  4417.338     6.861     0.356
  4417.438     6.912     0.356
  4417.539     7.016     0.356
  4417.639     7.067     0.356
  4417.840     7.067     0.356
  4417.941     7.119     0.356
  4418.042     7.119     0.356
  4418.142     7.170     0.356
  4418.243     7.170     0.356
  4418.343     7.222     0.356
  4418.545     7.222     0.356
  4418.645     7.273     0.356
  4418.948     7.273     0.356
  4419.049     7.325     0.356
  4421.867     7.325     0.356
  4421.967     7.480     0.356
  4422.067     7.583     0.356
  4422.169     7.686     0.356
  4422.267     7.686     0.356
  4422.368     7.738     0.356
  4422.469     7.841     0.305
  4422.570     7.892     0.305
  4423.174     7.892     0.305
  4423.275     7.841     0.305
  4423.376     7.789     0.305
  4423.476     7.738     0.305
  4423.577     7.583     0.305
  4423.677     7.429     0.305
  4423.779     7.376     0.305
  4424.181     7.376     0.305
  4424.282     7.376     0.254
  4424.784     7.376     0.254
  4424.884     7.325     0.254
  4424.986     7.273     0.254
  4425.186     7.273     0.254
  4425.288     7.222     0.254
  4425.387     7.222     0.254
  4425.488     7.170     0.254
  4425.589     7.067     0.254
  4425.689     7.016     0.254
  4425.790     7.016     0.254
  4425.891     6.964     0.254
  4426.193     6.964     0.254
  4426.293     6.861     0.254
  4426.393     6.809     0.254
  4426.493     6.758     0.254
  4426.594     6.706     0.254
  4426.696     6.603     0.254
  4426.796     6.603     0.254
  4426.896     6.552     0.254
  4426.997     6.552     0.203
  4427.501     6.552     0.203
  4427.601     6.500     0.203
  4427.702     6.448     0.203
  4427.804     6.396     0.203
  4427.905     6.345     0.203
  4428.105     6.345     0.203
  4428.207     6.242     0.203
  4428.307     6.242     0.254
  4428.407     6.190     0.254
  4428.508     6.190     0.254
  4428.609     6.139     0.254
  4428.709     6.139     0.254
  4428.809     6.036     0.356
  4428.910     5.932     0.356
  4429.011     5.881     0.356
  4429.112     5.829     0.356
  4429.213     5.726     0.356
  4429.312     5.726     0.356
  4429.414     5.674     0.356
  4429.513     5.571     0.356
  4429.614     5.520     0.356
  4429.715     5.468     0.356
  4429.816     5.416     0.356
  4429.917     5.416     0.356
  4430.017     5.313     0.305
  4430.118     5.262     0.305
  4430.217     5.262     0.254
  4431.424     5.262     0.254
  4431.525     5.262     0.203
  4431.626     5.262     0.153
  4434.444     5.262     0.153
  4434.545     5.262     0.203
  4434.645     5.262     0.254
  4435.249     5.262     0.254
  4435.351     5.159     0.356
  4437.766     5.159     0.356
  4437.866     5.107     0.356
  4437.967     5.004     0.356
  4438.068     4.952     0.407
  4438.169     4.900     0.458
  4438.268     4.900     0.508
  4438.973     4.900     0.508
  4439.074     4.849     0.508
  4439.174     4.849     0.559
  4439.677     4.849     0.559
  4439.778     4.797     0.610
  4439.880     4.746     0.661
  4442.398     4.746     0.661
  4442.498     4.694     0.610
  4442.599     4.694     0.559
  4442.700     4.643     0.559
  4442.901     4.643     0.559
  4443.002     4.591     0.559
  4444.510     4.591     0.559
  4444.612     4.694     0.559
  4444.713     4.746     0.559
  4444.812     4.797     0.559
  4445.116     4.797     0.559
  4445.216     4.797     0.661
  4445.317     4.797     0.661
  4445.418     4.746     0.661
  4446.222     4.746     0.661
  4446.323     4.746     0.762
  4452.061     4.746     0.762
  4452.163     4.746     0.813
  4452.362     4.746     0.813
  4452.464     4.797     0.813
  4452.564     4.849     0.864
  4452.664     4.900     0.864
  4453.872     4.900     0.864
  4453.972     4.900     1.016
  4454.074     4.900     1.067
  4454.275     4.900     1.067
  4454.375     5.004     1.067
  4454.476     5.056     1.067
  4454.577     5.056     1.067
  4454.677     5.107     1.067
  4454.778     5.159     1.067
  4454.880     5.262     1.067
  4455.684     5.262     1.067
  4455.785     5.313     1.067
  4455.885     5.416     1.067
  4455.986     5.571     1.067
  4456.088     5.674     1.067
  4456.188     5.726     1.067
  4456.288     5.829     1.067
  4456.389     5.984     1.067
  4456.489     6.087     1.067
  4456.591     6.190     1.067
  4456.692     6.293     1.067
  4456.792     6.345     1.067
  4456.893     6.448     1.067
  4456.993     6.603     1.067
  4457.094     6.655     1.067
  4457.194     6.809     1.067
  4457.296     7.016     1.067
  4457.396     7.170     1.067
  4457.496     7.273     1.067
  4457.596     7.376     1.067
  4457.697     7.376     1.067
  4457.798     7.480     1.067
  4457.898     7.480     1.067
  4457.999     7.583     1.067
  4458.099     7.686     1.067
  4458.201     7.789     1.067
  4458.301     7.841     1.067
  4458.402     7.892     1.067
  4458.502     7.996     1.067
  4458.602     8.047     1.067
  4458.703     8.357     1.067
  4458.803     8.512     1.067
  4458.905     8.563     1.067
  4459.006     8.563     0.966
  4459.106     8.615     0.915
  4459.207     8.615     0.864
  4459.307     8.615     0.864
  4459.408     8.615     0.813
  4459.507     8.615     0.762
  4459.608     8.512     0.762
  4459.709     8.460     0.762
  4459.810     8.409     0.762
  4459.910     8.357     0.762
  4460.917     8.357     0.762
  4461.017     8.305     0.762
  4461.118     8.099     0.762
  4461.218     7.996     0.762
  4461.318     7.944     0.712
  4461.419     7.892     0.712
  4461.519     7.892     0.661
  4461.620     7.892     0.610
  4461.720     7.841     0.610
  4461.821     7.738     0.610
  4461.923     7.635     0.610
  4462.024     7.480     0.610
  4462.124     7.376     0.610
  4462.225     7.325     0.610
  4462.627     7.325     0.610
  4462.727     7.273     0.610
  4462.930     7.273     0.610
  4463.030     7.222     0.610
  4463.132     7.016     0.610
  4463.635     7.016     0.610
  4463.737     6.964     0.712
  4463.838     6.912     0.712
  4464.645     6.912     0.712
  4464.745     6.964     0.712
  4464.847     6.964     0.610
  4464.948     6.964     0.559
  4465.755     6.964     0.559
  4465.855     6.964     0.508
  4477.327     6.964     0.508
  4477.427     6.809     0.508
  4483.167     6.809     0.508
  4483.267     6.809     0.458
  4483.368     6.758     0.458
  4593.108     6.758     0.458
  4593.209     6.758     0.407
  4593.309     6.758     0.305
  4593.410     6.758     0.305
  4593.512     6.758     0.254
  4593.713     6.758     0.254
  4593.813     6.809     0.254
  4593.915     6.809     0.254
  4594.015     6.809     0.203
  4594.217     6.809     0.203
  4594.317     6.809     0.153
  4639.158     6.809     0.153
  4639.258     6.861     0.153
  5113.485     6.861     0.153
  5113.585     6.912     0.153
  5114.088     6.912     0.153
  5114.189     6.964     0.153
  5114.289     6.964     0.153
  5114.390     7.016     0.153
  5114.894     7.016     0.153
  5114.995     7.067     0.153
  5116.506     7.067     0.153
  5116.606     7.170     0.153
  5116.706     7.170     0.153
  5116.808     7.222     0.153
  5116.907     7.273     0.153
  5117.008     7.325     0.153
  5117.108     7.376     0.153
  5117.209     7.376     0.153
  5117.310     7.429     0.153
  5117.614     7.429     0.153
  5117.715     7.480     0.153
  5117.816     7.531     0.153
  5117.914     7.583     0.153
  5121.644     7.583     0.153
  5121.743     7.583     0.102
  5121.844     7.635     0.102
  5121.945     7.635     0.102
  5122.045     7.738     0.102
  5125.780     7.738     0.102
  5125.880     7.841     0.102
  5125.980     7.944     0.102
