     3.563     5.210     9.909
     5.801     5.210     9.909
     5.901     5.004     9.859
     6.002     4.952     9.859
     6.607     4.952     9.859
     6.708     4.849     9.909
     6.809     4.849     9.960
     7.717     4.849     9.960
     7.818     4.694     9.960
     7.917     4.540    10.113
     8.019     4.488    10.214
     8.119     4.488    10.316
     8.522     4.488    10.316
     8.624     4.436    10.316
     9.428     4.436    10.316
     9.528     4.385    10.367
    10.334     4.385    10.367
    10.435     4.385    10.418
    10.537     4.385    10.469
    10.637     4.333    10.519
    10.738     4.333    10.570
    11.141     4.333    10.570
    11.241     4.333    10.621
    11.849     4.333    10.621
    11.949     4.385    10.672
    14.576     4.385    10.672
    14.678     4.385    10.722
    14.778     4.385    10.773
    14.979     4.385    10.773
    15.079     4.488    10.824
    15.180     4.591    10.875
    15.280     4.643    10.875
    15.685     4.643    10.875
    15.786     4.694    10.875
    15.887     4.694    10.926
    15.987     4.694    10.977
    16.288     4.694    10.977
    16.389     4.694    11.078
    16.490     4.694    11.078
    16.590     4.694    11.180
    19.208     4.694    11.180
    19.309     4.591    11.282
    19.409     4.540    11.332
    19.510     4.540    11.383
    19.611     4.488    11.535
    19.712     4.488    11.587
    19.813     4.488    11.637
    19.912     4.488    11.688
    20.616     4.488    11.688
    20.718     4.488    11.739
    21.120     4.488    11.739
    21.221     4.385    11.790
    21.522     4.385    11.790
    21.623     4.385    11.840
    23.841     4.385    11.840
    23.942     4.385    11.891
    24.043     4.385    11.942
    24.144     4.385    11.942
    24.245     4.333    12.044
    24.346     4.333    12.044
    24.446     4.282    12.145
    24.548     4.282    12.196
    24.648     4.282    12.247
    26.767     4.282    12.247
    26.867     4.488    12.247
    26.968     4.488    12.247
    27.069     4.540    12.247
    27.170     4.591    12.247
    27.270     4.591    12.247
    27.372     4.643    12.247
    28.076     4.643    12.247
    28.178     4.540    12.501
    28.279     4.488    12.806
    28.380     4.488    13.111
    28.480     4.488    13.162
    28.581     4.488    13.263
    28.683     4.488    13.263
    28.783     4.488    13.365
    28.884     4.488    13.466
    28.985     4.436    13.670
    29.086     4.436    13.822
    29.187     4.385    14.076
    29.287     4.385    14.229
    29.388     4.385    14.280
    29.591     4.385    14.280
    29.690     4.385    14.432
    29.791     4.385    14.737
    29.892     4.385    14.991
    29.992     4.488    15.449
    30.093     4.488    15.601
    30.193     4.540    15.652
    30.294     4.746    15.753
    30.396     5.004    15.804
    30.497     5.313    15.906
    30.598     5.416    15.957
    30.698     5.416    16.007
    32.813     5.416    16.007
    32.914     5.262    16.007
    33.014     4.952    16.109
    33.114     4.746    16.262
    33.215     4.643    16.363
    33.315     4.643    16.414
    33.416     4.643    16.465
    33.818     4.643    16.465
    33.920     4.694    16.465
    34.020     4.694    16.465
    34.120     4.797    16.515
    34.221     4.849    16.567
    34.322     4.849    16.719
    34.423     4.849    16.871
    34.523     4.797    17.075
    34.623     4.797    17.278
    34.726     4.746    17.380
    34.826     4.746    17.380
    34.928     4.746    17.481
    35.027     4.746    17.481
    35.128     4.746    17.532
    35.229     4.746    17.583
    35.329     4.694    17.633
    35.430     4.643    17.633
    35.530     4.385    17.837
    35.632     4.333    17.888
    35.731     4.282    17.938
    35.832     4.282    17.938
    35.934     4.230    17.938
    36.033     4.230    17.989
    36.134     4.076    18.243
    36.236     3.920    18.345
    36.337     3.817    18.498
    36.438     3.817    18.548
    36.539     3.714    18.599
    36.639     3.611    18.701
    36.740     3.560    18.751
    36.841     3.508    18.853
    36.942     3.456    19.006
    37.042     3.250    19.158
    37.143     3.147    19.260
    37.244     2.992    19.361
    37.345     2.837    19.615
    37.444     2.786    19.717
    37.546     2.683    19.920
    37.646     2.580    20.022
    37.747     2.476    20.073
    37.948     2.476    20.073
    38.048     2.424    20.073
    38.148     2.373    20.073
    38.250     2.218    20.073
    38.352     2.064    20.073
    38.452     1.909    20.073
    38.553     1.806    20.073
    38.654     1.806    20.073
    38.755     1.703    20.022
    38.855     1.600    19.920
    38.958     1.496    19.869
    39.058     1.496    19.768
    39.158     1.496    19.717
    39.259     1.547    19.717
    39.360     1.703    19.717
    39.461     1.703    19.717
    39.562     1.703    19.666
    39.662     1.703    19.615
    40.065     1.703    19.615
    40.166     1.754    19.615
    40.268     1.806    19.615
    40.368     1.960    19.615
    40.469     2.167    19.615
    40.672     2.167    19.615
    40.772     2.167    19.564
    40.872     2.167    19.514
    40.973     2.218    19.361
    41.073     2.321    19.311
    41.175     2.373    19.260
    41.283     2.528    19.209
    41.384     2.734    19.056
    41.485     2.992    19.006
    41.585     3.302    18.853
    41.687     3.405    18.802
    41.787     3.560    18.802
    41.887     3.869    18.802
    41.988     4.230    18.802
    42.088     4.385    18.853
    42.289     4.385    18.853
    42.390     4.333    19.006
    42.490     4.333    19.056
    43.094     4.333    19.056
    43.194     4.333    19.260
    43.295     4.333    19.412
    43.397     4.333    19.463
    43.599     4.333    19.463
    43.699     4.436    19.463
    43.799     4.643    19.514
    43.900     4.746    19.615
    44.000     4.849    19.819
    44.102     4.849    19.971
    44.203     5.004    20.174
    44.304     5.262    20.276
    44.403     5.416    20.377
    44.505     5.674    20.377
    44.605     6.036    20.429
    44.705     6.396    20.530
    44.807     6.809    20.682
    44.906     7.119    20.682
    45.007     7.325    20.784
    45.107     7.583    20.835
    45.209     7.841    20.835
    45.311     8.150    20.886
    45.411     8.357    20.886
    45.512     8.666    20.886
    45.612     8.976    20.886
    45.714     9.337    20.886
    45.814     9.698    20.886
    45.915    10.265    20.886
    46.016    10.626    20.886
    46.115    10.936    20.886
    46.216    11.194    20.886
    46.316    11.400    20.835
    46.418    11.710    20.784
    46.520    11.968    20.581
    46.620    12.587    20.225
    46.720    12.793    19.869
    46.821    12.845    19.819
    46.922    13.051    19.717
    47.022    13.154    19.717
    47.123    13.206    19.717
    48.431    13.206    19.717
    48.531    13.257    19.615
    48.633    13.309    19.514
    48.733    13.825    19.514
    48.846    13.928    19.514
    48.946    13.928    19.514
    49.046    13.980    19.514
    49.146    14.031    19.463
    49.247    14.031    19.463
    49.348    14.083    19.463
    49.658    14.083    19.463
    49.759    14.134    19.463
    49.858    14.186    19.412
    49.968    14.341    19.412
    50.070    14.444    19.361
    50.172    14.650    19.260
    50.272    14.754    19.260
    50.373    14.908    19.209
    50.474    15.011    19.056
    50.574    15.011    18.853
    50.675    15.166    18.751
    50.774    15.681    18.446
    50.876    16.094    18.446
    50.976    16.352    18.396
    51.076    16.507    18.396
    51.177    16.559    18.193
    51.277    16.868    18.040
    51.378    17.177    17.938
    51.480    17.487    17.938
    51.580    17.797    17.938
    51.681    18.054    17.938
    51.781    18.106    17.938
    51.882    18.261    17.938
    51.982    18.364    17.938
    52.082    18.416    17.938
    52.183    18.416    17.938
    52.283    18.519    17.938
    52.385    18.777    17.938
    52.485    18.983    17.989
    52.587    19.190    17.989
    52.687    19.293    17.938
    52.789    19.293    17.837
    52.890    19.344    17.735
    52.990    19.396    17.633
    53.090    19.550    17.633
    53.192    19.706    17.633
    53.293    19.860    17.633
    53.394    20.015    17.633
    53.494    20.118    17.633
    53.596    20.118    17.684
    53.797    20.118    17.684
    53.896    20.376    17.684
    53.998    20.634    17.684
    54.098    20.892    17.786
    54.198    21.098    17.837
    54.299    21.253    17.888
    54.399    21.304    17.888
    54.803    21.304    17.888
    54.903    21.459    17.888
    55.003    21.666    17.888
    55.104    21.717    17.888
    55.205    21.717    17.684
    55.306    21.717    17.532
    55.407    21.769    17.430
    71.205    21.769    17.430
    71.307    21.769    17.329
    71.406    21.872    17.176
    71.508    21.872    17.125
    71.609    21.872    17.024
    71.711    21.975    17.024
    71.812    22.336    16.973
    71.912    22.542    16.973
    72.415    22.542    16.973
    72.516    22.542    16.922
    72.717    22.542    16.922
    72.816    22.542    16.719
    72.917    22.542    16.668
    73.118    22.542    16.668
    73.220    22.594    16.668
    73.320    22.594    16.617
    73.420    22.594    16.617
    73.522    22.646    16.515
    73.622    22.646    16.465
    73.723    22.697    16.465
    73.923    22.697    16.465
    74.024    22.749    16.363
    74.124    23.006    16.312
    74.226    23.059    16.262
    74.326    23.059    16.211
    74.428    23.059    16.160
    74.528    23.059    16.007
    74.629    23.059    15.804
    74.730    23.059    15.550
    74.931    23.059    15.550
    75.031    23.110    15.499
    75.133    23.265    15.499
    75.232    23.316    15.397
    75.335    23.574    15.347
    75.436    23.626    15.296
    75.537    23.626    15.296
    75.638    23.626    15.245
    75.738    23.677    15.144
    75.838    23.677    14.940
    75.940    23.729    14.686
    76.040    23.729    14.331
    76.143    23.883    14.178
    76.242    24.142    13.873
    76.344    24.142    13.771
    76.444    24.245    13.670
    76.545    24.245    13.670
    76.646    24.245    13.619
    78.461    24.245    13.619
    78.561    24.451    13.568
    78.662    24.451    13.568
    78.763    24.503    13.568
    79.769    24.503    13.568
    79.870    24.503    13.518
    80.170    24.503    13.518
    80.271    24.503    13.466
    80.976    24.503    13.466
    81.077    24.503    13.416
    81.278    24.503    13.416
    81.380    24.554    13.263
    81.480    24.812    13.009
    81.581    24.864    13.009
    81.686    24.864    13.009
    81.785    24.864    12.908
    81.886    24.915    12.806
    81.987    25.019    12.806
    82.088    25.019    12.755
    82.289    25.019    12.755
    82.390    25.070    12.704
    82.490    25.276    12.704
    82.591    25.328    12.704
    82.892    25.328    12.704
    82.992    25.431    12.653
    83.093    25.535    12.603
    83.193    25.586    12.603
    85.206    25.586    12.603
    85.309    25.741    12.501
    89.946    25.741    12.501
    90.048    26.102    12.298
    92.564    26.102    12.298
    92.664    26.205    12.298
    92.765    26.411    12.298
    93.065    26.411    12.298
    93.166    26.463    12.196
    93.268    26.463    12.145
    93.368    26.463    12.095
    93.470    26.463    12.044
    98.097    26.463    12.044
    98.197    26.463    11.942
    98.499    26.463    11.942
    98.601    26.515    11.942
    98.700    26.566    11.942
    98.802    26.669    11.942
   102.925    26.669    11.942
   103.025    26.669    11.840
   103.127    26.669    11.790
   103.327    26.669    11.790
   103.428    26.669    11.739
   103.527    26.669    11.688
   103.629    26.669    11.688
   103.730    26.772    11.688
   115.401    26.772    11.688
   115.503    26.772    11.840
   115.603    26.772    11.891
   115.903    26.772    11.891
   116.004    26.721    11.891
   121.439    26.721    11.891
   121.540    26.618    11.688
   121.641    26.618    11.587
   121.741    26.566    11.434
   121.842    26.515    11.383
   121.942    26.515    11.332
   127.790    26.515    11.332
   127.893    26.411    11.231
   127.993    26.411    11.231
   128.093    26.411    11.180
   128.193    26.411    11.180
   128.294    26.359    11.129
   128.396    26.359    11.027
   128.495    26.308    11.027
   129.804    26.308    11.027
   129.904    26.308    10.926
   136.447    26.308    10.926
   136.548    26.308    10.722
   136.950    26.308    10.722
   137.050    26.308    10.672
   137.150    26.256    10.570
   137.252    26.256    10.469
   137.352    26.256    10.418
   145.710    26.256    10.418
   145.811    26.153    10.519
   145.911    25.999    10.621
   146.012    25.999    10.672
   146.112    25.947    10.672
   146.213    25.895    10.672
   146.315    25.844    10.672
   151.343    25.844    10.672
   151.443    25.844    10.722
   169.272    25.844    10.722
   169.373    25.844    10.672
   169.476    25.792    10.570
   169.576    25.792    10.469
   169.677    25.792    10.418
   174.317    25.792    10.418
   174.419    25.947    10.265
   174.520    26.050    10.265
   182.374    26.050    10.265
   182.475    26.102    10.164
   182.575    26.102    10.164
   182.677    26.102    10.113
   182.776    26.102     9.960
   182.877    26.102     9.909
   183.278    26.102     9.909
   183.380    26.205     9.859
   183.491    26.205     9.859
   183.592    26.205     9.808
   187.517    26.205     9.808
   187.618    26.256     9.859
   197.909    26.256     9.859
   198.010    26.205     9.706
   198.313    26.205     9.706
   198.413    26.205     9.656
   198.514    26.205     9.604
   198.614    26.205     9.604
   198.715    26.205     9.554
   198.917    26.205     9.554
   199.016    26.205     9.503
   225.484    26.205     9.503
   225.586    26.153     9.503
   225.987    26.153     9.503
   226.088    26.153     9.452
   235.562    26.153     9.452
   235.662    26.153     9.249
   235.863    26.153     9.249
   235.964    26.153     9.198
   236.065    26.153     9.147
   236.165    26.153     9.096
   236.266    26.153     9.096
   236.366    26.153     9.046
   245.521    26.153     9.046
   245.621    26.256     8.842
   336.602    26.256     8.842
   336.702    26.256     8.791
   336.804    26.308     8.588
   336.903    26.308     8.588
   337.004    26.308     8.538
   337.306    26.308     8.538
   337.406    26.308     8.487
   337.910    26.308     8.487
   338.011    26.308     8.436
   339.922    26.308     8.436
   340.023    26.308     8.385
   387.719    26.308     8.385
   387.818    26.308     8.283
   387.920    26.308     8.233
   391.039    26.308     8.233
   391.140    26.308     8.182
   391.341    26.308     8.182
   391.442    26.359     8.182
   391.542    26.515     8.182
   391.643    26.566     8.182
   391.743    26.566     8.182
   391.844    26.618     8.182
   393.756    26.618     8.182
   393.856    26.566     8.182
   394.460    26.566     8.182
   394.561    26.515     8.182
   394.661    26.463     8.182
   394.763    26.411     8.182
   394.862    26.359     8.182
   394.963    26.308     8.182
   395.667    26.308     8.182
   395.768    26.463     8.182
   395.867    26.566     8.233
   395.969    26.824     8.283
   396.068    26.979     8.334
   396.170    27.082     8.487
   396.271    27.082     8.538
   396.673    27.082     8.538
   396.773    26.927     8.538
   396.874    26.824     8.538
   400.597    26.824     8.538
   400.697    26.824     8.639
   407.843    26.824     8.639
   407.943    26.824     8.791
   408.044    26.772     8.893
   408.145    26.669     9.198
   448.014    26.669     9.198
   448.114    26.669     9.046
   448.215    26.669     9.046
   448.317    26.875     9.046
   448.417    27.185     9.046
   448.517    27.391     9.046
   448.617    27.443     9.046
   448.818    27.443     9.046
   448.919    27.443     8.995
   496.414    27.443     8.995
   496.515    27.443     8.791
   496.715    27.443     8.791
   496.816    27.443     8.690
   496.917    27.443     8.639
   497.018    27.443     8.639
   497.119    27.495     8.639
   497.220    27.546     8.639
   497.319    27.598     8.639
   498.628    27.598     8.639
   498.729    27.598     8.741
   498.829    27.546     8.842
   500.237    27.546     8.842
   500.339    27.546     8.893
   500.440    27.495     8.944
   500.540    27.495     9.046
   500.841    27.495     9.046
   500.942    27.443     9.046
   501.042    27.340     9.096
   501.143    27.237     9.147
   510.098    27.237     9.147
   510.198    27.288     9.147
   535.181    27.288     9.147
   535.282    27.391     9.046
   535.382    27.546     9.046
   535.685    27.546     9.046
   535.784    27.598     9.046
   583.402    27.598     9.046
   583.501    27.546     9.046
   583.603    27.340     9.096
   588.436    27.340     9.096
   588.536    27.340     9.147
   588.637    27.340     9.249
   588.737    27.340     9.300
   588.837    27.340     9.351
   595.398    27.340     9.351
   595.499    27.340     9.300
   595.700    27.340     9.300
   595.801    27.340     9.249
   595.901    27.443     9.249
   596.203    27.443     9.249
   596.303    27.443     9.147
   596.403    27.443     9.147
   596.505    27.443     9.096
   596.606    27.443     9.046
   597.109    27.443     9.046
   597.209    27.495     9.046
   597.309    27.546     8.944
   597.410    27.598     8.944
   597.511    27.598     8.893
   597.611    27.649     8.893
   601.033    27.649     8.893
   601.135    27.752     8.791
   601.234    27.907     8.791
   601.437    27.907     8.791
   601.537    27.907     8.741
   601.638    27.959     8.741
   601.738    27.959     8.690
   602.444    27.959     8.690
   602.544    28.062     8.690
   602.647    28.165     8.690
   603.048    28.165     8.690
   603.150    28.165     8.639
   603.954    28.165     8.639
   604.054    28.165     8.791
   604.154    28.114     8.944
   604.256    28.062     8.995
   604.357    28.011     9.046
   604.457    27.855     9.147
   604.558    27.752     9.503
   604.659    27.701     9.757
   604.760    27.701     9.859
   604.859    27.701     9.960
   605.664    27.701     9.960
   605.765    27.701    10.011
   606.569    27.701    10.011
   606.670    27.649    10.011
   607.577    27.649    10.011
   607.678    27.649    10.113
   613.916    27.649    10.113
   614.017    27.598    10.113
   614.118    27.598    10.113
   614.219    27.546    10.113
   627.398    27.546    10.113
   627.498    27.546    10.214
   627.599    27.546    10.316
   685.356    27.546    10.316
   685.456    27.546    10.265
   685.557    27.546    10.214
   685.657    27.546    10.164
   685.757    27.546    10.062
   685.858    27.546     9.960
   685.958    27.495     9.909
   686.261    27.495     9.909
   686.361    27.495     9.808
   686.462    27.443     9.757
   714.334    27.443     9.757
   714.435    27.546     9.757
   714.535    27.649     9.757
   714.636    27.701     9.757
   714.736    27.752     9.757
   715.138    27.752     9.757
   715.239    27.752     9.808
   739.725    27.752     9.808
   739.825    28.114     9.808
   740.431    28.114     9.808
   740.532    28.114     9.706
   740.633    28.114     9.656
   782.218    28.114     9.656
   782.319    28.475     9.604
   782.418    28.526     9.604
   782.519    28.681     9.604
   782.620    28.732     9.604
   782.720    28.784     9.604
   790.467    28.784     9.604
   790.568    28.835     9.604
   790.669    28.887     9.604
   791.272    28.887     9.604
   791.372    28.887     9.554
   791.474    28.835     9.503
   791.675    28.835     9.503
   791.775    28.835     9.452
   791.875    28.835     9.452
   791.976    28.887     9.401
   792.077    28.939     9.351
   792.177    28.939     9.300
   792.278    28.939     9.249
   793.283    28.939     9.249
   793.385    28.991     9.249
   793.687    28.991     9.249
   793.787    28.991     9.198
   793.888    29.042     9.198
   793.988    29.094     9.147
   794.089    29.197     9.147
   794.190    29.248     9.147
   804.675    29.248     9.147
   804.776    29.145     9.147
   804.875    29.145     9.147
   804.977    29.094     9.147
   805.076    29.094     9.147
   805.178    29.094     9.096
   805.279    29.094     9.096
   805.379    29.094     8.995
   805.982    29.094     8.995
   806.082    29.094     8.944
   880.072    29.094     8.944
   880.174    29.042     8.842
   880.274    29.042     8.791
   880.576    29.042     8.791
   880.677    28.991     8.741
   880.778    28.991     8.741
   880.877    28.939     8.741
   881.381    28.939     8.741
   881.482    28.887     8.741
   881.582    28.835     8.741
   890.741    28.835     8.741
   890.841    28.835     8.842
   891.445    28.835     8.842
   891.546    28.732     8.842
   891.646    28.681     8.842
   891.746    28.681     8.842
   891.847    28.578     8.842
   891.949    28.526     8.842
   894.867    28.526     8.842
   894.968    28.526     8.944
   895.069    28.578     9.147
   924.494    28.578     9.147
   924.593    28.526     8.944
   925.197    28.526     8.944
   925.298    28.629     8.944
   925.600    28.629     8.944
   925.701    28.681     8.944
   925.800    28.681     8.944
   925.902    28.732     8.944
   926.304    28.732     8.944
   926.405    28.784     8.995
   926.506    28.784     8.995
   926.607    28.835     9.046
   926.707    28.939     9.046
   926.908    28.939     9.046
   927.009    28.939     9.096
   927.110    28.939     9.096
   927.210    29.042     9.096
   927.311    29.094     9.147
   935.059    29.094     9.147
   935.159    29.145     9.249
   935.260    29.145     9.249
   935.361    29.145     9.300
   935.562    29.145     9.300
   935.663    29.197     9.300
   939.887    29.197     9.300
   939.988    29.248     9.300
   946.931    29.248     9.300
   947.031    29.197     9.300
   947.132    29.197     9.249
   947.233    29.197     9.198
   947.334    29.145     9.147
   948.757    29.145     9.147
   948.858    29.094     9.147
   948.957    29.042     9.147
   949.059    29.042     9.147
   949.159    28.887     9.147
   949.260    28.784     9.147
   949.362    28.681     9.147
   949.462    28.578     9.147
   962.461    28.578     9.147
   962.562    28.578     8.995
   962.663    28.578     8.944
   962.964    28.578     8.944
   963.065    28.578     8.893
   963.165    28.578     8.893
   963.266    28.578     8.842
  1100.360    28.578     8.842
  1100.460    28.629     8.791
  1100.862    28.629     8.791
  1100.962    28.784     8.791
  1101.063    28.939     8.842
  1101.163    28.991     8.893
  1101.667    28.991     8.893
  1101.768    29.042     8.995
  1101.868    29.042     8.995
  1101.980    29.042     9.046
  1103.388    29.042     9.046
  1103.489    29.042     8.995
  1103.589    29.042     8.944
  1103.890    29.042     8.944
  1103.990    28.991     8.791
  1104.092    28.991     8.741
  1104.192    28.991     8.690
  1133.891    28.991     8.690
  1133.992    28.991     8.842
  1134.093    28.991     8.842
  1134.194    28.991     8.893
  1134.295    29.094     8.995
  1134.396    29.094     9.046
  1134.495    29.248     9.147
  1134.597    29.248     9.249
  1136.610    29.248     9.249
  1136.710    29.248     9.147
  1136.811    29.248     9.046
  1136.911    29.248     8.944
  1137.012    29.248     8.944
  1137.113    29.248     8.893
  1137.414    29.248     8.893
  1137.516    29.248     8.842
  1137.615    29.197     8.791
  1139.429    29.197     8.791
  1139.529    29.197     8.893
  1139.629    29.197     8.944
  1139.931    29.197     8.944
  1140.032    29.197     8.995
  1140.534    29.197     8.995
  1140.635    29.197     8.842
  1140.736    29.197     8.741
  1140.836    29.197     8.741
  1140.937    29.197     8.690
  1141.037    29.197     8.690
  1141.138    29.145     8.639
  1141.239    29.145     8.538
  1142.447    29.145     8.538
  1142.547    29.094     8.385
  1142.647    29.094     8.283
  1142.747    29.094     8.233
  1142.848    29.094     8.233
  1142.949    29.094     8.182
  1143.049    29.094     8.029
  1143.150    29.094     7.775
  1143.552    29.094     7.775
  1143.654    29.094     7.725
  1143.753    29.248     7.369
  1143.853    29.351     7.318
  1144.357    29.351     7.318
  1144.457    29.248     7.318
  1144.557    29.145     7.216
  1144.658    29.094     7.165
  1144.860    29.094     7.165
  1144.960    29.094     7.013
  1145.061    29.094     6.860
  1145.161    29.094     6.810
  1145.664    29.094     6.810
  1145.764    28.991     6.810
  1145.864    28.939     6.810
  1146.067    28.939     6.810
  1146.167    28.939     6.708
  1147.979    28.939     6.708
  1148.079    28.991     7.064
  1148.180    28.991     7.115
  1148.683    28.991     7.115
  1148.783    28.991     7.165
  1148.985    28.991     7.165
  1149.085    28.991     7.369
  1149.186    28.991     7.369
  1149.286    28.991     7.420
  1149.589    28.991     7.420
  1149.690    28.991     7.318
  1149.788    28.991     7.267
  1149.890    28.991     7.216
  1149.990    28.991     7.216
  1150.090    29.094     7.064
  1150.192    29.351     7.013
  1150.696    29.351     7.013
  1150.795    29.248     7.013
  1150.996    29.248     7.013
  1151.097    29.197     7.013
  1154.619    29.197     7.013
  1154.719    29.197     7.165
  1155.425    29.197     7.165
  1155.526    29.197     7.115
  1155.626    29.197     7.064
  1155.727    29.145     7.064
  1155.827    29.094     7.064
  1156.230    29.094     7.064
  1156.330    29.042     7.064
  1160.455    29.042     7.064
  1160.556    29.197     7.216
  1160.657    29.197     7.267
  1160.757    29.248     7.318
  1160.858    29.351     7.369
  1160.958    29.351     7.420
  1161.260    29.351     7.420
  1161.361    29.351     7.572
  1161.461    29.455     7.623
  1161.563    29.455     7.673
  1173.342    29.455     7.673
  1173.444    29.455     7.623
  1173.543    29.506     7.623
  1173.644    29.506     7.623
  1173.744    29.506     7.572
  1174.951    29.506     7.572
  1175.052    29.506     7.521
  1175.154    29.558     7.521
  1175.254    29.558     7.521
  1175.356    29.558     7.318
  1175.456    29.506     7.318
  1176.059    29.506     7.318
  1176.159    29.661     7.318
  1176.260    29.713     7.318
  1178.575    29.713     7.318
  1178.676    29.661     7.318
  1178.776    29.300     7.470
  1178.876    29.248     7.623
  1178.977    29.248     7.673
  1179.077    29.248     7.928
  1179.179    29.248     7.978
  1179.581    29.248     7.978
  1179.683    29.300     8.029
  1179.782    29.351     8.029
  1180.084    29.351     8.029
  1180.185    29.351     8.080
  1180.285    29.351     8.334
  1180.387    29.351     8.588
  1180.488    29.351     8.690
  1181.595    29.351     8.690
  1181.695    29.248     8.842
  1181.795    29.248     8.842
  1181.896    29.197     8.944
  1181.996    29.145     8.995
  1182.097    28.991     9.198
  1182.198    28.991     9.249
  1182.299    28.991     9.249
  1182.399    28.991     9.401
  1182.500    28.991     9.503
  1182.802    28.991     9.503
  1182.902    28.939     9.503
  1183.002    28.887     9.503
  1183.104    28.835     9.554
  1183.204    28.835     9.604
  1183.305    28.835     9.706
  1183.406    28.835     9.757
  1183.607    28.835     9.757
  1183.707    28.784     9.757
  1183.807    28.681     9.808
  1183.908    28.629     9.909
  1184.009    28.578     9.960
  1184.109    28.578     9.960
  1184.209    28.475    10.113
  1184.311    28.423    10.164
  1185.619    28.423    10.164
  1185.720    28.268    10.164
  1185.820    28.114    10.164
  1186.121    28.114    10.164
  1186.223    28.011    10.164
  1186.324    27.855    10.214
  1186.424    27.804    10.214
  1186.525    27.752    10.214
  1187.631    27.752    10.214
  1187.731    27.649    10.265
  1187.832    27.495    10.316
  1187.933    27.340    10.418
  1188.033    27.185    10.519
  1188.235    27.185    10.519
  1188.335    27.133    10.570
  1188.537    27.133    10.570
  1188.638    27.030    10.570
  1188.739    26.927    10.570
  1188.838    26.875    10.570
  1188.939    26.772    10.570
  1189.039    26.463    10.570
  1189.140    26.308    10.570
  1189.844    26.308    10.570
  1189.945    26.256    10.570
  1190.045    26.256    10.570
  1190.147    26.102    10.570
  1190.247    26.050    10.570
  1201.725    26.050    10.570
  1201.825    25.999    10.570
  1201.926    25.895    10.570
  1202.026    25.895    10.570
  1202.126    25.689    10.570
  1202.228    25.689    10.570
  1202.328    25.638    10.570
  1202.429    25.483    10.570
  1202.530    25.379    10.570
  1203.637    25.379    10.570
  1203.737    25.483    10.570
  1205.849    25.483    10.570
  1205.950    25.483    10.519
  1206.353    25.483    10.519
  1206.453    25.483    10.469
  1206.554    25.483    10.316
  1206.655    25.483    10.316
  1206.754    25.483    10.265
  1208.365    25.483    10.265
  1208.465    25.483    10.367
  1208.768    25.483    10.367
  1208.868    25.535    10.418
  1208.969    25.638    10.519
  1209.069    25.741    10.519
  1209.170    25.844    10.519
  1209.271    25.999    10.519
  1209.371    25.999    10.519
  1209.472    26.050    10.519
  1216.918    26.050    10.519
  1217.020    26.205    10.722
  1217.119    26.205    10.773
  1217.221    26.308    10.773
  1217.322    26.411    10.773
  1217.422    26.463    10.773
  1217.523    26.515    10.672
  1217.623    26.566    10.621
  1217.724    26.566    10.621
  1217.824    26.566    10.469
  1217.924    26.721    10.469
  1218.026    26.824    10.469
  1218.528    26.824    10.469
  1218.628    26.979    10.570
  1218.730    27.030    10.570
  1224.981    27.030    10.570
  1225.081    26.979    10.570
  1225.182    26.927    10.570
  1225.685    26.927    10.570
  1225.785    26.875    10.570
  1225.886    26.875    10.570
  1225.986    26.824    10.570
  1226.087    26.721    10.570
  1226.188    26.566    10.570
  1226.288    26.359    10.570
  1226.590    26.359    10.570
  1226.691    26.463    10.570
  1226.790    26.721    10.672
  1226.891    26.721    10.672
  1226.992    26.824    10.722
  1227.093    27.030    10.722
  1227.195    27.237    10.773
  1227.295    27.495    10.875
  1227.798    27.495    10.875
  1227.898    27.495    11.027
  1227.999    27.495    11.129
  1228.501    27.495    11.129
  1228.602    27.546    11.180
  1228.703    27.598    11.180
  1228.804    27.701    11.180
  1229.307    27.701    11.180
  1229.408    27.907    11.180
  1230.212    27.907    11.180
  1230.313    27.907    11.129
  1230.413    27.907    11.078
  1230.516    27.907    10.977
  1230.616    27.907    10.926
  1230.717    28.011    10.824
  1230.817    28.062    10.824
  1230.918    28.165    10.824
  1231.019    28.165    10.824
  1231.119    28.268    10.824
  1231.220    28.268    10.824
  1231.321    28.320    10.824
  1231.421    28.371    10.824
  1232.326    28.371    10.824
  1232.427    28.423    10.824
  1232.528    28.475    10.824
  1232.627    28.475    10.824
  1232.728    28.629    10.824
  1234.139    28.629    10.824
  1234.240    28.578    10.875
  1234.340    28.578    10.926
  1234.441    28.526    10.926
  1234.540    28.526    10.926
  1234.642    28.475    10.926
  1234.741    28.475    10.977
  1234.843    28.423    11.078
  1234.944    28.423    11.129
  1235.748    28.423    11.129
  1235.848    28.114    11.129
  1236.252    28.114    11.129
  1236.353    28.062    11.129
  1236.453    28.011    11.129
  1236.554    27.907    11.129
  1236.654    27.855    11.129
  1236.754    27.855    11.180
  1236.856    27.855    11.231
  1236.956    27.855    11.282
  1237.158    27.855    11.282
  1237.258    27.907    11.282
  1237.359    27.907    11.282
  1237.459    27.959    11.282
  1237.668    27.959    11.282
  1237.769    27.959    11.434
  1237.869    27.959    11.535
  1237.970    28.114    11.688
  1238.272    28.114    11.688
  1238.373    28.114    11.840
  1238.473    28.165    12.095
  1238.573    28.114    12.095
  1239.579    28.114    12.095
  1239.681    28.165    12.095
  1240.384    28.165    12.095
  1240.486    28.217    12.095
  1240.586    28.268    12.095
  1240.786    28.268    12.095
  1240.887    28.268    12.044
  1244.415    28.268    12.044
  1244.515    28.217    12.044
  1244.818    28.217    12.044
  1244.918    28.165    12.044
  1245.221    28.165    12.044
  1245.322    28.114    12.044
  1245.421    27.959    12.044
  1250.976    27.959    12.044
  1251.077    27.855    12.196
  1251.580    27.855    12.196
  1251.680    27.855    12.247
  1254.095    27.855    12.247
  1254.196    27.959    12.247
  1254.295    28.011    12.247
  1254.397    28.011    12.247
  1254.496    28.062    12.247
  1254.598    28.062    12.247
  1254.698    28.114    12.298
  1256.206    28.114    12.298
  1256.308    28.268    12.349
  1256.408    28.423    12.400
  1258.420    28.423    12.400
  1258.521    28.320    12.400
  1258.620    28.217    12.400
  1258.721    28.165    12.400
  1259.326    28.165    12.400
  1259.426    28.114    12.400
  1259.527    28.011    12.400
  1259.626    27.959    12.400
  1259.727    27.855    12.400
  1259.827    27.804    12.400
  1259.928    27.649    12.247
  1260.029    27.649    12.145
  1260.130    27.649    11.993
  1260.532    27.649    11.993
  1260.632    27.546    11.993
  1260.733    27.495    11.993
  1260.833    27.340    11.993
  1260.934    27.340    11.993
  1261.034    27.288    11.993
  1261.537    27.288    11.993
  1261.639    27.288    12.044
  1262.947    27.288    12.044
  1263.047    27.237    12.044
  1263.148    27.185    12.044
  1263.249    27.185    12.044
  1263.349    27.133    12.044
  1263.450    26.979    11.993
  1263.551    26.875    11.993
  1264.355    26.875    11.993
  1264.456    26.824    11.993
  1264.555    26.772    11.993
  1267.183    26.772    11.993
  1267.284    26.772    11.891
  1267.385    26.721    11.790
  1286.004    26.721    11.790
  1286.104    26.669    11.739
  1286.204    26.669    11.688
  1286.305    26.566    11.535
  1286.406    26.515    11.434
  1286.506    26.515    11.434
  1286.608    26.463    11.434
  1286.708    26.411    11.434
  1286.809    26.308    11.434
  1291.137    26.308    11.434
  1291.238    26.050    11.332
  1291.337    25.999    11.332
  1291.439    25.895    11.332
  1291.539    25.895    11.332
  1291.640    25.741    11.332
  1291.740    25.638    11.282
  1291.841    25.586    11.282
  1293.249    25.586    11.282
  1293.350    25.483    11.282
  1293.451    25.379    11.282
  1293.552    25.225    11.282
  1293.654    25.070    11.282
  1293.753    24.967    11.282
  1293.955    24.967    11.282
  1294.055    24.967    11.231
  1294.157    24.967    11.180
  1294.256    24.967    11.129
  1294.358    24.967    11.129
  1294.458    24.709    11.129
  1294.559    24.554    11.129
  1294.659    24.348    11.129
  1294.759    24.142    11.129
  1294.860    24.039    11.129
  1295.565    24.039    11.129
  1295.665    23.883    11.129
  1295.866    23.883    11.129
  1295.966    23.883    11.078
  1296.067    23.883    11.027
  1296.167    23.677    10.875
  1296.268    23.574    10.722
  1296.369    23.471    10.621
  1296.471    23.471    10.519
  1296.571    23.368    10.367
  1296.671    23.110    10.316
  1296.772    22.903    10.164
  1296.872    22.697     9.960
  1296.973    22.594     9.909
  1297.075    22.594     9.909
  1297.174    22.542     9.909
  1297.276    22.542     9.909
  1297.376    22.388     9.909
  1298.180    22.388     9.909
  1298.281    22.285     9.859
  1298.884    22.285     9.859
  1298.985    22.285     9.909
  1299.085    22.285     9.960
  1299.689    22.285     9.960
  1299.789    22.285     9.808
  1299.890    22.181     9.604
  1299.992    22.181     9.452
  1300.092    22.130     9.401
  1300.193    22.130     9.351
  1300.494    22.130     9.351
  1300.594    22.130     9.300
  1301.097    22.130     9.300
  1301.198    22.130     9.249
  1301.500    22.130     9.249
  1301.600    22.130     9.198
  1301.700    22.130     9.147
  1301.802    22.130     9.046
  1303.111    22.130     9.046
  1303.211    22.130     9.096
  1303.312    22.026     9.198
  1303.412    21.975     9.249
  1303.513    21.666     9.351
  1303.613    21.407     9.401
  1303.713    20.995     9.503
  1303.814    20.840     9.503
  1304.719    20.840     9.503
  1304.820    20.892     9.503
  1304.920    20.995     9.503
  1305.022    21.046     9.503
  1305.122    21.098     9.503
  1306.127    21.098     9.503
  1306.230    21.098     9.401
  1306.330    21.098     9.351
  1307.940    21.098     9.351
  1308.040    21.150     9.351
  1308.140    21.253     9.401
  1308.242    21.253     9.401
  1308.342    21.304     9.401
  1308.644    21.304     9.401
  1308.744    21.356     9.401
  1308.845    21.407     9.401
  1308.947    21.511     9.401
  1309.047    21.511     9.401
  1309.149    21.562     9.452
  1309.249    21.614     9.452
  1309.350    21.769     9.452
  1309.452    21.820     9.604
  1310.558    21.820     9.604
  1310.675    21.666     9.046
  1310.776    21.666     8.538
  1310.875    21.150     7.978
  1310.977    20.582     7.267
  1311.077    20.273     7.013
  1311.178    20.324     6.962
  1311.279    20.840     6.962
  1311.378    21.407     7.013
  1311.480    21.923     7.013
  1311.580    22.026     7.013
  1311.682    22.233     7.013
  1311.781    22.285     6.962
  1311.881    22.336     6.962
  1311.982    22.336     6.962
  1312.082    22.646     6.607
  1312.184    23.162     6.352
  1312.284    23.316     6.149
  1312.385    23.368     6.047
  1312.485    23.368     5.946
  1312.989    23.368     5.946
  1313.090    23.368     5.895
  1313.191    23.523     5.641
  1313.291    23.780     5.387
  1313.392    24.039     5.133
  1313.493    24.090     5.082
  1315.202    24.090     5.082
  1315.302    24.245     5.082
  1315.806    24.245     5.082
  1315.907    24.296     5.082
  1319.831    24.296     5.082
  1319.932    24.451     4.879
  1320.033    24.451     4.828
  1320.334    24.451     4.828
  1320.435    24.451     4.777
  1320.736    24.451     4.777
  1320.837    24.709     4.777
  1326.876    24.709     4.777
  1326.978    24.709     4.676
  1327.078    24.709     4.523
  1329.592    24.709     4.523
  1329.694    24.554     4.624
  1332.512    24.554     4.624
  1332.613    24.451     4.624
  1332.712    24.399     4.624
  1332.915    24.399     4.624
  1333.016    24.348     4.624
  1333.117    24.245     4.624
  1334.726    24.245     4.624
  1334.825    24.245     4.574
  1335.028    24.245     4.574
  1335.128    24.296     4.574
  1335.229    24.296     4.574
  1335.329    24.296     4.523
  1335.431    24.296     4.472
  1335.530    24.296     4.421
  1336.537    24.296     4.421
  1336.636    24.296     4.371
  1337.241    24.296     4.371
  1337.341    24.296     4.320
  1338.246    24.296     4.320
  1338.347    24.296     4.269
  1338.448    24.296     4.269
  1338.548    24.296     4.218
  1338.750    24.296     4.218
  1338.851    24.348     4.218
  1340.761    24.348     4.218
  1340.863    24.348     4.269
  1341.366    24.348     4.269
  1341.466    24.399     4.269
  1341.567    24.503     4.218
  1341.669    24.554     4.218
  1341.770    24.606     4.218
  1341.870    24.657     4.218
  1346.095    24.657     4.218
  1346.197    24.761     4.269
  1346.296    24.915     4.320
  1346.397    24.967     4.320
  1346.498    25.019     4.320
  1346.599    25.070     4.320
  1346.699    25.070     4.320
  1346.799    25.122     4.320
  1347.504    25.122     4.320
  1347.604    25.225     4.421
  1373.065    25.225     4.421
  1373.164    25.379     4.523
  1373.466    25.379     4.523
  1373.568    25.638     4.523
  1373.668    25.792     4.523
  1377.189    25.792     4.523
  1377.290    25.844     4.523
  1377.391    25.844     4.574
  1378.899    25.844     4.574
  1378.999    25.844     4.676
  1379.100    25.844     4.726
  1379.202    25.844     4.726
  1379.301    25.844     4.777
  1379.804    25.844     4.777
  1379.905    25.844     4.879
  1380.005    25.844     4.929
  1386.647    25.844     4.929
  1386.746    25.792     4.929
  1386.949    25.792     4.929
  1387.050    25.792     4.879
  1396.512    25.792     4.879
  1396.613    25.792     4.676
  1396.713    25.792     4.574
  1396.814    25.792     4.421
  1396.913    25.792     4.371
  1397.014    25.792     4.320
  1397.116    25.792     4.269
  1397.317    25.792     4.269
  1397.417    25.741     4.269
  1404.560    25.741     4.269
  1404.659    25.638     4.269
  1405.264    25.638     4.269
  1405.365    25.586     4.269
  1411.311    25.586     4.269
  1411.412    25.586     4.218
  1411.514    25.586     4.116
  1411.615    25.586     4.116
  1411.715    25.586     4.066
  1411.815    25.586     4.066
  1411.915    25.741     4.015
  1412.217    25.741     4.015
  1412.319    25.741     3.964
  1412.419    25.792     3.964
  1412.520    25.844     3.964
  1420.679    25.844     3.964
  1420.780    25.792     3.913
  1420.982    25.792     3.913
  1421.082    25.792     3.862
  1422.289    25.792     3.862
  1422.390    25.741     3.862
  1433.567    25.741     3.862
  1433.666    25.689     3.862
  1433.868    25.689     3.862
  1433.969    25.689     3.913
  1434.070    25.638     3.964
  1435.175    25.638     3.964
  1435.277    25.741     4.015
  1435.881    25.741     4.015
  1435.982    25.638     3.862
  1436.082    25.638     3.862
  1436.183    25.586     3.862
  1436.485    25.586     3.862
  1436.585    25.586     3.811
  1436.887    25.586     3.811
  1436.988    25.535     3.761
  1437.992    25.535     3.761
  1438.094    25.431     3.710
  1438.495    25.431     3.710
  1438.597    25.379     3.710
  1438.699    25.379     3.710
  1438.799    25.276     3.710
  1439.805    25.276     3.710
  1439.906    25.225     3.710
  1440.006    25.225     3.761
  1440.108    25.173     3.761
  1440.710    25.173     3.761
  1440.811    25.122     3.761
  1442.126    25.122     3.761
  1442.228    24.967     3.862
  1442.329    24.812     3.862
  1442.429    24.709     3.964
  1442.529    24.606     3.964
  1444.843    24.606     3.964
  1444.944    24.554     4.015
  1445.044    24.554     4.066
  1464.970    24.554     4.066
  1465.071    24.503     4.066
  1465.172    24.451     4.066
  1465.373    24.451     4.066
  1465.473    24.399     4.066
  1466.177    24.399     4.066
  1466.278    24.296     3.964
  1466.379    24.245     3.964
  1472.316    24.245     3.964
  1472.415    24.193     4.015
  1473.120    24.193     4.015
  1473.222    24.193     4.066
  1474.430    24.193     4.066
  1474.530    24.193     4.116
  1474.630    24.193     4.167
  1476.039    24.193     4.167
  1476.141    24.193     4.218
  1476.242    24.142     4.269
  1476.341    24.142     4.320
  1476.543    24.142     4.320
  1476.644    24.039     4.320
  1476.744    23.987     4.371
  1476.946    23.987     4.371
  1477.047    23.935     4.472
  1477.148    23.883     4.523
  1477.247    23.832     4.574
  1477.348    23.832     4.574
  1477.450    23.832     4.624
  1478.455    23.832     4.624
  1478.556    23.832     4.676
  1478.858    23.832     4.676
  1478.958    23.832     4.777
  1479.161    23.832     4.777
  1479.262    23.832     4.828
  1479.363    23.832     4.879
  1479.463    23.832     4.879
  1479.564    23.832     4.929
  1480.268    23.832     4.929
  1480.369    23.832     4.980
  1480.469    23.832     5.031
  1495.763    23.832     5.031
  1495.864    23.832     4.929
  1495.964    23.832     4.828
  1496.066    23.832     4.676
  1496.166    23.832     4.624
  1496.267    23.780     4.523
  1496.367    23.729     4.472
  1496.467    23.729     4.371
  1496.569    23.729     4.371
  1496.669    23.729     4.320
  1496.769    23.729     4.269
  1518.115    23.729     4.269
  1518.215    23.832     4.269
  1518.316    23.883     4.269
  1518.416    23.935     4.269
  1552.628    23.935     4.269
  1552.729    23.987     4.269
  1552.829    23.987     4.269
  1552.930    23.987     4.320
  1553.032    23.987     4.320
  1553.131    24.039     4.421
  1553.232    24.090     4.421
  1553.333    24.193     4.421
  1553.434    24.348     4.421
  1556.049    24.348     4.421
  1556.150    24.399     4.421
  1556.351    24.399     4.421
  1556.453    24.451     4.421
  1556.552    24.503     4.421
  1556.653    24.554     4.421
  1556.753    24.606     4.421
  1580.017    24.606     4.421
  1580.118    24.709     4.421
  1580.721    24.709     4.421
  1580.822    24.761     4.421
  1580.922    24.761     4.421
  1581.023    24.761     4.371
  1581.124    24.761     4.320
  1581.224    24.761     4.218
  1581.326    24.864     4.218
  1582.534    24.864     4.218
  1582.633    24.864     4.269
  1586.357    24.864     4.269
  1586.457    25.070     4.269
  1586.558    25.122     4.269
  1586.658    25.173     4.269
  1594.014    25.173     4.269
  1594.115    25.225     4.269
  1594.215    25.328     4.269
  1594.316    25.379     4.269
  1594.416    25.586     4.269
  1602.264    25.586     4.269
  1602.365    25.689     4.320
  1602.465    25.689     4.320
  1602.566    25.844     4.320
  1602.666    25.895     4.371
  1607.896    25.895     4.371
  1607.996    25.689     4.371
  1608.601    25.689     4.371
  1608.701    25.638     4.371
  1620.574    25.638     4.371
  1620.674    25.586     4.269
  1620.775    25.535     4.269
  1620.875    25.483     4.269
  1620.975    25.483     4.218
  1621.077    25.379     4.218
  1621.177    25.328     4.218
  1621.278    25.276     4.218
  1621.378    25.225     4.218
  1621.479    25.225     4.218
  1621.578    25.173     4.218
  1621.982    25.173     4.218
  1622.082    25.173     4.320
  1622.183    25.122     4.523
  1622.384    25.122     4.523
  1622.485    25.070     4.523
  1622.585    25.070     4.523
  1622.686    25.019     4.523
  1622.786    25.019     4.523
  1622.887    24.967     4.523
  1622.988    24.967     4.523
  1623.088    24.915     4.523
  1623.491    24.915     4.523
  1623.590    24.812     4.523
  1623.692    24.761     4.523
  1623.793    24.709     4.523
  1623.894    24.657     4.523
  1623.995    24.606     4.523
  1631.139    24.606     4.523
  1631.239    24.503     4.676
  1631.339    24.399     4.828
  1631.440    24.348     4.929
  1631.539    24.296     4.980
  1633.453    24.296     4.980
  1633.553    24.451     4.980
  1633.654    24.554     4.980
  1638.182    24.554     4.980
  1638.283    24.554     4.879
  1638.384    24.554     4.828
  1638.484    24.554     4.828
  1638.584    24.554     4.777
  1638.786    24.554     4.777
  1638.886    24.554     4.726
  1639.389    24.554     4.726
  1639.491    24.657     4.777
  1641.711    24.657     4.777
  1641.811    24.554     4.828
  1641.912    24.554     4.929
  1642.618    24.554     4.929
  1642.717    24.399     4.929
  1643.825    24.399     4.929
  1643.925    24.348     4.929
  1644.126    24.348     4.929
  1644.235    24.296     4.929
  1644.335    24.245     4.929
  1644.436    24.245     4.929
  1644.538    24.193     4.929
  1647.879    24.193     4.929
  1647.980    24.245     4.879
  1648.484    24.245     4.879
  1648.584    24.296     4.828
  1648.684    24.399     4.828
  1648.784    24.451     4.828
  1648.986    24.451     4.828
  1649.086    24.554     4.828
  1649.187    24.606     4.828
  1651.199    24.606     4.828
  1651.299    24.503     4.828
  1651.500    24.503     4.828
  1651.602    24.451     4.828
  1651.802    24.451     4.828
  1651.902    24.399     4.828
  1653.111    24.399     4.828
  1653.212    24.451     4.828
  1653.312    24.451     4.828
  1653.413    24.451     4.777
  1653.513    24.451     4.726
  1653.614    24.606     4.777
  1653.714    24.967     4.777
  1653.815    25.122     4.777
  1653.915    25.173     4.726
  1657.438    25.173     4.726
  1657.537    25.173     4.676
  1660.658    25.173     4.676
  1660.758    25.328     4.777
  1668.311    25.328     4.777
  1668.412    25.535     4.777
  1668.512    25.535     4.777
  1668.613    25.586     4.777
  1668.713    25.689     4.777
  1668.815    25.689     4.777
  1668.914    25.792     4.777
  1669.328    25.792     4.777
  1669.429    25.844     4.777
  1669.529    25.895     4.777
  1669.629    25.895     4.777
  1669.730    25.947     4.777
  1670.736    25.947     4.777
  1670.836    26.050     4.777
  1670.937    26.102     4.777
  1712.518    26.102     4.777
  1712.618    26.256     4.726
  1712.718    26.256     4.726
  1712.819    26.256     4.676
  1712.920    26.256     4.624
  1713.020    26.256     4.624
  1713.121    26.205     4.624
  1713.222    26.205     4.574
  1713.323    26.205     4.523
  1713.423    26.205     4.320
  1713.524    26.205     4.218
  1713.624    26.205     4.167
  1737.374    26.205     4.167
  1737.475    25.999     4.218
  1737.576    25.999     4.269
  1738.882    25.999     4.269
  1738.984    25.947     4.167
  1739.084    25.895     4.116
  1739.185    25.895     4.116
  1739.287    25.844     4.116
  1739.489    25.844     4.116
  1739.589    25.844     4.066
  1741.002    25.844     4.066
  1741.102    25.844     4.015
  1741.504    25.844     4.015
  1741.605    25.895     4.015
  1741.805    25.895     4.015
  1741.907    25.895     3.964
  1746.334    25.895     3.964
  1746.433    25.895     4.015
  1746.535    25.895     4.167
  1746.636    25.895     4.371
  1746.937    25.895     4.371
  1747.038    25.895     4.421
  1747.138    26.102     4.676
  1747.239    26.050     4.777
  1747.339    26.102     4.777
  1748.144    26.102     4.777
  1748.245    26.205     4.777
  1748.346    26.256     4.777
  1752.771    26.256     4.777
  1752.871    26.308     4.828
  1752.973    26.411     4.828
  1753.074    26.411     4.879
  1753.173    26.411     4.929
  1753.274    26.411     4.929
  1753.375    26.463     5.031
  1753.475    26.463     5.082
  1753.978    26.463     5.082
  1754.079    26.721     5.184
  1754.179    26.824     5.184
  1754.783    26.824     5.184
  1754.883    26.721     5.184
  1755.286    26.721     5.184
  1755.386    26.669     5.184
  1755.487    26.618     5.184
  1755.587    26.515     5.184
  1765.651    26.515     5.184
  1765.751    26.463     5.184
  1765.852    26.411     5.184
  1766.154    26.411     5.184
  1766.254    26.411     5.234
  1768.267    26.411     5.234
  1768.367    26.359     5.285
  1768.468    26.359     5.336
  1774.303    26.359     5.336
  1774.404    26.256     5.336
  1774.504    26.256     5.336
  1774.604    26.256     5.234
  1774.705    26.205     5.082
  1774.806    26.050     5.082
  1774.906    25.895     5.082
  1775.006    25.741     5.031
  1776.214    25.741     5.031
  1776.315    25.741     5.082
  1776.415    25.741     5.133
  1785.670    25.741     5.133
  1785.771    25.741     5.031
  1785.872    25.741     4.980
  1785.973    25.741     4.980
  1786.074    25.741     4.929
  1786.173    25.741     4.879
  1786.275    25.741     4.879
  1786.375    25.741     4.828
  1786.486    25.741     4.676
  1786.585    25.741     4.574
  1786.686    25.741     4.472
  1786.787    25.689     4.371
  1786.887    25.689     4.371
  1786.988    25.638     4.371
  1792.321    25.638     4.371
  1792.420    25.586     4.371
  1792.521    25.586     4.320
  1799.163    25.586     4.320
  1799.263    25.483     4.320
  1799.364    25.431     4.320
  1799.665    25.431     4.320
  1799.766    25.431     4.269
  1799.866    25.431     4.269
  1799.966    25.379     4.218
  1800.067    25.276     4.066
  1827.062    25.276     4.066
  1827.163    25.276     4.116
  1827.263    25.276     4.167
  1827.364    25.276     4.167
  1827.463    25.276     4.269
  1827.564    25.431     4.371
  1827.674    25.586     4.421
  1827.776    25.638     4.472
  1827.876    25.689     4.523
  1827.977    25.741     4.523
  1856.473    25.741     4.523
  1856.575    25.638     4.472
  1856.675    25.586     4.421
  1857.078    25.586     4.421
  1857.177    25.586     4.320
  1857.278    25.535     4.269
  1871.162    25.535     4.269
  1871.263    25.586     4.269
  1871.363    25.741     4.320
  1871.867    25.741     4.320
  1871.967    25.792     4.320
  1881.222    25.792     4.320
  1881.324    25.689     4.320
  1881.424    25.535     4.320
  1881.524    25.431     4.320
  1881.624    25.379     4.320
  2824.639    25.379     4.320
  2824.738    25.379     4.269
  2825.142    25.379     4.269
  2825.241    25.379     4.218
  2825.343    25.379     4.167
  2825.643    25.379     4.167
  2825.745    25.431     4.167
  2825.846    25.535     4.167
  2825.946    25.638     4.218
  2829.568    25.638     4.218
  2829.669    25.792     4.218
  2829.971    25.792     4.218
  2830.071    25.844     4.218
  2832.789    25.844     4.218
  2832.890    25.741     4.218
  2832.991    25.689     4.218
  2833.997    25.689     4.218
  2834.097    25.689     4.269
  2834.298    25.689     4.269
  2834.398    25.741     4.269
  2834.499    25.895     4.269
  2843.254    25.895     4.269
  2843.355    26.153     4.371
  2843.757    26.153     4.371
  2843.857    26.205     4.421
  2862.675    26.205     4.421
  2862.775    26.102     4.421
  2863.078    26.102     4.421
  2863.179    25.999     4.421
  2863.277    25.947     4.421
  2863.380    25.895     4.421
  2863.580    25.895     4.421
  2863.680    25.792     4.421
  2863.781    25.792     4.421
  2863.893    25.741     4.371
  2863.993    25.638     4.320
  2874.371    25.638     4.320
  2874.472    25.431     4.269
  2888.358    25.431     4.269
  2888.458    25.535     4.421
  2888.559    25.638     4.523
  2889.365    25.638     4.523
  2889.466    25.689     4.523
  2889.566    25.741     4.523
  2890.070    25.741     4.523
  2890.171    25.792     4.523
  2897.626    25.792     4.523
  2897.726    25.895     4.523
  2918.272    25.895     4.523
  2918.373    26.102     4.371
  2918.473    26.153     4.371
  3199.385    26.153     4.371
  3199.486    25.999     4.320
  3199.586    25.999     4.269
  3199.686    25.947     4.218
  3200.191    25.947     4.218
  3200.292    25.895     4.218
  3200.493    25.895     4.218
  3200.594    25.844     4.218
  3200.695    25.792     4.218
  3200.795    25.741     4.167
  3200.996    25.741     4.167
  3201.097    25.741     4.116
  3201.197    25.741     4.116
  3201.297    25.741     4.066
  3201.399    25.741     4.015
  3201.499    25.741     4.015
  3201.599    25.689     4.015
  3201.700    25.586     4.015
  3201.800    25.483     3.913
  3201.902    25.483     3.862
  3202.505    25.483     3.862
  3202.605    25.431     3.811
  3205.023    25.431     3.811
  3205.123    25.431     3.558
  3205.526    25.431     3.558
  3205.625    25.586     3.558
  3208.947    25.586     3.558
  3209.046    25.535     3.507
  3210.658    25.535     3.507
  3210.759    25.483     3.507
  3210.859    25.483     3.507
  3210.960    25.483     3.456
  3212.369    25.483     3.456
  3212.469    25.379     3.405
  3212.570    25.379     3.405
  3212.670    25.328     3.405
  3212.770    25.276     3.405
  3212.871    25.225     3.405
  3215.390    25.225     3.405
  3215.492    25.173     3.354
  3215.691    25.173     3.354
  3215.792    25.122     3.303
  3224.760    25.122     3.303
  3224.861    25.328     3.354
  3225.263    25.328     3.354
  3225.364    25.379     3.456
  3225.565    25.379     3.456
  3225.666    25.431     3.456
  3297.649    25.431     3.456
  3297.748    25.586     3.456
  3297.850    25.638     3.456
  3298.051    25.638     3.456
  3298.151    25.638     3.405
  3298.252    25.638     3.405
  3298.353    25.689     3.354
  3298.454    25.741     3.354
  3298.553    25.741     3.303
  3298.654    25.741     3.202
  3308.917    25.741     3.202
  3309.018    25.689     3.202
  3309.119    25.638     3.303
  3309.218    25.638     3.303
  3309.320    25.586     3.354
  3309.923    25.586     3.354
  3310.023    25.535     3.354
  3310.123    25.431     3.354
  3310.426    25.431     3.354
  3310.527    25.328     3.456
  3310.627    25.225     3.558
  3310.728    25.173     3.608
  3311.030    25.173     3.608
  3311.131    25.122     3.608
  3311.433    25.122     3.608
  3311.533    25.070     3.608
  3311.634    25.070     3.659
  3314.352    25.070     3.659
  3314.453    25.070     3.710
  3314.753    25.070     3.710
  3314.855    25.070     3.761
  3315.056    25.070     3.761
  3315.157    25.070     3.811
  3315.660    25.070     3.811
  3315.759    25.070     3.913
  3315.861    25.070     4.015
  4871.230    25.070     4.015
  4871.331    25.070     3.964
  4871.432    25.070     3.913
  4871.733    25.070     3.913
  4871.834    25.070     3.862
  4871.935    25.070     3.862
  4872.035    25.122     3.862
  4872.137    25.173     3.862
  4872.237    25.173     3.862
  4872.337    25.225     3.862
  4873.042    25.225     3.862
  4873.143    25.276     3.811
  4878.078    25.276     3.811
  4878.179    25.276     3.913
  4878.682    25.276     3.913
  4878.783    25.379     4.066
  4880.795    25.379     4.066
  4880.896    25.379     4.167
  4884.216    25.379     4.167
  4884.317    25.379     4.066
  4884.417    25.379     4.066
  4884.518    25.431     4.066
  4884.719    25.431     4.066
  4884.820    25.483     4.066
  4884.921    25.535     4.066
  4885.022    25.535     4.066
  4885.122    25.638     4.066
  4885.826    25.638     4.066
  4885.926    25.638     4.015
  4887.839    25.638     4.015
  4887.940    25.689     3.913
  4889.650    25.689     3.913
  4889.751    25.844     3.862
  4889.852    25.895     3.710
  4890.052    25.895     3.710
  4890.154    25.895     3.507
  4890.355    25.895     3.507
  4890.454    25.895     3.405
  4899.407    25.895     3.405
  4899.507    25.895     3.202
  4900.412    25.895     3.202
  4900.513    25.844     3.151
  4900.613    25.792     3.151
  4905.543    25.792     3.151
  4905.645    25.741     3.100
  4931.202    25.741     3.100
  4931.303    25.792     3.100
  4933.919    25.792     3.100
  4934.020    25.895     3.100
  4934.221    25.895     3.100
  4934.321    25.999     3.100
  4934.422    25.999     3.100
  4934.522    26.102     3.100
  4935.427    26.102     3.100
  4935.529    26.153     3.100
  4935.629    26.256     3.100
  4935.730    26.308     3.100
  4949.830    26.308     3.100
  4949.931    26.308     3.049
  4950.031    26.308     2.998
  4950.132    26.308     2.998
  4950.233    26.308     2.897
  4950.332    26.308     2.744
  4950.434    26.308     2.694
  4950.535    26.411     2.694
  4950.636    26.566     2.694
  4950.736    26.669     2.694
  4950.837    26.669     2.694
  4950.938    26.772     2.490
  4951.038    26.772     2.490
  4951.139    26.772     2.439
  4951.441    26.772     2.439
  4951.541    26.772     2.389
  4951.642    26.772     2.338
  4951.741    26.772     2.338
  4951.843    26.772     2.135
  4952.448    26.772     2.135
  4952.547    26.772     2.084
  4952.648    26.772     2.084
  4952.748    26.772     1.982
  4952.950    26.772     1.982
  4953.051    26.721     1.830
  4953.152    26.721     1.830
  4953.252    26.721     1.728
  4953.352    26.721     1.728
  4953.454    26.721     1.677
  4954.462    26.721     1.677
  4954.563    26.721     1.576
  4954.663    26.721     1.525
  4954.764    26.618     1.474
  4954.864    26.618     1.474
  4954.965    26.515     1.474
  4955.066    26.515     1.474
  4955.166    26.515     1.423
  4955.268    26.359     1.220
  4955.367    26.256     0.966
  4955.468    26.153     0.762
  4955.569    26.153     0.762
  4955.669    26.102     0.661
  4955.770    26.102     0.610
  4956.475    26.102     0.610
  4956.575    26.050     0.458
  4956.676    26.050     0.407
  4956.877    26.050     0.407
  4956.978    25.999     0.407
  4957.078    25.999     0.407
  4957.180    25.947     0.356
  4957.883    25.947     0.356
  4957.984    25.947     0.203
  4958.085    25.895     0.153
  4961.206    25.895     0.153
  4961.307    25.895     0.051
  4961.708    25.895     0.051
  4961.809    25.844     0.000
  4961.909    25.741    -0.051
  4967.745    25.741    -0.051
  4967.846    25.741     0.153
  4970.563    25.741     0.153
  4970.663    25.895     0.254
  4972.676    25.895     0.254
  4972.778    25.895     0.356
  4974.989    25.895     0.356
  4975.091    25.895     0.305
  4975.191    25.895     0.203
  4976.501    25.895     0.203
  4976.602    25.844     0.203
  4976.703    25.689     0.203
  4976.804    25.586     0.203
  4976.904    25.535     0.203
  4977.004    25.431     0.203
  4977.106    25.276     0.203
  4977.205    25.070     0.203
  4977.306    24.967     0.203
  4977.406    24.967     0.203
  4977.507    24.915     0.203
  4977.608    24.761     0.305
  4977.708    24.709     0.305
  4977.909    24.709     0.305
  4978.011    24.348     0.305
  4978.112    24.142     0.356
  4978.212    23.935     0.356
  4978.314    23.832     0.356
  4978.615    23.832     0.356
  4978.717    23.523     0.356
  4978.817    23.368     0.356
  4978.919    23.316     0.356
  4979.020    23.265     0.356
  4979.119    23.110     0.407
  4979.221    22.903     0.508
  4979.321    22.852     0.508
  4979.421    22.646     0.559
  4979.522    22.439     0.610
  4979.622    22.285     0.813
  4979.723    22.078     0.864
  4979.823    21.820     0.966
  4979.925    21.614     0.966
  4980.025    21.356     0.966
  4980.326    21.356     0.966
  4980.427    20.427     1.118
  4982.439    20.427     1.118
  4982.539    20.427     1.321
  4983.847    20.427     1.321
  4983.948    20.427     1.372
  4984.049    20.427     1.372
  4984.150    20.427     1.423
  4984.249    20.427     1.423
  4984.351    20.479     1.474
  4984.451    20.479     1.576
  4984.653    20.479     1.576
  4984.752    20.479     1.626
  4988.877    20.479     1.626
  4988.977    20.530     1.626
  4989.279    20.530     1.626
  4989.379    20.582     1.626
  4989.480    20.686     1.576
  4989.581    20.686     1.423
  4989.681    20.686     1.321
  4989.781    20.686     1.271
  4989.883    20.686     1.118
  4989.984    20.737     1.016
  4990.084    20.840     0.966
  4990.185    20.892     0.864
  4990.285    20.892     0.559
  4990.586    20.892     0.559
  4990.687    20.892     0.508
  4990.788    20.892     0.458
  4990.889    20.943     0.458
  4990.990    21.098     0.508
  4991.090    21.356     0.661
  4991.190    21.459     0.762
  4991.291    21.511     0.762
  4991.391    21.511     0.813
  4991.492    21.614     0.813
  4992.096    21.614     0.813
  4992.198    21.717     0.915
  4994.815    21.717     0.915
  4994.916    21.872     0.915
  4995.016    22.026     0.966
  4995.822    22.026     0.966
  4995.922    22.181     1.067
  4996.023    22.233     1.067
  4999.643    22.233     1.067
  4999.743    22.233     1.169
  5000.950    22.233     1.169
  5001.054    22.388     1.220
  5002.060    22.388     1.220
  5002.160    22.542     1.220
  5009.304    22.542     1.220
  5009.404    22.542     1.067
  5010.008    22.542     1.067
  5010.109    22.542     1.016
  5010.209    22.542     1.016
  5010.310    22.542     0.966
  5010.410    22.542     0.966
  5010.511    22.594     0.966
  5010.713    22.594     0.966
  5010.815    22.594     0.915
  5013.429    22.594     0.915
  5013.530    22.852     0.966
  5018.964    22.852     0.966
  5019.065    23.110     0.966
  5019.466    23.110     0.966
  5019.567    23.162     1.016
  5019.668    23.213     1.067
  5019.768    23.316     1.067
  5019.869    23.471     1.118
  5019.970    23.574     1.169
  5020.071    23.677     1.169
  5020.171    23.729     1.169
  5020.572    23.729     1.169
  5020.674    23.729     1.220
  5020.774    23.677     1.220
  5020.875    23.574     1.372
  5021.177    23.574     1.372
  5021.277    23.523     1.474
  5021.378    23.523     1.525
  5023.895    23.523     1.525
  5023.994    23.523     1.474
  5024.096    23.523     1.423
  5024.197    23.523     1.271
  5024.296    23.523     1.271
  5024.397    23.523     1.169
  5024.498    23.523     0.966
  5024.599    23.523     0.915
  5024.698    23.574     0.813
  5024.800    23.626     0.762
  5024.901    23.883     0.712
  5025.001    23.883     0.712
  5025.102    23.883     0.661
  5025.202    23.883     0.559
  5025.302    23.832     0.559
  5025.614    23.832     0.559
  5025.713    23.677     0.661
  5026.418    23.677     0.661
  5026.518    23.574     0.661
  5027.625    23.574     0.661
  5027.725    23.419     0.661
  5027.825    23.316     0.712
  5027.927    23.213     0.712
  5028.029    23.162     0.712
  5028.431    23.162     0.712
  5028.530    23.574     0.712
  5028.833    23.574     0.712
  5028.934    23.523     0.712
  5030.242    23.523     0.712
  5030.342    23.419     0.712
  5030.443    23.213     0.712
  5031.047    23.213     0.712
  5031.148    23.006     0.712
  5031.248    23.006     0.712
  5031.348    22.903     0.661
  5031.449    22.903     0.661
  5031.550    22.800     0.610
  5031.650    22.800     0.610
  5031.751    22.646     0.610
  5031.852    22.594     0.610
  5031.952    22.388     0.610
  5032.053    22.336     0.610
  5032.154    22.078     0.610
  5032.255    21.872     0.610
  5032.356    21.562     0.610
  5032.455    21.511     0.610
  5033.060    21.511     0.610
  5033.161    21.459     0.610
  5033.260    21.304     0.610
  5033.362    21.304     0.610
  5033.462    21.253     0.610
  5033.563    21.253     0.610
  5033.663    20.995     0.610
  5033.764    20.943     0.559
  5034.391    20.943     0.559
  5034.469    20.789     0.559
  5034.670    20.789     0.559
  5034.771    20.686     0.559
  5034.871    20.686     0.559
  5034.972    20.634     0.559
  5035.073    20.324     0.559
  5035.173    20.118     0.559
  5035.275    20.118     0.559
  5035.374    20.066     0.559
  5035.474    19.912     0.559
  5035.575    19.809     0.559
  5035.777    19.809     0.559
  5035.877    19.706     0.559
  5035.978    19.602     0.559
  5036.280    19.602     0.559
  5036.381    19.499     0.559
  5036.481    19.138     0.559
  5036.580    18.983     0.559
  5036.682    18.725     0.559
  5036.782    18.054     0.610
  5036.883    17.797     0.610
  5036.984    17.694     0.610
  5037.084    17.694     0.610
  5037.185    17.539     0.610
  5037.285    17.074     0.610
  5037.788    17.074     0.610
  5037.889    15.991     0.712
  5037.990    15.888     0.712
  5038.191    15.888     0.712
  5038.290    15.578     0.712
  5038.391    15.475     0.712
  5041.109    15.475     0.712
  5041.210    15.114     0.966
  5045.335    15.114     0.966
  5045.434    15.321     0.915
  5045.636    15.321     0.915
  5045.737    15.424     0.864
  5045.837    15.475     0.813
  5045.938    15.578     0.661
  5046.039    15.630     0.610
  5046.139    15.630     0.508
  5046.843    15.630     0.508
  5046.944    15.630     0.559
  5047.044    15.630     0.559
  5047.146    15.630     0.610
  5047.244    15.630     0.661
  5048.654    15.630     0.661
  5048.754    15.578     0.813
  5048.856    15.527     0.966
  5048.956    15.527     1.067
  5049.057    15.527     1.118
  5049.157    15.527     1.169
  5049.258    15.527     1.169
  5049.358    15.527     1.321
  5049.459    15.527     1.372
  5049.560    15.527     1.779
  5049.660    15.527     1.880
  5049.761    15.527     2.033
  5049.962    15.527     2.033
  5050.063    15.527     2.135
  5050.163    15.527     2.135
  5050.264    15.527     2.338
  5050.365    15.527     2.541
  5050.465    15.527     2.744
  5050.566    15.527     2.998
  5050.666    15.527     3.202
  5050.767    15.681     3.303
  5050.867    15.837     3.456
  5050.968    15.991     3.507
  5051.069    16.146     3.659
  5051.170    16.301     3.710
  5051.270    16.404     3.761
  5051.370    16.404     3.761
  5051.471    16.404     3.811
  5051.672    16.404     3.811
  5051.773    16.404     3.862
  5052.074    16.404     3.862
  5052.176    16.559     3.964
  5052.276    16.610     3.964
  5058.613    16.610     3.964
  5058.713    16.456     3.964
  5058.815    16.352     3.964
  5058.915    16.301     3.964
  5059.016    16.197     3.964
  5059.116    16.197     3.964
  5059.216    16.146     3.913
  5059.318    16.094     3.811
  5066.763    16.094     3.811
  5066.864    16.094     3.862
  5067.166    16.094     3.862
  5067.266    16.094     3.913
  5071.894    16.094     3.913
  5071.994    16.094     3.964
  5072.095    16.094     4.015
  5072.698    16.094     4.015
  5072.800    16.043     4.116
  5073.000    16.043     4.116
  5073.101    15.991     4.167
  5073.201    15.940     4.167
  5073.301    15.888     4.167
  5073.403    15.888     4.167
  5073.503    15.888     4.218
  5073.604    15.888     4.269
  5075.415    15.888     4.269
  5075.515    15.734     4.269
  5075.616    15.681     4.269
  5076.726    15.681     4.269
  5076.826    15.269     4.523
  5076.927    15.269     4.574
  5083.566    15.269     4.574
  5083.666    15.269     4.676
  5084.470    15.269     4.676
  5084.572    15.269     4.828
  5088.195    15.269     4.828
  5088.295    15.269     4.777
  5088.395    15.269     4.777
  5088.495    15.269     4.574
  5088.597    15.269     4.371
  5088.698    15.269     4.320
  5088.798    15.269     4.116
  5088.899    15.269     3.964
  5089.000    15.269     3.913
  5089.101    15.269     3.913
  5089.200    15.269     3.964
  5089.403    15.269     3.964
  5089.502    15.269     4.066
  5089.603    15.269     4.167
  5089.703    15.321     4.167
  5089.805    15.321     4.269
  5090.609    15.321     4.269
  5090.710    15.372     4.269
  5093.827    15.372     4.269
  5093.929    15.630     4.371
  5094.632    15.630     4.371
  5094.733    15.681     4.371
  5094.935    15.681     4.371
  5095.034    15.681     4.320
  5095.437    15.681     4.320
  5095.537    15.734     4.269
  5095.638    15.940     4.269
  5095.839    15.940     4.269
  5095.941    16.094     4.269
  5096.041    16.249     4.320
  5098.771    16.249     4.320
  5098.871    16.352     4.371
  5098.971    16.456     4.371
  5107.729    16.456     4.371
  5107.829    16.817     4.421
  5108.133    16.817     4.421
  5108.233    16.868     4.472
  5113.263    16.868     4.472
  5113.364    16.765     4.472
  5113.463    16.456     4.472
  5113.564    16.404     4.472
  5113.664    16.352     4.472
  5113.766    16.094     4.472
  5113.967    16.094     4.472
  5114.068    16.043     4.472
  5114.168    15.888     4.472
  5114.773    15.888     4.472
  5114.873    15.940     4.472
  5114.974    16.043     4.574
  5115.477    16.043     4.574
  5115.576    15.991     4.574
  5115.980    15.991     4.574
  5116.080    15.785     4.574
  5116.684    15.785     4.574
  5116.784    15.734     4.574
  5116.986    15.734     4.574
  5117.086    15.475     4.574
  5122.318    15.475     4.574
  5122.419    15.527     4.574
  5122.519    15.630     4.574
  5122.619    15.681     4.574
  5122.721    15.734     4.574
  5122.822    15.785     4.574
  5122.922    15.785     4.624
  5123.023    15.785     4.624
  5123.124    15.888     4.624
  5123.224    15.888     4.624
  5123.324    15.940     4.624
  5123.425    15.991     4.624
  5126.143    15.991     4.624
  5126.243    16.043     4.624
  5126.344    16.301     4.624
  5153.621    16.301     4.624
  5153.722    16.301     4.574
  5262.487    16.301     4.574
  5262.589    16.094     4.574
  5262.690    16.094     4.574
  5262.790    15.991     4.574
  5262.990    15.991     4.574
  5263.091    15.888     4.777
  5286.150    15.888     4.777
  5286.250    15.940     4.726
  5410.641    15.940     4.726
  5410.742    15.837     4.828
  5410.842    15.837     4.879
  5410.943    15.837     4.879
  5411.042    15.785     4.929
  5411.144    15.734     4.980
  5411.243    15.734     4.980
  5411.345    15.734     5.082
  5411.853    15.734     5.082
  5411.953    15.630     5.082
  5412.457    15.630     5.082
  5412.558    15.630     5.133
  5413.865    15.630     5.133
  5413.965    15.578     5.234
  5414.066    15.578     5.285
  5414.471    15.578     5.285
  5414.571    15.630     5.387
  5414.671    15.734     5.489
  5428.358    15.734     5.489
  5428.458    15.681     5.438
  5428.558    15.681     5.387
  5428.659    15.681     5.387
  5428.760    15.681     5.336
  5428.961    15.681     5.336
  5429.061    15.681     5.285
  5429.565    15.681     5.285
  5429.665    15.681     5.234
  5429.765    15.681     5.234
  5429.866    15.734     5.234
  5430.369    15.734     5.234
  5430.469    15.888     5.234
  5430.571    15.940     5.234
  5430.772    15.940     5.234
  5430.872    15.991     5.234
  5430.973    16.043     5.234
  5431.979    16.043     5.234
  5432.079    16.197     5.184
  5432.180    16.197     5.133
  5438.821    16.197     5.133
  5438.922    16.249     5.133
  5439.023    16.249     5.133
  5439.123    16.249     5.031
  5439.726    16.249     5.031
  5439.827    16.249     4.980
  5439.928    16.249     4.980
  5440.028    16.301     4.929
  5440.230    16.301     4.929
  5440.330    16.404     4.929
  5440.631    16.404     4.929
  5440.735    16.507     4.929
  5440.834    16.507     4.929
  5440.936    16.559     4.929
  5448.489    16.559     4.929
  5448.590    16.559     4.879
  5448.689    16.662     4.828
  5448.790    16.662     4.828
  5448.890    16.662     4.777
  5448.991    16.662     4.777
  5449.092    16.714     4.777
  5449.394    16.714     4.777
  5449.494    16.920     4.777
  5449.997    16.920     4.777
  5450.098    16.920     4.828
  5466.105    16.920     4.828
  5466.205    17.023     4.726
  5466.307    17.074     4.676
  5466.408    17.126     4.574
  5466.507    17.126     4.574
  5466.608    17.281     4.574
  5466.708    17.436     4.574
  5466.911    17.436     4.574
  5467.011    17.539     4.574
  5467.112    17.539     4.574
  5467.212    17.539     4.523
  5468.922    17.539     4.523
  5469.023    17.694     4.574
  5469.224    17.694     4.574
  5469.325    17.797     4.574
  5469.425    17.900     4.624
  5476.173    17.900     4.624
  5476.274    18.003     4.523
  5476.474    18.003     4.523
  5476.576    18.054     4.523
  5476.777    18.054     4.523
  5476.877    18.158     4.523
  5476.978    18.210     4.523
  5478.488    18.210     4.523
  5478.587    18.158     4.472
  5479.292    18.158     4.472
  5479.393    18.158     4.421
  5479.694    18.158     4.421
  5479.794    18.106     4.421
  5479.895    18.106     4.371
  5480.198    18.106     4.371
  5480.298    18.054     4.371
  5480.902    18.054     4.371
  5481.002    17.900     4.523
  5486.235    17.900     4.523
  5486.334    17.900     4.574
  5489.955    17.900     4.574
  5490.056    17.848     4.574
  5490.158    17.797     4.574
  5490.257    17.694     4.574
  5490.359    17.694     4.523
  5490.460    17.642     4.523
  5490.661    17.642     4.523
  5490.761    17.590     4.523
  5490.862    17.539     4.523
  5491.366    17.539     4.523
  5491.466    17.487     4.523
  5507.880    17.487     4.523
  5507.982    17.590     4.523
  5508.081    17.590     4.523
  5508.182    17.694     4.574
  5508.284    17.745     4.574
  5508.485    17.745     4.574
  5508.584    17.797     4.726
  5508.786    17.797     4.726
  5508.886    17.797     4.777
  5508.987    17.848     4.777
  5509.089    18.054     4.879
  5509.191    18.054     4.879
  5509.292    18.106     4.879
  5509.393    18.106     4.929
  5509.494    18.106     5.031
  5509.995    18.106     5.031
  5510.097    18.622     5.031
  5510.197    18.674     5.031
  5511.505    18.674     5.031
  5511.605    18.674     4.980
  5511.706    18.674     4.929
  5511.806    18.674     4.879
  5511.908    18.674     4.828
  5515.028    18.674     4.828
  5515.128    18.725     4.828
  5515.733    18.725     4.828
  5515.833    18.725     4.777
  5517.141    18.725     4.777
  5517.242    18.777     4.777
  5520.574    18.777     4.777
  5520.673    18.725     4.676
  5520.774    18.674     4.624
  5520.875    18.674     4.523
  5520.975    18.622     4.523
  5522.184    18.622     4.523
  5522.285    18.570     4.523
  5546.365    18.570     4.523
  5546.465    18.725     4.523
  5546.567    18.828     4.523
  5546.666    18.880     4.523
  5546.766    18.931     4.523
  5546.867    18.983     4.574
  5546.968    19.035     4.574
  5547.772    19.035     4.574
  5547.873    19.086     4.624
  5548.175    19.086     4.624
  5548.276    19.344     4.624
  5548.376    19.499     4.624
  5548.478    19.602     4.676
  5550.590    19.602     4.676
  5550.692    19.654     4.676
  5550.793    19.809     4.624
  5551.604    19.809     4.624
  5551.704    19.654     4.624
  5555.327    19.654     4.624
  5555.428    19.757     4.624
  5555.530    19.860     4.624
  5555.629    19.963     4.624
  5562.972    19.963     4.624
  5563.073    20.015     4.574
  5563.375    20.015     4.574
  5563.475    20.066     4.574
  5563.676    20.066     4.574
  5563.777    20.066     4.624
  5563.877    20.221     4.624
  5563.978    20.427     4.726
  5564.080    20.582     4.726
  5564.882    20.582     4.726
  5564.984    20.634     4.726
  5565.084    20.686     4.726
  5567.097    20.686     4.726
  5567.197    20.737     4.726
  5567.498    20.737     4.726
  5567.599    20.789     4.726
  5567.800    20.789     4.726
  5567.901    20.789     4.624
  5568.001    20.789     4.523
  5568.102    20.789     4.523
  5568.203    20.943     4.523
  5568.303    21.046     4.523
  5568.405    21.253     4.523
  5568.505    21.356     4.523
  5569.008    21.356     4.523
  5569.109    21.511     4.523
  5569.209    21.666     4.523
  5570.719    21.666     4.523
  5570.820    21.717     4.523
  5570.920    21.975     4.523
  5571.926    21.975     4.523
  5572.027    22.336     4.523
  5572.429    22.336     4.523
  5572.530    22.388     4.574
  5572.630    22.388     4.574
  5572.731    22.439     4.574
  5573.334    22.439     4.574
  5573.435    22.903     4.574
  5573.535    23.162     4.624
  5576.354    23.162     4.624
  5576.453    23.162     4.676
  5576.554    23.316     4.828
  5576.755    23.316     4.828
  5576.856    23.368     4.828
  5576.956    23.574     4.879
  5577.057    23.626     4.980
  5577.862    23.626     4.980
  5577.962    23.832     4.980
  5578.063    23.883     4.980
  5578.163    23.987     5.082
  5578.868    23.987     5.082
  5578.968    23.987     5.133
