     5.780    25.211    18.883
    21.571    25.211    18.883
    21.672    25.211    18.984
    21.772    25.211    19.035
   317.685    25.211    19.035
   317.787    25.108    19.136
   317.887    25.057    19.136
   317.987    25.057    19.136
   318.088    25.057    19.288
   329.468    25.057    19.288
   329.569    24.851    19.136
   329.670    24.285    18.832
   329.770    24.233    18.832
   329.871    24.233    18.832
   329.971    24.181    18.984
   330.072    24.181    19.187
   330.173    24.181    19.238
   330.374    24.181    19.238
   330.473    24.130    19.238
   330.575    23.975    19.238
   330.676    23.770    19.238
   330.776    23.667    19.187
   330.877    23.512    19.187
   330.977    23.512    19.187
   331.078    23.461    19.187
   331.178    23.461    19.187
   331.280    23.409    19.187
   331.581    23.409    19.187
   331.681    23.358    19.187
   331.783    23.358    19.187
   331.884    23.306    19.187
   331.984    23.152    19.187
   332.185    23.152    19.187
   332.286    23.100    19.187
   332.588    23.100    19.187
   332.688    22.946    19.187
   332.789    22.895    19.187
   332.889    22.843    19.187
   332.990    22.792    19.187
   333.191    22.792    19.187
   333.292    22.740    19.187
   333.392    22.637    19.187
   333.493    22.482    19.187
   333.594    22.276    19.187
   333.998    22.276    19.187
   334.098    22.173    19.136
   334.199    22.070    19.085
   334.300    22.019    19.035
   334.400    21.967    19.035
   334.500    21.967    19.035
   334.601    21.916    18.984
   334.702    21.762    18.934
   334.803    21.607    18.883
   334.903    21.350    18.680
   335.004    21.092    18.578
   335.104    20.937    18.578
   335.205    20.680    18.376
   335.306    20.474    18.325
   335.406    20.268    18.224
   335.507    20.217    18.122
   336.211    20.217    18.122
   336.311    20.165    18.122
   336.412    20.114    18.071
   336.512    20.114    18.071
   336.613    20.011    17.970
   336.714    19.959    17.970
   336.814    19.907    17.919
   336.915    19.804    17.869
   337.015    19.650    17.615
   337.116    19.547    17.615
   337.317    19.547    17.615
   337.418    19.496    17.564
   337.518    19.444    17.514
   337.619    19.341    17.514
   337.720    19.290    17.412
   337.819    19.135    17.362
   337.921    19.135    17.108
   338.021    19.084    17.007
   338.122    19.084    16.905
   338.222    19.032    16.753
   338.323    18.981    16.195
   338.424    18.981    16.094
   338.524    18.929    15.993
   338.625    18.672    15.587
   338.725    18.518    15.435
   338.825    18.363    15.283
   338.928    18.105    14.776
   339.028    18.054    14.573
   339.130    18.054    14.269
   339.230    18.054    14.117
   339.330    18.054    13.762
   339.431    18.054    13.609
   339.530    18.054    13.559
   339.632    18.054    13.356
   339.732    18.054    12.697
   339.833    18.054    12.697
   339.933    18.054    12.646
   340.034    17.848    12.544
   340.135    17.642    12.443
   340.235    17.539    12.342
   340.336    17.436    12.342
   340.537    17.436    12.342
   340.637    17.436    12.291
   340.738    17.436    12.037
   340.838    17.436    11.936
   340.938    17.436    11.936
   341.040    17.436    11.835
   341.140    17.436    11.733
   341.241    17.436    11.581
   341.342    17.436    11.378
   341.443    17.436    11.277
   341.844    17.436    11.277
   341.946    17.436    11.531
   342.047    17.436    11.733
   342.146    17.436    11.835
   342.248    17.436    12.088
   342.348    17.436    12.088
   342.449    17.539    12.088
   342.550    18.157    12.393
   342.649    18.208    12.393
   342.750    18.260    12.393
   342.850    18.260    12.393
   342.952    18.311    12.291
   343.052    18.363    12.240
   343.153    18.466    12.139
   343.254    18.672    12.139
   343.353    18.775    12.139
   343.455    18.826    11.936
   343.554    18.826    11.683
   343.856    18.826    11.683
   343.960    19.032    11.733
   344.059    19.496    11.987
   344.161    19.599    11.987
   344.262    19.599    11.835
   344.361    19.393    11.683
   344.865    19.393    11.683
   344.966    19.444    11.683
   345.066    19.444    11.683
   345.167    19.547    11.683
   345.266    20.062    11.835
   345.367    20.371    11.936
   345.468    20.423    11.936
   345.670    20.423    11.936
   345.769    20.423    12.139
   345.871    20.423    12.544
   346.173    20.423    12.544
   346.272    20.423    12.595
   346.374    20.474    12.697
   346.476    20.629    13.001
   346.577    20.680    13.356
   346.879    20.680    13.356
   346.978    20.783    13.356
   347.080    20.886    13.457
   347.179    20.989    13.559
   347.381    20.989    13.559
   347.482    21.195    13.559
   347.583    21.298    13.559
   347.683    21.504    13.559
   347.784    21.556    13.711
   347.885    21.659    13.863
   347.985    21.916    14.167
   348.086    22.019    14.218
   348.185    22.070    14.218
   348.286    22.225    14.218
   348.386    22.431    14.218
   348.488    22.585    14.218
   348.588    22.895    14.218
   348.688    23.255    14.066
   348.790    23.409    14.066
   348.889    23.564    14.066
   348.991    23.770    14.066
   349.092    23.821    14.066
   349.393    23.821    14.066
   349.494    23.821    14.167
   350.901    23.821    14.167
   351.003    23.873    14.066
   351.103    23.873    14.015
   351.204    23.873    13.812
   351.304    23.924    13.812
   351.404    24.285    13.812
   351.505    24.388    13.812
   351.606    24.491    13.812
   351.708    24.645    13.762
   351.807    24.800    13.711
   351.908    25.005    13.711
   352.009    25.263    13.609
   352.110    25.675    13.406
   352.211    25.881    13.153
   352.310    25.933    13.102
   352.412    25.984    13.052
   352.511    26.087    13.001
   352.612    26.292    13.001
   352.714    26.705    13.001
   352.813    26.808    13.001
   352.914    26.859    13.001
   353.015    26.963    13.001
   353.115    27.323    13.001
   353.217    27.632    13.001
   353.316    28.044    13.001
   353.417    28.146    13.001
   353.517    28.249    13.102
   353.618    28.249    13.153
   353.719    28.301    13.204
   354.124    28.301    13.204
   354.224    28.146    13.204
   354.324    28.146    13.204
   354.425    28.198    13.204
   355.028    28.198    13.204
   355.130    28.249    13.305
   355.229    28.249    13.508
   355.330    28.301    13.660
   355.633    28.301    13.660
   355.732    28.352    13.660
   355.834    28.404    13.762
   355.934    28.507    13.913
   356.035    28.713    14.218
   356.136    28.816    14.522
   356.236    28.971    14.826
   356.337    29.125    15.029
   356.437    29.434    15.333
   356.539    29.640    15.435
   356.638    29.846    15.486
   356.739    30.052    15.486
   356.840    30.309    15.536
   356.941    30.567    15.638
   357.042    30.670    15.840
   357.142    30.927    15.942
   357.243    31.133    16.145
   357.343    31.287    16.347
   357.443    31.391    16.449
   357.645    31.391    16.449
   357.745    31.648    16.500
   357.845    31.906    16.550
   357.947    32.112    16.652
   358.047    32.215    16.652
   358.148    32.523    16.804
   358.248    32.575    16.905
   358.348    32.626    17.007
   358.751    32.626    17.007
   358.851    32.678    17.007
   358.953    32.730    17.108
   359.052    32.781    17.311
   359.153    32.884    17.412
   359.254    33.090    17.716
   359.355    33.090    17.767
   359.760    33.090    17.767
   359.860    33.090    17.716
   359.960    33.090    17.615
   360.061    33.090    17.362
   360.664    33.090    17.362
   360.765    32.987    17.362
   361.770    32.987    17.362
   361.871    32.987    17.412
   361.972    32.987    17.514
   362.978    32.987    17.514
   363.078    32.987    17.666
   363.178    32.987    17.767
   363.280    32.987    17.869
   363.380    32.987    17.970
   363.480    32.987    18.122
   363.581    32.987    18.376
   363.681    32.987    18.477
   363.783    32.987    18.528
   363.883    32.987    18.578
   363.983    32.987    18.680
   364.086    32.987    18.832
   364.186    32.987    18.883
   364.286    32.987    18.883
   364.386    32.987    18.984
   364.487    32.987    19.136
   364.588    32.987    19.238
   364.688    32.987    19.288
   364.790    32.987    19.440
   364.889    32.987    19.593
   364.990    33.039    19.897
   365.092    33.039    20.150
   365.694    33.039    20.150
   365.795    33.039    20.303
   365.895    33.039    20.404
   367.808    33.039    20.404
   367.908    33.090    20.404
   368.009    33.142    20.404
   368.109    33.142    20.404
   368.211    33.193    20.404
   368.311    33.193    20.404
   368.411    33.245    20.404
   368.511    33.245    20.454
   368.612    33.245    20.505
   368.914    33.245    20.505
   369.014    32.936    20.607
   386.827    32.936    20.607
   386.929    32.936    20.708
   387.733    32.936    20.708
   387.834    32.936    20.759
   388.236    32.936    20.759
   388.337    32.884    20.809
   388.437    32.833    20.809
   809.808    32.833    20.809
   809.909    32.936    20.809
   810.110    32.936    20.809
   810.211    33.039    20.809
   810.312    33.090    20.809
   810.613    33.090    20.809
   810.714    33.090    20.759
   811.518    33.090    20.759
   811.619    33.142    20.759
   812.022    33.142    20.759
   812.123    33.245    20.759
   812.223    33.502    20.860
   812.325    33.708    20.860
   817.557    33.708    20.860
   817.658    33.502    20.860
   817.758    33.348    20.860
   852.980    33.348    20.860
   853.081    33.296    20.860
   867.268    33.296    20.860
   867.369    33.450    20.708
   867.468    33.450    20.708
   867.569    33.348    20.759
   867.670    33.193    20.911
   868.989    33.193    20.911
   869.090    32.575    20.556
   869.191    32.317    20.454
   869.794    32.317    20.454
   869.894    32.472    20.454
   869.995    32.626    20.556
   870.095    32.730    20.708
   870.197    32.781    20.860
   870.297    32.884    20.860
   870.398    32.936    20.860
   870.499    32.936    20.860
   870.599    32.987    20.860
   870.700    33.039    20.860
   870.799    33.090    20.911
   991.469    33.090    20.911
   991.571    32.884    20.962
   991.669    32.730    20.962
   991.771    32.626    21.063
   991.872    32.575    21.063
   991.972    32.575    21.063
   992.073    32.472    21.063
   992.173    32.317    21.063
   992.275    32.163    21.063
   992.375    32.060    21.063
   992.476    31.854    21.215
   992.576    31.700    21.215
   992.676    31.545    21.215
   992.776    31.391    21.316
   992.879    31.185    21.418
   992.979    31.030    21.418
   993.080    30.876    21.469
   993.180    30.824    21.469
   993.282    30.721    21.519
   993.381    30.670    21.570
   993.483    30.515    21.570
   993.583    30.309    21.672
   993.682    30.258    21.672
   993.784    30.155    21.672
   993.884    30.052    21.773
   993.985    29.794    21.925
   994.086    29.640    22.027
   994.187    29.588    22.027
   994.287    29.485    22.027
   994.387    29.434    22.077
   994.488    29.331    22.077
   994.588    29.228    22.077
   994.688    29.176    22.077
   994.790    29.125    22.077
   995.091    29.125    22.077
   995.193    29.125    22.229
   995.294    29.125    22.229
   995.394    29.074    22.280
   995.494    29.022    22.381
   995.595    28.919    22.534
   995.696    28.816    22.685
   995.796    28.816    22.736
   995.897    28.816    22.736
   995.998    28.816    22.787
   996.199    28.816    22.787
   996.299    28.816    22.838
   996.400    28.662    23.193
   996.500    28.662    23.345
   997.406    28.662    23.345
   997.506    28.662    23.396
   997.607    28.662    23.497
   997.708    28.662    23.598
   997.808    28.559    23.750
   997.909    28.404    23.953
   998.009    28.352    24.105
   998.111    28.249    24.308
   998.212    28.044    24.460
   998.311    27.992    24.562
   998.412    27.992    24.612
   998.511    27.889    24.867
   998.612    27.838    24.967
   999.419    27.838    24.967
   999.519    27.786    25.170
   999.620    27.735    25.170
   999.720    27.683    25.221
   999.821    27.632    25.221
   999.921    27.632    25.221
  1000.022    27.580    25.221
  1000.123    27.580    25.221
  1000.223    27.529    25.221
  1000.325    27.529    25.221
  1000.425    27.426    25.272
  1000.526    27.323    25.272
  1000.627    27.220    25.272
  1000.727    27.066    25.272
  1000.828    26.963    25.272
  1000.928    26.911    25.272
  1001.029    26.859    25.272
  1001.130    26.808    25.272
  1001.230    26.653    25.272
  1001.331    26.499    25.272
  1001.431    26.292    25.272
  1001.532    26.241    25.272
  1001.632    26.138    25.272
  1001.733    26.087    25.272
  1001.834    26.035    25.272
  1002.738    26.035    25.272
  1002.839    25.984    25.272
  1002.940    25.933    25.322
  1003.545    25.933    25.322
  1003.644    25.933    25.373
  1003.744    25.933    25.423
  1003.845    25.984    25.423
  1003.946    26.035    25.423
  1004.046    26.035    25.474
  1004.147    26.087    25.474
  1004.248    26.138    25.423
  1004.348    26.190    25.423
  1005.756    26.190    25.423
  1005.858    26.087    25.423
  1005.959    25.933    25.423
  1006.059    25.727    25.423
  1006.160    25.417    25.525
  1006.261    25.211    25.626
  1006.361    25.108    25.626
  1006.462    24.697    25.626
  1006.562    24.491    25.626
  1006.663    24.388    25.626
  1006.763    24.285    25.626
  1006.864    23.975    25.728
  1006.964    23.770    25.830
  1007.065    23.770    25.830
  1007.166    23.615    25.981
  1007.266    23.409    26.134
  1007.368    23.152    26.235
  1007.467    23.152    26.235
  1007.568    23.049    26.184
  1007.669    22.997    26.032
  1007.870    22.997    26.032
  1007.970    22.997    25.981
  1008.071    22.740    25.981
  1008.171    22.534    25.981
  1008.272    22.482    25.981
  1008.373    22.173    25.981
  1008.473    21.967    25.981
  1008.573    21.864    25.981
  1008.675    21.556    25.981
  1008.775    21.246    25.981
  1008.877    21.195    25.981
  1008.977    21.143    25.981
  1009.078    20.937    26.134
  1009.178    20.629    26.336
  1009.782    20.629    26.336
  1009.882    20.577    26.387
  1009.983    20.526    26.336
  1010.084    20.217    26.336
  1010.184    19.907    26.539
  1010.286    19.496    26.792
  1010.386    19.084    27.046
  1010.486    19.084    27.046
  1010.587    19.032    27.046
  1011.093    19.032    27.046
  1011.194    19.032    26.996
  1012.602    19.032    26.996
  1012.703    19.187    26.996
  1012.904    19.187    26.996
  1013.004    19.187    26.945
  1013.106    19.187    26.945
  1013.207    19.187    26.843
  1014.112    19.187    26.843
  1014.212    19.187    26.996
  1014.414    19.187    26.996
  1014.514    19.187    27.097
  1014.615    19.135    27.199
  1014.715    19.135    27.249
  1014.816    19.135    27.249
  1014.917    19.135    27.300
  1015.016    19.135    27.401
  1015.118    19.135    27.452
  1015.218    19.135    27.452
  1015.319    19.135    27.503
  1015.420    19.135    27.553
  1015.521    19.135    27.604
  1015.620    19.135    27.655
  1015.722    19.135    27.655
  1015.823    19.135    27.705
  1015.923    19.135    27.756
  1016.024    19.135    27.807
  1016.126    19.032    28.010
  1016.225    19.032    28.060
  1016.326    19.032    28.060
  1016.426    18.981    28.060
  1016.527    18.878    28.162
  1016.627    18.878    28.314
  1016.727    18.826    28.466
  1016.929    18.826    28.466
  1017.030    18.826    28.568
  1017.130    18.826    28.719
  1017.231    18.775    28.770
  1017.332    18.723    28.872
  1017.432    18.672    28.973
  1017.532    18.672    29.075
  1017.633    18.621    29.125
  1017.734    18.621    29.176
  1018.136    18.621    29.176
  1018.238    18.621    29.226
  1018.338    18.621    29.277
  1018.440    18.621    29.379
  1018.541    18.569    29.429
  1018.641    18.518    29.480
  1019.245    18.518    29.480
  1019.345    18.569    29.480
  1019.446    18.621    29.531
  1022.465    18.621    29.531
  1022.566    18.621    29.632
  1022.867    18.621    29.632
  1022.969    18.621    29.683
  1023.070    18.621    29.734
  1023.170    18.672    29.835
  1024.076    18.672    29.835
  1024.176    18.672    29.886
  1024.277    18.672    29.987
  1024.378    18.672    30.038
  1024.478    18.672    30.088
