     2.763    12.329    11.231
     3.671    12.329    11.231
     3.771    12.225    11.231
     3.974    12.225    11.231
     4.075    12.225    11.180
     4.176    12.225    11.027
     4.277    12.225    10.977
     4.380    12.225    10.977
     4.481    12.174    10.875
     4.581    12.122    10.722
     4.684    12.019    10.672
     4.784    11.968    10.570
     4.885    11.865    10.570
     4.984    11.813    10.570
     5.085    11.761    10.570
     5.186    11.607    10.519
     5.287    11.555    10.418
     5.390    11.400    10.418
     5.490    11.400    10.214
     5.591    11.297    10.113
     5.690    11.245    10.062
     5.791    11.194    10.062
     5.894    11.142    10.062
     6.397    11.142    10.062
     6.498    11.349    10.062
     6.600    11.400    10.062
     6.700    11.400    10.062
     6.801    11.400    10.011
    18.803    11.400    10.011
    18.903    11.400     9.960
    19.103    11.400     9.960
    19.204    11.400     9.859
    19.607    11.400     9.859
    19.708    11.400     9.808
    19.809    11.349     9.808
    20.618    11.349     9.808
    20.720    11.452     9.808
    34.925    11.452     9.808
    35.025    11.400     9.808
    39.457    11.400     9.808
    39.559    11.349     9.960
    39.660    11.349    10.011
    41.169    11.349    10.011
    41.271    11.349    10.062
    41.572    11.349    10.062
    41.673    11.349    10.113
    44.491    11.349    10.113
    44.591    11.245    10.113
    48.320    11.245    10.113
    48.421    11.194    10.113
    48.521    11.142    10.113
    53.157    11.142    10.113
    53.258    11.039    10.113
    58.291    11.039    10.113
    58.392    11.091    10.113
    58.492    11.194    10.164
    58.694    11.194    10.164
    58.794    11.142    10.265
    58.895    10.885    10.265
    58.995    10.833    10.265
    59.197    10.833    10.265
    59.298    10.833    10.316
    59.398    10.730    10.316
    59.499    10.626    10.316
    59.600    10.420    10.316
    59.700    10.214    10.418
    59.802     9.956    10.519
    59.901     9.852    10.519
    60.605     9.852    10.519
    60.706     9.852    10.722
    60.807     9.852    10.773
    60.907     9.801    10.824
    61.008     9.543    11.027
    61.108     9.492    11.078
    69.463     9.492    11.078
    69.563     9.440    11.078
   123.754     9.440    11.078
   123.855     9.543    11.027
   123.956     9.646    11.027
   124.157     9.646    11.027
   124.258     9.646    10.977
   124.358     9.646    10.977
   124.459     9.646    10.926
   140.672     9.646    10.926
   140.772     9.595    11.027
   140.872     9.595    11.027
   140.973     9.595    11.078
   141.073     9.595    11.078
   141.174     9.595    11.129
   141.274     9.749    11.129
   144.397     9.749    11.129
   144.498     9.749    10.977
   147.519     9.749    10.977
   147.619     9.698    10.926
   147.720     9.646    10.926
   147.921     9.646    10.926
   148.021     9.698    10.977
   148.424     9.698    10.977
   148.523     9.749    10.926
   148.625     9.749    10.875
   149.329     9.749    10.875
   149.430     9.801    10.875
   152.649     9.801    10.875
   152.751     9.905    10.926
   152.851     9.956    10.977
   152.951     9.956    11.027
   153.051     9.956    11.078
   153.152     9.956    11.129
   153.253     9.956    11.180
   153.354    10.008    11.231
   155.365    10.008    11.231
   155.466    10.059    11.282
   155.567    10.111    11.282
   155.668    10.111    11.332
   155.769    10.111    11.383
   155.970    10.111    11.383
   156.070    10.214    11.383
   156.170    10.369    11.383
   156.271    10.472    11.383
   157.277    10.472    11.383
   157.378    10.575    11.383
   157.479    10.730    11.485
   157.579    10.730    11.485
   157.680    10.833    11.485
   157.780    10.781    11.535
   157.881    10.781    11.535
   157.980    10.833    11.535
   158.082    11.039    11.535
   158.183    11.194    11.535
   158.282    11.297    11.535
   158.987    11.297    11.535
   159.088    11.400    11.535
   159.391    11.400    11.535
   159.491    11.607    11.535
   159.592    11.865    11.535
   159.693    11.916    11.535
   161.101    11.916    11.535
   161.200    11.968    11.434
   161.503    11.968    11.434
   161.605    12.019    11.383
   167.944    12.019    11.383
   168.045    12.122    11.129
   168.347    12.122    11.129
   168.447    12.225    11.129
   168.548    12.277    11.129
   170.862    12.277    11.129
   170.963    12.432    11.129
   175.297    12.432    11.129
   175.397    12.329    11.129
   175.699    12.329    11.129
   175.799    12.277    11.129
   175.899    12.174    11.129
   176.000    12.122    11.129
   176.202    12.122    11.129
   176.303    12.071    11.129
   176.403    12.019    11.180
   176.606    12.019    11.180
   176.705    11.968    11.231
   176.806    11.968    11.332
   176.907    11.968    11.535
   177.006    12.019    11.587
   177.106    12.071    11.587
   177.208    12.071    11.587
   177.309    12.071    11.637
   177.409    11.968    11.739
   177.510    11.968    11.891
   177.610    11.968    12.095
   177.711    11.968    12.196
   177.813    11.968    12.196
   177.913    11.968    12.247
   178.013    11.968    12.247
   178.113    11.968    12.298
   178.214    11.968    12.501
   178.717    11.968    12.501
   178.816    11.968    12.552
   179.726    11.968    12.552
   179.825    11.916    12.552
   180.530    11.916    12.552
   180.631    11.916    12.603
   180.731    11.916    12.653
   182.441    11.916    12.653
   182.543    11.916    12.704
   182.645    11.916    12.704
   182.744    11.916    12.755
   182.844    11.916    12.806
   182.945    11.916    12.908
   183.751    11.916    12.908
   183.852    11.968    13.111
   183.950    11.968    13.213
   185.361    11.968    13.213
   185.462    11.916    13.314
   189.794    11.916    13.314
   189.895    11.968    13.466
   189.994    12.019    13.568
   190.095    12.071    13.619
   190.195    12.225    13.721
   190.296    12.535    13.721
   190.397    12.845    13.721
   190.497    13.051    13.721
   190.598    13.257    13.721
   190.699    13.309    13.721
   190.799    13.309    13.721
   190.899    13.361    13.721
   191.000    13.412    13.771
   191.101    13.567    13.771
   191.201    13.721    13.771
   192.311    13.721    13.771
   192.412    13.721    13.822
   192.513    13.721    13.924
   192.613    13.825    14.076
   192.714    13.928    14.229
   192.815    14.237    14.331
   192.915    14.392    14.432
   193.015    14.444    14.534
   193.115    14.392    14.686
   193.216    14.289    14.737
   193.315    14.289    14.737
   193.416    14.237    14.737
   193.619    14.237    14.737
   193.719    14.237    14.839
   193.819    14.237    14.889
   193.920    14.237    14.991
   194.020    14.237    15.093
   194.123    14.289    15.093
   194.424    14.289    15.093
   194.524    14.289    15.144
   194.625    14.289    15.296
   198.955    14.289    15.296
   199.056    14.289    15.499
   199.358    14.289    15.499
   199.460    14.341    15.499
   199.763    14.341    15.499
   199.863    14.392    15.499
   199.963    14.392    15.499
   200.064    14.444    15.499
   200.164    14.444    15.550
   202.882    14.444    15.550
   202.982    14.186    15.601
   203.082    14.083    15.753
   203.184    14.083    15.855
   203.284    14.031    16.109
   203.385    14.031    16.211
   203.485    13.928    16.414
   203.586    13.876    16.617
   203.688    13.876    16.973
   203.787    13.876    17.227
   203.888    13.825    17.583
   203.989    13.773    17.938
   204.089    13.670    18.243
   204.189    13.618    18.701
   204.290    13.567    18.955
   204.392    13.567    19.209
   204.491    13.567    19.514
   204.593    13.567    19.920
   204.693    13.567    20.479
   204.794    13.567    20.937
   204.894    13.567    21.089
   204.994    13.567    21.140
   205.096    13.567    21.394
   205.197    13.567    21.648
   205.297    13.618    21.851
   205.397    13.618    22.105
   205.499    13.773    22.461
   205.599    14.186    22.817
   205.699    14.237    23.071
   205.801    14.341    23.223
   205.902    14.650    23.426
   206.005    14.650    23.528
   206.105    14.754    23.731
   206.207    15.011    23.935
   206.308    15.578    24.291
   206.407    15.630    24.544
   206.509    15.681    24.900
   206.609    15.734    25.104
   206.709    15.785    25.459
   206.811    15.785    25.713
   206.911    15.785    25.866
   207.011    15.785    25.866
   207.111    15.837    25.917
   207.212    15.991    25.917
   207.313    16.146    25.967
   207.413    16.249    26.069
   207.514    16.404    26.222
   207.615    16.610    26.425
   207.716    16.662    26.425
   209.224    16.662    26.425
   209.325    16.507    26.425
   210.129    16.507    26.425
   210.230    16.507    26.526
   210.330    16.559    26.628
   210.432    16.559    26.831
   210.531    16.714    27.035
   210.632    16.817    27.136
   210.733    16.868    27.187
   210.834    16.920    27.187
   213.450    16.920    27.187
   213.551    16.920    27.238
   214.054    16.920    27.238
   214.154    16.971    27.288
   214.255    17.023    27.340
   214.355    17.023    27.390
   214.456    17.074    27.492
   214.558    17.177    27.543
   217.379    17.177    27.543
   217.480    17.177    27.695
   217.582    17.177    27.848
   217.683    17.230    28.051
   217.782    17.230    28.153
   219.895    17.230    28.153
   219.995    17.230    28.356
   220.096    17.230    28.508
   220.197    17.230    28.560
   220.298    17.230    28.560
   220.398    17.230    28.661
   220.499    17.230    28.813
   220.601    17.177    28.864
   220.701    17.177    28.966
   220.801    17.177    29.169
   220.901    17.177    29.321
   221.002    17.177    29.423
   221.103    17.177    29.474
   221.204    17.177    29.474
   221.305    17.230    29.474
   221.404    17.333    29.525
   221.606    17.333    29.525
   221.707    17.384    29.525
   221.808    17.384    29.575
   221.907    17.384    29.677
   222.008    17.384    29.677
   222.108    17.384    29.728
   222.209    17.384    29.779
   222.914    17.384    29.779
   223.014    17.384    29.830
   223.115    17.384    29.880
   223.216    17.384    29.880
   223.318    17.384    29.931
   223.418    17.384    29.931
   223.520    17.384    29.982
   223.620    17.384    30.033
   223.721    17.436    30.033
   223.822    17.539    30.033
   223.922    17.590    30.033
   224.022    17.642    30.033
   224.123    17.642    30.084
   224.225    17.642    30.135
   224.324    17.642    30.185
   224.526    17.642    30.185
   224.627    17.642    30.236
   224.828    17.642    30.236
   224.928    17.590    30.338
   225.029    17.384    30.388
   225.230    17.384    30.388
   225.331    17.384    30.338
   227.851    17.384    30.338
   227.951    17.384    30.439
   228.052    17.384    30.490
   228.152    17.384    30.541
   228.254    17.384    30.592
   228.355    17.384    30.592
   228.454    17.384    30.643
   229.763    17.384    30.643
   229.863    17.384    30.693
   229.964    17.384    30.795
   230.065    17.384    30.795
   230.165    17.384    30.846
   230.971    17.384    30.846
