     2.690    15.480    16.347
    38.512    15.480    16.347
    38.612    15.531    16.347
    38.814    15.531    16.347
    38.916    15.582    16.347
    57.642    15.582    16.347
    57.741    15.582    16.195
    68.834    15.582    16.195
    68.936    15.633    16.145
    69.236    15.633    16.145
    69.337    15.685    16.145
    69.437    15.737    16.145
    69.538    15.788    16.145
    69.639    15.840    16.145
    69.739    15.891    16.145
    69.841    15.891    16.145
    69.941    15.891    16.043
    70.040    15.891    15.993
    70.645    15.891    15.993
    70.746    15.943    15.993
    73.163    15.943    15.993
    73.264    15.943    15.942
    73.363    15.943    15.891
    73.464    15.943    15.891
    73.564    16.097    15.891
    73.665    16.149    15.891
    73.767    16.252    15.942
    73.866    16.303    15.993
    74.371    16.303    15.993
    74.473    16.355    16.094
    74.573    16.406    16.145
    74.674    16.458    16.145
    74.777    16.509    16.195
    74.879    16.509    16.195
    74.979    16.509    16.347
    75.118    16.509    16.449
    75.421    16.509    16.449
    75.521    16.561    16.449
    75.622    16.561    16.500
    75.723    16.612    16.500
    75.824    16.612    16.500
    75.928    16.715    16.500
    76.027    16.766    16.398
    76.129    16.818    16.398
    77.738    16.818    16.398
    77.839    16.818    16.500
    78.646    16.818    16.500
    78.745    17.024    16.652
    78.847    17.024    16.702
    78.946    17.024    16.702
    79.047    17.024    16.753
    79.146    17.024    16.855
    79.247    17.076    17.007
    79.348    17.076    17.007
    79.449    17.127    17.108
    79.550    17.127    17.260
    79.651    17.127    17.362
    79.753    17.127    17.514
    79.853    17.230    17.716
    79.953    17.282    17.970
    80.055    17.282    18.224
    80.153    17.282    18.376
    80.255    17.282    18.477
    80.355    17.333    18.528
    80.456    17.385    18.528
    80.559    17.488    18.578
    80.659    17.488    18.578
    80.761    17.488    18.680
    80.861    17.488    18.883
    80.963    17.488    18.984
    81.061    17.488    19.035
    81.162    17.488    19.085
    81.264    17.539    19.085
    81.364    17.591    19.187
    81.465    17.693    19.288
    81.565    17.745    19.288
    81.666    17.745    19.339
    81.767    17.796    19.339
    81.867    17.899    19.542
    81.969    17.951    19.593
    82.068    18.002    19.643
    82.169    18.002    19.643
    82.269    18.054    19.694
    82.369    18.054    19.745
    82.471    18.054    19.796
    82.772    18.054    19.796
    82.873    18.105    19.796
    83.680    18.105    19.796
    83.780    18.208    19.947
    83.881    18.311    20.100
    83.981    18.363    20.100
    84.082    18.415    20.100
    84.183    18.569    20.100
    84.283    18.621    20.100
    84.384    18.672    20.150
    84.484    18.775    20.150
    84.585    18.878    20.150
    84.686    18.981    20.201
    84.786    19.187    20.201
    84.887    19.599    20.201
    84.986    19.754    20.201
    85.088    19.804    20.201
    85.187    20.062    20.201
    85.289    20.320    20.201
    85.391    20.474    20.201
    85.491    20.629    20.201
    85.592    20.783    20.201
    85.692    20.886    20.201
    85.793    21.143    20.201
    85.894    21.350    20.201
    85.994    21.659    20.252
    86.095    21.864    20.454
    86.194    21.967    20.708
    86.308    22.173    20.962
    86.406    22.379    21.165
    86.507    22.482    21.266
    86.608    22.534    21.266
    86.709    22.689    21.266
    86.810    22.740    21.266
    86.910    22.895    21.266
    87.011    22.946    21.266
    87.112    22.997    21.266
    87.313    22.997    21.266
    87.414    22.946    21.215
    87.515    22.946    21.165
    87.615    22.843    21.114
    87.716    22.792    21.012
    87.816    22.740    21.012
    89.326    22.740    21.012
    89.427    22.740    21.114
    89.527    22.740    21.165
    89.628    22.740    21.316
    89.729    22.740    21.519
    89.828    22.740    21.570
    89.930    22.740    21.570
    90.030    22.689    21.570
    90.131    22.585    21.722
    90.231    22.534    21.824
    90.634    22.534    21.824
    90.734    22.482    22.077
    90.835    22.482    22.432
    90.936    22.482    22.483
    91.036    22.431    22.685
    91.137    22.431    22.990
    91.239    22.431    23.142
    91.338    22.276    23.243
    91.438    22.070    23.446
    91.540    22.019    23.598
    92.044    22.019    23.598
    92.144    22.019    23.700
    92.244    22.019    23.801
    92.345    22.019    23.852
    93.061    22.019    23.852
    93.160    22.173    23.801
    93.261    22.225    23.801
    93.663    22.225    23.801
    93.764    22.328    23.801
    93.864    22.534    23.801
    94.669    22.534    23.801
    94.770    22.585    23.801
    94.870    22.689    23.801
    94.971    22.843    23.801
    95.072    22.895    23.801
    95.171    23.100    23.801
    95.272    23.409    23.801
    95.373    23.615    23.801
    95.474    23.873    23.801
    95.574    23.975    23.801
    95.675    24.388    23.801
    95.775    24.697    23.801
    95.877    25.057    23.801
    95.978    25.417    23.801
    96.077    25.830    23.801
    96.178    26.138    23.801
    96.278    26.550    23.801
    96.403    26.911    23.801
    96.503    27.323    23.852
    96.580    27.529    23.953
    96.681    27.735    24.156
    96.781    27.941    24.460
    96.882    28.095    24.562
    96.983    28.301    24.714
    97.082    28.507    24.917
    97.183    28.713    25.119
    97.284    28.816    25.272
    97.385    28.971    25.373
    97.485    29.228    25.525
    97.587    29.485    25.525
    97.688    29.640    25.626
    97.788    29.898    25.626
    97.890    30.052    25.626
    97.990    30.361    25.626
    98.091    30.618    25.626
    98.191    30.824    25.626
    98.291    31.030    25.626
    98.392    31.287    25.626
    98.493    31.545    25.626
    98.594    31.751    25.626
    98.694    31.957    25.626
    98.795    32.112    25.677
    98.895    32.215    25.830
    98.996    32.317    25.931
    99.096    32.420    26.032
    99.198    32.523    26.336
    99.297    32.575    26.488
    99.397    32.678    26.641
    99.498    32.781    26.641
    99.599    32.884    26.641
    99.700    32.936    26.641
    99.801    32.936    26.590
    99.902    32.936    26.539
   100.003    32.936    26.488
   100.104    32.936    26.438
   100.204    32.936    26.387
   100.305    32.936    26.336
   102.923    32.936    26.336
   103.023    32.936    26.286
   103.123    32.936    26.184
   112.987    32.936    26.184
   113.088    33.245    26.184
   113.187    33.450    26.387
   113.288    33.502    26.387
   113.389    33.553    26.387
   113.490    33.708    26.438
   113.591    33.965    26.438
   113.690    34.069    26.438
   113.791    34.172    26.438
   113.892    34.172    26.336
   113.992    34.172    26.286
   114.094    34.172    26.184
   114.194    34.172    26.083
   114.294    34.172    25.931
   114.394    34.223    25.830
   114.496    34.223    25.626
   114.598    34.326    25.525
   114.697    34.378    25.474
   114.799    34.429    25.474
   114.899    34.480    25.474
   115.502    34.480    25.474
   115.603    34.480    25.373
   115.703    34.480    25.221
   115.805    34.480    24.967
   115.905    34.480    24.815
   116.006    34.480    24.562
   116.105    34.480    24.410
   116.206    34.480    24.257
   116.307    34.480    24.105
   116.407    34.480    23.903
   116.509    34.480    23.598
   116.609    34.480    23.294
   116.710    34.480    22.888
   116.811    34.480    22.736
   116.911    34.480    22.483
   117.012    34.480    22.229
   117.111    34.378    21.874
   117.212    34.378    21.519
   117.312    34.378    21.316
   117.414    34.378    21.063
   117.514    34.378    20.860
   117.614    34.378    20.556
   117.716    34.378    20.201
   117.816    34.378    19.846
   117.917    34.378    19.288
   118.018    34.378    19.085
   118.117    34.429    18.934
   118.218    34.429    18.832
   118.420    34.429    18.832
   118.519    34.480    18.832
   118.722    34.480    18.832
   118.821    34.583    18.781
   118.922    34.583    18.731
   119.022    34.583    18.629
   119.124    34.583    18.427
   119.225    34.583    18.224
   119.324    34.583    18.071
   119.425    34.583    18.021
   120.532    34.583    18.021
   120.633    34.583    17.970
   120.734    34.583    17.919
   120.835    34.583    17.818
   121.338    34.583    17.818
   121.438    34.583    17.666
   121.539    34.583    17.564
   121.639    34.532    17.412
   121.739    34.480    17.159
   121.841    34.378    17.058
   121.940    34.378    16.855
   122.041    34.378    16.652
   122.142    34.378    16.500
   122.243    34.378    16.398
   122.343    34.378    16.347
   122.445    34.378    16.297
   122.546    34.378    16.297
   122.646    34.378    16.195
   122.747    34.378    16.094
   122.848    34.378    15.993
   124.356    34.378    15.993
   124.457    34.378    15.891
   124.559    34.378    15.790
   124.658    34.378    15.739
   124.761    34.378    15.587
   124.861    34.326    15.486
   124.962    34.326    15.333
   125.062    34.275    15.232
   125.163    34.172    15.131
   125.263    34.017    15.080
   125.364    33.914    14.978
   127.880    33.914    14.978
   127.980    33.914    14.826
   128.081    33.914    14.776
   128.181    33.914    14.725
   128.281    33.914    14.624
   128.483    33.914    14.624
   128.584    33.914    14.573
   128.684    33.914    14.522
   128.784    33.914    14.421
   128.886    33.914    14.370
   128.986    33.914    14.370
   129.087    33.914    14.320
   129.991    33.914    14.320
   130.093    33.914    14.269
   130.496    33.914    14.269
   130.597    33.914    14.218
   131.301    33.914    14.218
   131.401    33.708    14.320
   131.502    33.708    14.421
   131.603    33.708    14.471
   132.005    33.708    14.471
   132.105    33.708    14.573
   132.209    33.708    14.725
   132.309    33.708    14.776
   132.409    33.708    14.776
   132.510    33.759    14.776
   132.611    33.811    14.826
   133.415    33.811    14.826
   133.517    33.862    14.826
   133.919    33.862    14.826
   134.020    33.862    14.928
   134.120    33.862    15.029
   134.221    33.965    15.131
   134.320    34.017    15.181
   134.421    34.017    15.181
   134.521    34.069    15.181
   134.622    34.069    15.181
   134.724    34.120    15.384
   134.824    34.172    15.435
   134.926    34.172    15.638
   135.026    34.172    15.790
   135.127    34.172    15.993
   135.227    34.172    16.043
   135.327    34.378    16.195
   135.428    34.429    16.297
   135.528    34.429    16.347
   135.629    34.429    16.347
   135.729    34.429    16.449
   135.831    34.429    16.500
   135.932    34.429    16.500
   136.032    34.429    16.550
   136.133    34.429    16.550
   136.232    34.429    16.601
   136.333    34.429    16.753
   136.434    34.429    16.905
   136.534    34.378    17.108
   136.635    34.378    17.311
   136.736    34.378    17.412
   136.837    34.378    17.514
   136.937    34.378    17.564
   137.037    34.326    17.666
   137.138    34.275    17.818
   137.239    34.172    18.021
   137.340    34.120    18.122
   137.441    34.069    18.173
   137.542    34.069    18.274
   137.643    34.069    18.325
   137.743    33.965    18.578
   137.844    33.914    18.680
   138.246    33.914    18.680
   138.347    33.914    18.731
   140.058    33.914    18.731
   140.158    33.862    18.731
   140.259    33.708    18.731
   140.359    33.708    18.731
   140.460    33.656    18.731
   140.561    33.553    18.731
   140.662    33.450    18.731
   140.763    33.348    18.731
   140.862    33.245    18.731
   141.164    33.245    18.731
   141.265    33.193    18.731
   141.365    33.090    18.731
   141.466    32.884    18.731
   141.566    32.781    18.731
   141.667    32.678    18.731
   141.769    32.678    18.731
   141.869    32.575    18.731
   141.969    32.523    18.731
   142.170    32.523    18.731
   142.270    32.369    18.731
   142.371    32.215    18.731
   142.472    32.163    18.731
   142.572    32.009    18.731
   142.673    31.700    18.680
   142.773    31.494    18.680
   142.874    31.339    18.629
   142.975    31.339    18.629
   143.074    31.339    18.578
   143.175    31.339    18.427
   143.276    31.339    18.376
   143.377    31.287    18.325
   143.478    31.287    18.325
   143.578    31.287    18.274
   143.680    31.237    18.224
   143.779    31.237    18.122
   144.182    31.237    18.122
   144.282    31.185    18.122
   144.384    31.185    18.071
   144.484    31.133    17.970
   144.584    31.133    17.919
   144.685    31.082    17.869
   144.785    31.030    17.767
   144.887    30.927    17.767
   144.987    30.824    17.767
   145.088    30.824    17.767
   145.188    30.773    17.767
   145.591    30.773    17.767
   145.691    30.721    17.767
   145.793    30.721    17.767
   145.893    30.670    17.767
   145.994    30.567    17.716
   146.094    30.464    17.716
   146.195    30.361    17.666
   146.296    29.949    17.311
   146.395    29.743    17.209
   146.496    29.640    17.159
   146.597    29.640    17.159
   146.697    29.588    17.159
   146.798    29.588    17.108
   146.899    29.588    17.058
   146.999    29.588    17.007
   147.100    29.588    17.007
   147.201    29.537    16.905
   147.301    29.537    16.905
   147.402    29.485    16.855
   147.503    29.485    16.804
   147.603    29.382    16.702
   147.704    29.382    16.500
   147.805    29.382    16.449
   147.906    29.382    16.398
   148.007    29.382    16.297
   148.107    29.382    16.297
   148.208    29.382    16.246
   148.307    29.382    16.195
   148.509    29.382    16.195
   148.609    29.382    16.145
   148.811    29.382    16.145
   148.911    29.279    16.094
   149.012    29.176    16.043
   149.113    29.176    15.993
   149.213    29.176    15.942
   150.926    29.176    15.942
   151.027    29.176    15.790
   151.127    29.176    15.739
   151.228    29.176    15.739
   151.329    29.125    15.689
   151.430    29.074    15.689
   151.530    29.074    15.689
   151.631    29.074    15.638
   151.731    29.074    15.536
   151.833    28.919    15.486
   151.934    28.816    15.486
   153.040    28.816    15.486
   153.141    28.765    15.486
   153.241    28.507    15.486
   153.342    28.456    15.486
   153.442    28.456    15.486
   153.543    28.507    15.486
   153.846    28.507    15.486
   153.946    28.559    15.486
   154.047    28.610    15.486
   154.147    28.662    15.486
   160.186    28.662    15.486
   160.288    28.610    15.486
   168.147    28.610    15.486
   168.249    28.352    15.486
   168.350    28.249    15.486
   168.752    28.249    15.486
   168.853    28.249    15.536
   168.953    28.249    15.536
   169.054    28.146    15.536
   172.274    28.146    15.536
   172.374    28.301    15.638
   172.476    28.352    15.638
   172.576    28.352    15.689
   172.678    28.404    15.689
   172.778    28.507    15.689
   172.879    28.610    15.689
   173.684    28.610    15.689
   173.784    28.559    15.689
   174.387    28.559    15.689
   174.487    28.507    15.689
   175.193    28.507    15.689
   175.294    28.456    15.689
   175.393    28.404    15.689
   175.494    28.404    15.689
   175.595    28.352    15.689
   179.016    28.352    15.689
   179.116    28.404    15.689
   179.217    28.404    15.689
   179.318    28.456    15.689
   180.122    28.456    15.689
   180.223    28.507    15.689
   180.826    28.507    15.689
   180.928    28.507    15.739
   181.732    28.507    15.739
   181.833    28.456    15.840
   181.934    28.456    16.043
   182.234    28.456    16.043
   182.336    28.352    16.145
   182.435    28.198    16.347
   182.537    28.146    16.550
   182.639    28.146    16.601
   182.739    28.146    16.601
   182.840    28.146    16.652
   182.940    28.146    16.753
   183.040    28.146    16.855
   183.141    28.146    17.007
   183.241    28.095    17.058
   183.342    28.044    17.209
   183.442    27.941    17.260
   183.544    27.786    17.362
   183.644    27.786    17.412
   183.745    27.735    17.564
   183.846    27.683    17.666
   186.361    27.683    17.666
   186.462    27.735    17.666
   186.562    27.786    17.666
   186.664    27.786    17.615
   186.765    27.941    17.615
   186.865    28.146    17.615
   186.966    28.249    17.716
   187.067    28.249    17.716
   187.168    28.301    17.716
   187.268    28.301    17.818
   187.369    28.352    17.818
   187.771    28.352    17.818
   187.872    28.610    17.818
   187.973    29.022    17.818
   189.180    29.022    17.818
   189.280    28.971    17.818
   189.381    28.868    17.818
   189.481    28.816    17.818
   193.613    28.816    17.818
   193.714    28.816    17.767
   193.813    28.816    17.767
   193.915    28.816    17.716
   194.428    28.816    17.716
   194.528    28.816    17.666
   194.831    28.816    17.666
   194.932    28.816    17.615
   195.032    28.868    17.615
   198.452    28.868    17.615
   198.554    28.919    17.615
   198.654    28.971    17.615
   198.756    29.074    17.615
   198.855    29.176    17.564
   199.762    29.176    17.564
   199.862    29.176    17.514
   199.962    29.176    17.514
   200.063    29.228    17.463
   200.164    29.228    17.362
   200.264    29.279    17.362
   202.477    29.279    17.362
   202.578    29.279    17.311
   205.602    29.279    17.311
   205.704    29.331    17.311
   205.804    29.331    17.260
   208.622    29.331    17.260
   208.722    29.434    17.159
   216.482    29.434    17.159
   216.582    29.485    17.159
   216.683    29.537    17.159
   217.588    29.537    17.159
   217.688    29.588    17.159
   217.790    29.588    17.159
   217.891    29.588    17.108
   217.991    29.588    17.058
   218.090    29.588    17.058
   218.191    29.382    17.058
   218.392    29.382    17.058
   218.493    29.382    17.108
   218.594    29.382    17.108
   218.695    29.434    17.108
   223.424    29.434    17.108
   223.525    29.434    17.159
   225.640    29.434    17.159
   225.741    29.331    17.209
   235.302    29.331    17.209
   235.402    29.382    17.209
   235.503    29.382    17.209
   235.604    29.434    17.209
   239.327    29.434    17.209
   239.428    29.434    17.159
   246.269    29.434    17.159
   246.370    29.588    17.159
   250.394    29.588    17.159
   250.496    29.537    17.159
   250.596    29.485    17.159
   250.798    29.485    17.159
   250.898    29.434    17.159
   250.999    29.434    17.159
   251.100    29.382    17.159
   288.649    29.382    17.159
   288.750    29.537    17.007
   288.852    29.794    16.905
   289.153    29.794    16.905
   289.253    29.846    16.905
   289.353    29.949    16.905
   289.557    29.949    16.905
   289.657    30.001    16.905
   289.758    30.001    16.905
   289.858    30.001    16.804
   289.959    30.052    16.652
   290.084    30.052    16.500
   290.160    30.052    16.398
   290.261    30.207    16.347
   290.361    30.309    16.246
   290.462    30.567    16.195
   290.562    30.618    16.195
   290.664    30.670    16.195
   292.575    30.670    16.195
   292.676    30.670    15.993
   292.776    30.670    15.891
   293.380    30.670    15.891
   293.480    30.721    15.891
   293.581    30.721    15.942
   293.682    30.773    16.043
   293.783    30.773    16.094
   293.884    30.876    16.094
   293.983    30.824    16.094
   294.084    30.773    16.094
   295.392    30.773    16.094
   295.493    30.773    16.043
   295.595    30.773    15.942
   295.694    30.773    15.942
   295.795    30.773    15.891
   295.896    30.773    15.739
   295.997    30.773    15.638
   296.097    30.773    15.587
   296.198    30.876    15.536
   296.298    30.927    15.536
   296.398    30.927    15.486
   296.499    30.927    15.384
   296.600    30.927    15.384
   296.700    30.927    15.333
   296.802    30.927    15.333
   296.901    30.927    15.232
   297.003    30.927    15.181
   297.104    30.927    15.131
   297.204    30.927    15.080
   297.305    30.927    15.029
   297.405    30.927    14.978
   297.507    30.927    14.928
   297.606    30.927    14.877
   297.708    30.927    14.776
   297.808    30.927    14.776
   297.908    30.927    14.725
   298.009    30.927    14.674
   298.110    30.927    14.573
   298.211    30.927    14.522
   299.016    30.927    14.522
   299.116    30.927    14.421
   299.217    30.927    14.370
   299.316    30.927    14.320
   300.524    30.927    14.320
   300.625    30.979    14.269
   300.726    30.979    14.218
   300.927    30.979    14.218
   301.028    30.979    14.167
   301.129    30.979    14.117
   301.228    31.030    14.066
   302.236    31.030    14.066
   302.336    31.082    14.066
   303.442    31.082    14.066
   303.543    31.082    13.964
   303.643    31.082    13.913
   303.744    31.082    13.812
   303.945    31.082    13.812
   304.047    31.082    13.762
   304.147    31.082    13.762
   304.248    31.082    13.711
   304.348    31.082    13.660
   304.448    31.082    13.609
   304.549    31.030    13.559
   304.951    31.030    13.559
   305.053    31.030    13.508
   305.152    31.030    13.508
   305.253    31.030    13.457
   305.454    31.030    13.457
   305.555    31.030    13.660
   305.654    31.030    13.812
   305.756    31.030    13.863
   306.460    31.030    13.863
   306.560    31.030    13.913
   306.661    31.030    13.964
   306.762    31.030    14.015
   306.862    31.030    14.218
   306.963    31.030    14.320
   307.063    31.082    14.320
   307.164    31.082    14.370
   307.266    31.185    14.370
   307.366    31.287    14.522
   307.467    31.339    14.573
   307.567    31.391    14.624
   307.870    31.391    14.624
   307.970    31.339    14.624
   308.071    31.185    14.624
   308.172    31.082    14.624
   308.272    31.082    14.624
   308.373    31.030    14.624
   308.473    30.979    14.624
   308.573    30.979    14.624
   308.674    30.876    14.624
   308.774    30.773    14.624
   308.875    30.567    14.522
   308.976    30.515    14.522
   309.076    30.464    14.522
   309.178    30.361    14.522
   309.278    30.104    14.522
   309.379    29.949    14.522
   309.478    29.846    14.522
   309.579    29.640    14.522
   309.680    29.640    14.522
   309.781    29.537    14.522
   309.881    29.279    14.522
   309.981    28.919    14.522
   310.083    28.765    14.522
   310.184    28.507    14.522
   310.284    28.249    14.522
   310.385    28.146    14.471
   310.485    27.889    14.471
   310.586    27.683    14.471
   310.686    27.580    14.471
   310.787    27.529    14.370
   310.888    27.529    14.320
   310.989    27.529    14.218
   311.090    27.529    14.167
   311.190    27.529    14.167
   311.291    27.580    14.167
   311.391    27.632    14.167
   311.491    27.632    14.117
   311.592    27.632    14.015
   311.692    27.632    13.913
   311.793    27.632    13.812
   311.893    27.632    13.762
   312.497    27.632    13.762
   312.599    27.632    13.863
   312.699    27.683    13.913
   312.800    27.735    14.015
   312.901    27.786    14.167
   313.002    27.786    14.269
   313.402    27.786    14.269
   313.504    27.735    14.218
   313.604    27.735    14.218
   313.706    27.683    14.167
   313.806    27.529    14.167
   313.906    27.374    14.167
   314.007    27.271    14.218
   314.108    26.911    14.573
   314.208    26.499    14.877
   314.309    26.499    14.928
   314.408    26.499    14.928
   314.510    26.499    14.877
   314.610    26.447    14.877
   314.711    26.396    14.877
   314.810    26.087    14.928
   314.913    25.624    15.181
   315.014    25.572    15.181
   315.114    25.572    15.181
   315.215    25.366    15.181
   315.316    24.954    15.181
   315.417    24.851    15.181
   315.517    24.645    15.181
   315.618    24.594    15.181
   315.719    24.388    15.181
   315.819    24.233    15.181
   315.921    24.027    15.181
   316.021    23.770    15.181
   316.121    23.564    15.181
   316.222    23.409    15.181
   316.322    23.306    15.131
   316.423    23.203    15.080
   316.523    23.100    15.029
   316.624    22.997    14.978
   316.725    22.689    14.978
   316.825    22.534    14.978
   316.926    22.379    14.978
   317.027    22.276    14.928
   317.128    21.967    14.877
   317.228    21.864    14.826
   317.327    21.813    14.674
   317.429    21.710    14.522
   317.529    21.710    14.320
   317.629    21.607    14.015
   317.730    21.607    13.863
   317.832    21.607    13.812
   317.932    21.607    13.762
   318.032    21.607    13.609
   318.132    21.607    13.356
   318.233    21.607    13.052
   318.735    21.607    13.052
   318.837    21.556    13.052
   318.937    21.556    13.052
   319.039    21.556    13.102
   319.139    21.401    13.204
   319.239    21.350    13.305
   319.340    21.350    13.356
   319.540    21.350    13.356
   319.642    21.401    13.356
   319.741    21.453    13.406
   319.843    21.556    13.406
   319.943    21.659    13.406
   320.246    21.659    13.406
   320.347    21.659    13.356
   320.447    21.504    13.356
   320.548    21.350    13.356
   320.648    21.246    13.356
   320.749    21.143    13.356
   320.850    20.989    13.356
   320.950    20.732    13.356
   321.051    20.474    13.356
   321.152    20.217    13.356
   321.253    20.114    13.356
   321.351    19.907    13.356
   321.452    19.702    13.356
   321.554    19.290    13.356
   321.654    18.878    13.356
   321.755    18.621    13.406
   321.855    18.260    13.660
   321.956    17.848    13.913
   322.057    17.488    14.066
   322.157    17.179    14.117
   322.257    16.715    14.167
   322.357    16.149    14.066
   322.459    15.222    13.762
   322.559    15.067    13.762
   322.660    14.964    13.762
   322.762    14.707    13.863
   322.862    14.244    13.913
   322.963    13.831    13.964
   323.063    13.728    13.964
   323.164    13.471    13.964
   323.265    13.420    13.964
   323.969    13.420    13.964
   324.069    13.420    13.863
   324.270    13.420    13.863
   324.370    13.471    13.863
   324.472    13.574    13.863
   324.572    13.677    13.863
   325.982    13.677    13.863
   326.082    13.677    13.913
   326.183    13.780    14.015
   326.283    13.831    14.066
   326.384    13.883    14.117
   326.483    13.934    14.117
   326.585    14.037    14.117
   326.685    14.141    14.117
   326.786    14.192    14.167
   326.887    14.192    14.370
   326.987    14.192    14.725
   327.088    14.192    14.978
   327.187    14.192    15.131
   327.289    14.192    15.283
   327.389    14.192    15.486
   327.490    14.192    15.790
   327.591    14.192    16.094
   327.690    14.192    16.297
   327.792    14.192    16.550
   327.892    14.192    16.855
   328.004    14.244    17.007
   328.103    14.244    17.412
   328.204    14.244    17.564
   328.306    14.244    17.818
   328.405    14.244    18.071
   328.507    14.244    18.477
   328.607    14.244    18.731
   328.707    14.089    19.136
   328.809    13.883    19.440
   328.910    13.625    19.846
   329.012    13.471    20.100
   329.110    13.368    20.303
   330.619    13.368    20.303
   330.721    13.420    20.454
   330.820    13.471    20.708
   330.922    13.471    20.759
   331.022    13.471    20.860
   331.123    13.522    20.911
   331.224    13.522    21.012
   331.326    13.574    21.165
   331.427    13.677    21.266
   331.527    13.883    21.418
   331.628    14.089    21.570
   331.727    14.244    21.722
   331.829    14.347    21.874
   331.930    14.450    22.027
   332.030    14.604    22.280
   332.132    14.964    22.584
   332.231    15.170    22.736
   332.331    15.531    22.787
   332.433    15.633    22.838
   332.532    15.737    22.939
   332.634    15.891    23.091
   332.734    16.149    23.345
   332.834    16.406    23.396
   332.935    16.561    23.497
   333.036    16.766    23.700
   333.137    16.972    23.953
   333.237    17.076    24.207
   333.338    17.076    24.257
   333.739    17.076    24.257
   333.842    17.127    24.257
   333.942    17.179    24.105
   334.545    17.179    24.105
   334.646    17.230    24.105
   334.746    17.282    24.105
   334.948    17.282    24.105
   335.049    17.333    24.105
   335.351    17.333    24.105
   335.451    17.385    24.054
   336.356    17.385    24.054
   336.458    17.591    24.054
   336.559    17.693    24.054
   336.658    17.693    24.054
   336.760    17.796    24.054
   336.859    17.796    24.105
   336.960    17.848    24.105
   341.192    17.848    24.105
   341.291    18.105    24.105
   341.391    18.157    24.105
   341.492    18.208    24.105
   343.303    18.208    24.105
   343.405    18.208    24.054
   343.507    18.208    23.903
   343.606    18.002    23.801
   343.708    17.951    23.801
   343.809    17.951    23.750
   344.714    17.951    23.750
   344.814    18.208    23.750
   344.914    18.260    23.750
   345.821    18.260    23.750
   345.922    18.363    23.750
   346.022    18.415    23.750
   346.223    18.415    23.750
   346.324    18.518    23.750
   346.525    18.518    23.750
   346.626    18.621    23.750
   346.726    18.981    23.750
   346.827    19.084    23.750
   347.834    19.084    23.750
   347.934    19.187    23.903
   348.034    19.238    23.903
   348.136    19.238    23.953
   348.740    19.238    23.953
   348.841    19.290    23.953
   348.941    19.393    23.953
   349.041    19.496    23.953
   349.142    19.547    23.953
   351.054    19.547    23.953
   351.155    19.754    23.953
   351.255    19.856    23.953
   351.355    19.907    23.953
   352.060    19.907    23.953
   352.161    19.959    23.953
   352.261    20.114    23.953
   352.361    20.114    24.004
   352.865    20.114    24.004
   352.965    20.165    24.004
   353.470    20.165    24.004
   353.570    20.165    24.054
   353.671    20.165    24.105
   353.771    20.165    24.105
   353.872    20.165    24.207
   353.973    20.217    24.207
   354.073    20.217    24.207
   354.174    20.268    24.207
   354.273    20.423    24.257
   354.374    20.526    24.257
   354.475    20.577    24.359
   354.576    20.732    24.410
   354.677    20.834    24.460
   354.777    20.989    24.612
   354.878    21.195    24.663
   354.978    21.401    24.714
   355.079    21.504    24.765
   355.179    21.607    24.765
   355.279    21.813    24.765
   355.380    21.916    24.765
   355.481    21.916    24.815
   357.191    21.916    24.815
   357.293    21.864    24.815
   357.494    21.864    24.815
   357.595    21.813    24.815
   358.803    21.813    24.815
   358.902    21.864    24.815
   359.004    22.070    24.917
   359.104    22.122    24.967
   359.205    22.122    25.018
   359.305    22.122    25.018
   359.405    22.173    25.018
   359.506    22.328    25.069
   359.607    22.482    25.069
   359.708    22.585    25.069
   359.808    22.637    25.069
   359.909    22.689    25.069
   360.010    23.049    25.069
   360.110    23.409    25.069
   360.210    23.461    25.069
   360.412    23.461    25.069
   360.512    23.512    25.069
   360.613    23.718    25.069
   360.713    23.924    25.069
   360.813    24.078    25.069
   360.914    24.233    25.069
   361.016    24.439    25.069
   361.117    24.800    25.069
   361.218    24.954    25.069
   361.317    25.314    25.069
   361.419    25.727    25.069
   361.518    26.241    25.018
   361.620    27.014    25.018
   361.721    27.323    25.018
   361.821    27.683    25.119
   361.921    28.044    25.373
   362.021    28.301    25.576
   362.122    28.610    25.779
   362.224    28.713    25.931
   362.324    28.868    26.032
   362.424    28.971    26.286
   362.525    29.125    26.387
   362.625    29.228    26.438
   362.725    29.485    26.488
   362.826    29.846    26.539
   362.928    29.846    26.539
   363.028    29.898    26.539
   363.129    29.949    26.539
   363.228    30.001    26.539
   363.329    30.052    26.539
   363.431    30.104    26.539
   363.530    30.207    26.539
   363.631    30.464    26.387
   363.732    30.773    26.134
   363.832    30.927    26.083
   363.934    31.030    26.083
   364.034    31.185    26.083
   364.134    31.700    26.083
   364.235    32.060    25.981
   364.335    32.575    25.931
   364.839    32.575    25.931
   364.939    32.523    25.981
   365.040    32.472    25.981
   365.140    32.472    25.981
   365.241    32.472    25.931
   365.542    32.472    25.931
   365.643    33.296    25.677
   365.743    33.914    25.474
   365.844    33.965    25.423
   366.046    33.965    25.423
   366.145    33.862    25.423
   366.247    33.708    25.423
   366.850    33.708    25.423
   366.951    33.605    25.423
   367.053    33.605    25.474
   367.153    33.502    25.525
   367.253    33.450    25.576
   367.353    33.450    25.626
   368.260    33.450    25.626
   368.359    33.348    25.779
   368.460    33.348    25.931
   368.561    33.348    25.931
   368.662    33.348    25.981
   368.763    33.348    25.981
   368.864    33.296    26.083
   368.964    33.245    26.134
   369.567    33.245    26.134
   369.668    33.193    26.134
   369.769    33.142    26.134
   369.870    32.987    26.184
   369.971    32.884    26.235
   370.070    32.781    26.235
   370.171    32.575    26.286
   370.270    32.420    26.336
   370.371    32.369    26.336
   370.473    32.215    26.336
   370.573    32.112    26.336
   370.674    32.060    26.336
   371.582    32.060    26.336
   371.683    32.009    26.336
   371.782    31.751    26.488
   371.884    31.648    26.590
   371.983    31.494    26.641
   372.085    31.442    26.691
   372.184    31.391    26.691
   372.890    31.391    26.691
   372.989    31.237    26.691
   373.090    31.185    26.691
   373.191    31.082    26.691
   373.292    30.979    26.691
   373.391    30.876    26.691
   373.492    30.773    26.691
   373.593    30.567    26.691
   373.693    30.567    26.691
   373.795    30.361    26.691
   373.895    30.001    26.691
   373.997    29.846    26.691
   374.098    29.691    26.691
   374.197    29.537    26.691
   374.298    29.331    26.691
   374.398    28.919    26.691
   374.499    28.816    26.691
   374.601    28.816    26.691
   374.701    28.713    26.691
   374.801    28.507    26.691
   374.902    28.301    26.691
   375.003    28.095    26.691
   375.101    27.941    26.691
   375.203    27.889    26.691
   375.304    27.683    26.691
   375.404    27.632    26.691
   375.505    27.580    26.691
   375.605    27.477    26.691
   375.706    27.426    26.691
   375.807    27.374    26.742
   375.908    27.323    26.742
   376.009    27.271    26.792
   376.108    27.117    26.792
   376.513    27.117    26.792
   376.613    26.963    26.792
   376.714    26.859    26.792
   376.814    26.653    26.945
   376.916    26.499    26.945
   377.017    26.499    26.945
   377.115    26.447    26.945
   377.218    26.396    26.945
   377.317    26.292    26.945
   377.418    26.292    26.996
   377.720    26.292    26.996
   377.821    26.190    26.996
   377.922    26.190    26.996
   378.022    26.138    26.996
   378.123    26.035    26.996
   378.223    25.881    27.148
   379.331    25.881    27.148
   379.431    25.778    27.148
   379.532    25.675    27.148
   379.632    25.675    27.148
   379.732    25.572    27.148
   379.833    25.417    27.148
   379.934    25.366    27.148
   380.035    25.314    27.148
   380.136    25.211    27.148
   380.939    25.211    27.148
   381.040    25.005    27.148
   381.141    24.954    27.199
   381.846    24.954    27.199
   381.947    24.851    27.199
   382.048    24.800    27.199
   382.147    24.748    27.199
   382.248    24.697    27.199
   382.349    24.542    27.199
   382.449    24.439    27.199
   382.550    24.388    27.199
   383.153    24.388    27.199
   383.254    24.336    27.199
   383.354    24.233    27.199
   383.455    24.130    27.199
   383.556    24.078    27.199
   383.656    24.027    27.199
   383.759    23.821    27.199
   383.859    23.667    27.199
   383.959    23.615    27.249
   384.059    23.564    27.249
   384.161    23.512    27.249
   384.764    23.512    27.249
   384.864    23.461    27.249
   384.965    23.461    27.249
   385.065    23.358    27.300
   385.166    23.255    27.300
   387.581    23.255    27.300
   387.682    23.100    27.300
   387.782    23.049    27.300
   387.884    23.049    27.300
   387.983    22.997    27.300
   388.085    22.895    27.300
   388.185    22.740    27.300
   388.285    22.637    27.300
   388.386    22.328    27.300
   388.486    22.225    27.300
   388.687    22.225    27.300
   388.788    22.431    27.199
   389.392    22.431    27.199
   389.492    22.534    27.199
   393.617    22.534    27.199
   393.718    22.379    27.199
   393.818    22.276    27.199
   393.919    21.864    27.199
   394.019    21.813    27.199
   394.322    21.813    27.199
   394.424    21.710    27.199
   394.524    21.659    27.199
   394.625    21.556    27.199
   394.725    21.143    27.199
   394.826    21.092    27.199
   394.927    21.040    27.199
   395.028    21.040    27.199
   395.127    20.989    27.148
   395.228    20.937    27.046
   395.329    20.886    27.046
   395.430    20.783    26.996
   395.530    20.732    26.996
   395.631    20.732    26.945
   395.731    20.732    26.945
   395.832    20.732    26.894
   395.933    20.629    26.843
   396.034    20.217    26.742
   396.133    20.165    26.742
   396.434    20.165    26.742
   396.535    20.011    26.742
   396.638    19.856    26.742
   396.738    19.496    26.742
   396.839    19.238    26.742
   396.939    19.032    26.691
   397.040    18.723    26.590
   397.141    18.569    26.539
   397.241    18.363    26.539
   397.342    18.260    26.539
   397.441    18.208    26.539
   397.543    18.208    26.539
   397.643    18.157    26.488
   399.454    18.157    26.488
   399.556    18.208    26.438
   400.058    18.208    26.438
   400.159    18.157    26.488
   403.781    18.157    26.488
   403.882    18.105    26.590
   403.982    18.105    26.792
   404.083    18.105    26.843
   405.693    18.105    26.843
   405.794    18.054    26.996
   406.196    18.054    26.996
   406.297    17.951    27.097
   406.408    17.848    27.148
   406.509    17.848    27.148
   406.608    17.848    27.199
   408.220    17.848    27.199
   408.320    17.951    27.401
   408.420    17.951    27.503
   408.521    17.951    27.503
   408.622    17.951    27.553
   408.723    17.951    27.655
   408.823    17.951    27.655
   408.924    17.951    27.756
   409.024    17.951    27.807
   409.126    17.951    27.857
   409.225    17.951    27.857
   409.326    17.951    27.908
   409.427    17.951    27.959
   409.526    17.951    28.010
   409.628    17.951    28.060
   410.030    17.951    28.060
   410.131    17.951    28.111
   410.332    17.951    28.111
   410.433    17.951    28.212
   410.533    17.951    28.314
   410.636    17.951    28.415
   410.736    17.951    28.415
   410.837    17.951    28.466
   410.937    17.951    28.517
   411.742    17.951    28.517
   411.843    17.951    28.466
