     4.176     8.357     3.507
   456.617     8.357     3.507
   456.717     8.150     3.659
   456.817     8.047     3.659
   677.699     8.047     3.659
   677.800     8.099     3.558
   678.002     8.099     3.558
   678.101     8.357     3.456
   678.203     8.409     3.405
   908.429     8.409     3.405
   908.543     8.409     3.253
  1343.097     8.409     3.253
  1343.197     8.409     3.507
  1343.398     8.409     3.507
  1343.497     8.460     3.456
  2545.214     8.460     3.456
  2545.314     8.924     3.761
  2545.416     8.872     3.761
  2545.717     8.872     3.761
  2545.817     8.769     3.456
  2545.919     8.615     3.405
  2546.019     8.615     3.558
  2546.120     8.615     3.964
  2546.220     8.512     3.659
  2546.321     8.254     3.405
  2546.422     9.182     3.761
  2546.522     8.202     3.761
  2546.623     8.460     3.862
  2546.723     8.099     3.558
  2546.824     8.409     3.710
  2546.925     8.202     3.558
  2549.138     8.202     3.558
  2549.239    10.420     3.049
  2549.340    10.317     2.998
  2549.440    10.162     2.998
  2549.541     9.801     3.202
  2549.641     9.440     3.456
  2549.742     8.976     3.456
  2549.843     8.924     3.456
  2549.943     8.872     3.456
  2550.044     8.872     3.456
  2550.144     8.821     3.456
  2550.244     8.769     3.456
  2550.345     8.666     3.456
  2550.447     8.615     3.456
  2550.648     8.615     3.456
  2550.749     8.666     3.456
  3408.048     8.666     3.456
  3408.149     8.563     3.507
  3408.250     8.563     3.558
  3408.351     8.563     3.558
  3408.452     8.563     3.608
  3444.094     8.563     3.608
  3444.195     8.357     3.710
  3444.698     8.357     3.710
  3444.798     8.305     3.659
  3444.900     8.254     3.659
  3444.999     8.099     3.608
  3445.100     8.099     3.558
  3465.927     8.099     3.558
  3466.028     8.150     3.558
  3466.129     8.150     3.558
  3466.230     8.202     3.558
  3466.331     8.254     3.608
  3466.432     8.305     3.608
  3466.633     8.305     3.608
  3466.733     8.357     3.710
  3467.035     8.357     3.710
  3467.135     8.409     3.761
  3469.450     8.409     3.761
  3469.550     8.460     3.862
  3469.652     8.460     3.913
  3469.752     8.460     3.913
  3469.852     8.460     3.964
  3469.953     8.460     4.015
  3470.053     8.460     4.015
  3470.154     8.460     4.066
  3470.254     8.460     4.167
  3470.355     8.460     4.218
  3470.958     8.460     4.218
  3471.059     8.460     4.320
  3471.160     8.512     4.523
  3471.260     8.563     4.574
  3471.362     8.563     4.624
  3471.461     8.563     4.676
  3471.563     8.563     4.726
  3471.664     8.615     4.777
  3471.765     8.615     4.777
  3471.865     8.615     4.879
  3471.965     8.615     4.929
  3472.268     8.615     4.929
  3472.369     8.666     4.929
  3472.468     8.718     4.980
  3472.670     8.718     4.980
  3472.770     8.718     5.082
  3472.871     8.769     5.234
  3474.487     8.769     5.234
  3474.587     8.666     5.336
  3474.689     8.666     5.387
  3474.790     8.666     5.489
  3474.889     8.666     5.641
  3474.989     8.666     6.047
  3475.089     8.666     6.200
  3475.292     8.666     6.200
  3475.393     8.666     6.251
  3475.795     8.666     6.251
  3475.896     8.666     6.403
  3475.997     8.666     6.403
  3476.097     8.666     6.454
  3476.198     8.512     6.607
  3476.298     8.460     6.708
  3476.399     8.357     6.911
  3476.499     8.305     6.911
  3476.600     8.305     6.962
  3476.702     8.357     7.013
  3476.801     8.357     7.013
  3476.903     8.357     7.115
  3477.002     8.409     7.267
  3477.103     8.409     7.470
  3477.204     8.409     7.572
  3477.304     8.409     7.623
  3477.405     8.409     7.673
  3477.707     8.409     7.673
  3477.807     8.409     7.826
  3477.907     8.409     7.826
  3478.008     8.305     7.877
  3478.109     8.254     7.978
  3478.209     8.202     8.080
  3478.310     8.150     8.131
  3478.411     8.150     8.131
  3478.511     8.150     8.233
  3478.612     8.099     8.334
  3478.712     7.841     8.487
  3478.813     7.738     8.538
  3479.013     7.738     8.538
  3479.114     7.635     8.538
  3479.214     7.635     8.538
  3479.316     7.531     8.639
  3479.416     7.531     8.639
  3479.517     7.480     8.639
  3479.618     7.429     8.639
  3479.718     7.376     8.741
  3479.819     7.170     8.791
  3479.919     7.067     8.842
  3480.322     7.067     8.842
  3480.422     6.964     8.944
  3480.523     6.964     8.944
  3480.624     6.912     8.995
  3480.725     6.861     8.995
  3480.825     6.861     8.995
  3480.925     6.758     9.096
  3481.026     6.706     9.096
  3481.126     6.655     9.198
  3481.227     6.655     9.198
  3481.328     6.655     9.249
  3481.629     6.655     9.249
  3481.731     6.603     9.249
  3481.831     6.603     9.198
  3482.131     6.603     9.198
  3482.233     6.603     9.147
  3482.333     6.448     9.300
  3482.435     6.293     9.452
  3482.535     6.242     9.554
  3482.938     6.242     9.554
  3483.037     6.293     9.554
  3483.440     6.293     9.554
  3483.541     6.345     9.604
  3483.641     6.345     9.706
  3483.742     6.396     9.706
  3483.842     6.448     9.706
  3483.944     6.500     9.706
  3484.044     6.603     9.706
  3484.144     6.655     9.706
  3484.345     6.655     9.706
  3484.446     6.655     9.757
  3484.546     6.655     9.757
  3484.647     6.655     9.656
  3484.748     6.655     9.604
  3485.049     6.655     9.604
  3485.150     6.809     9.604
  3485.250     6.809     9.656
  3485.375     6.809     9.706
  3485.452     6.861     9.706
  3485.552     6.912     9.757
  3485.653     7.016     9.757
  3485.753     7.016     9.757
  3485.854     7.170     9.808
  3485.956     7.222     9.808
  3486.056     7.222     9.808
  3486.157     7.376     9.808
  3486.358     7.376     9.808
  3486.458     7.635     9.808
  3486.560     7.686     9.808
  3486.661     7.686     9.808
  3486.761     7.738     9.808
  3486.861     7.738     9.808
  3486.961     7.841     9.808
  3487.464     7.841     9.808
  3487.565     7.738     9.706
  3487.666     7.686     9.604
  3487.766     7.686     9.554
  3488.067     7.686     9.554
  3488.168     7.738     9.554
  3488.268     7.789     9.554
  3494.809     7.789     9.554
  3494.911     7.892     9.656
  3495.011     7.996     9.656
  3495.112     8.150     9.656
  3495.212     8.460     9.706
  3495.313     8.666     9.706
  3495.414     8.924     9.706
  3495.514     9.182     9.706
  3495.615     9.182     9.859
  3497.928     9.182     9.859
  3498.029     9.337     9.960
  3507.488     9.337     9.960
  3507.588     9.285     9.960
  3507.689     9.234     9.960
  3508.794     9.234     9.960
  3508.895     9.389     9.960
  3508.996     9.543     9.960
  3509.197     9.543     9.960
  3509.299     9.595     9.960
  3509.400     9.595     9.960
  3509.500     9.698     9.960
  3509.601     9.749     9.960
  3510.104     9.749     9.960
  3510.204     9.749     9.909
  3510.506     9.749     9.909
  3510.607     9.749     9.859
  3510.909     9.749     9.859
  3511.008     9.749     9.808
  3511.109     9.801     9.808
  3511.612     9.801     9.808
  3511.713     9.801     9.757
  3511.815     9.852     9.706
  3511.916     9.956     9.706
  3512.016     9.956     9.706
  3512.116     9.956     9.604
  3512.216     9.956     9.554
  3512.317    10.008     9.503
  3512.619    10.008     9.503
  3512.720    10.059     9.503
  3512.820    10.111     9.503
  3512.920    10.162     9.452
  3513.022    10.214     9.401
  3513.122    10.214     9.401
  3513.222    10.265     9.351
  3513.324    10.317     9.300
  3513.424    10.523     9.300
  3513.525    10.523     9.300
  3513.625    10.472     9.249
  3513.726    10.472     9.198
  3513.827    10.472     9.147
  3535.458    10.472     9.147
  3535.559    10.523     9.147
  3535.761    10.523     9.147
  3535.861    10.575     9.147
  3536.163    10.575     9.147
  3536.264    10.626     9.147
  3536.565    10.626     9.147
  3536.665    10.730     9.147
  3539.281    10.730     9.147
  3539.381    10.730     9.198
  3539.583    10.730     9.198
  3539.683    10.730     9.300
  3540.186    10.730     9.300
  3540.288    10.781     9.249
  3540.589    10.781     9.249
  3540.691    10.781     9.198
  3540.791    10.885     9.198
  3540.890    10.936     9.198
  3541.495    10.936     9.198
  3541.595    10.885     9.249
  3550.349    10.885     9.249
  3550.449    10.936     9.249
  3550.549    11.039     9.198
  3550.650    11.091     9.198
  3550.750    11.142     9.198
  3550.852    11.194     9.147
  3550.951    11.194     9.147
  3551.052    11.194     9.096
  3551.153    11.245     9.096
  3574.795    11.245     9.096
  3574.896    11.349     9.096
  3574.996    11.400     9.096
  3575.096    11.452     9.096
  3575.198    11.555     9.096
  3575.398    11.555     9.096
  3575.499    11.658     9.046
  3575.600    11.658     8.995
  3587.373    11.658     8.995
  3587.474    11.658     8.944
  3587.574    11.658     8.944
  3587.675    11.658     8.893
  3587.776    11.710     8.893
  3587.876    11.761     8.893
  3588.077    11.761     8.893
  3588.177    11.761     8.842
  3588.279    11.761     8.791
  3588.379    11.761     8.741
  3593.007    11.761     8.741
  3593.108    11.813     8.741
  3593.612    11.813     8.741
  3593.712    11.865     8.741
  3594.718    11.865     8.741
  3594.819    11.916     8.741
  3594.919    11.968     8.741
  3595.724    11.968     8.741
  3595.825    12.019     8.741
  3609.409    12.019     8.741
  3609.509    12.019     8.690
  3609.610    12.019     8.639
  3609.711    12.019     8.639
  3609.811    12.019     8.588
  3609.913    12.019     8.588
  3610.012    12.071     8.538
  3610.113    12.122     8.436
  3610.213    12.277     8.334
  3610.314    12.277     8.385
  3610.414    12.277     8.385
  3610.516    12.071     8.487
  3610.617    11.555     8.791
  3610.817    11.555     8.791
  3610.917    11.916     8.741
  3611.018    12.174     8.690
  3611.119    12.225     8.436
  3611.219    12.225     8.334
  3663.740    12.225     8.334
  3663.840    12.122     8.334
  3663.940    12.071     8.385
  3664.746    12.071     8.385
  3664.847    12.019     8.385
  3665.047    12.019     8.385
  3665.148    11.968     8.385
  3665.551    11.968     8.385
  3665.652    11.916     8.385
  3667.664    11.916     8.385
  3667.765    11.865     8.385
  3678.528    11.865     8.385
  3678.629    11.813     8.436
  3679.936    11.813     8.436
  3680.037    11.761     8.436
  3680.239    11.761     8.436
  3680.338    11.710     8.487
  3680.539    11.710     8.487
  3680.641    11.658     8.487
  3680.742    11.555     8.487
  3680.842    11.504     8.487
  3681.043    11.504     8.487
  3681.144    11.452     8.487
  3681.949    11.452     8.487
  3682.049    11.452     8.538
  3682.553    11.452     8.538
  3682.654    11.452     8.588
  3682.855    11.452     8.588
  3682.955    11.452     8.639
  3683.055    11.400     8.791
  3683.156    11.400     8.842
  3683.257    11.400     8.893
  3684.062    11.400     8.893
  3684.163    11.400     8.995
  3684.464    11.400     8.995
  3684.565    11.400     9.046
  3685.168    11.400     9.046
  3685.269    11.400     9.096
  3689.097    11.400     9.096
  3689.198    11.297     9.147
  3690.304    11.297     9.147
  3690.406    11.297     9.096
  3814.462    11.297     9.096
  3814.565    11.039     9.046
  3818.889    11.039     9.046
  3818.990    11.091     9.046
  3819.191    11.091     9.046
  3819.292    11.142     9.046
  3819.392    11.194     9.147
  3843.958    11.194     9.147
  3844.058    11.555     8.842
  3844.159    11.607     8.741
  3844.259    11.555     8.690
  3844.360    11.504     8.639
  3844.461    11.504     8.588
  3844.561    11.452     8.487
  3844.662    11.349     8.436
  3844.762    11.349     8.436
  3844.863    11.245     8.487
  3858.648    11.245     8.487
  3858.748    11.297     8.385
  3858.850    11.297     8.385
  3858.952    11.400     8.233
  3859.052    11.452     8.182
  3859.151    11.452     8.131
  3859.252    11.555     8.080
  3859.353    11.607     8.080
  3859.453    11.761     8.029
  3859.554    11.813     8.029
  3864.283    11.813     8.029
  3864.383    11.761     8.029
  3864.485    11.761     8.029
  3864.585    11.710     8.029
  3864.686    11.658     8.029
  3864.886    11.658     8.029
  3864.987    11.658     7.978
  3865.188    11.658     7.978
  3865.288    11.658     7.928
  3865.389    11.607     7.826
  3865.491    11.555     7.775
  3865.590    11.555     7.725
  3865.691    11.555     7.623
  3865.791    11.555     7.521
  3865.891    11.555     7.369
  3865.992    11.555     7.216
  3866.093    11.555     7.115
  3866.194    11.555     7.013
  3866.998    11.555     7.013
  3867.100    11.555     6.962
  3867.301    11.555     6.962
  3867.402    11.555     6.911
  3867.502    11.555     6.860
  3867.905    11.555     6.860
  3868.006    11.555     6.911
  3868.609    11.555     6.911
  3868.709    11.555     6.962
  3870.823    11.555     6.962
  3870.923    11.555     7.013
  3871.024    11.555     7.064
  3871.123    11.607     7.165
  3872.030    11.607     7.165
  3872.130    11.658     7.267
  3872.331    11.658     7.267
  3872.432    11.710     7.267
  3875.451    11.710     7.267
  3875.551    11.761     7.267
  3875.652    11.761     7.267
  3875.752    11.813     7.318
  3878.368    11.813     7.318
  3878.468    11.710     7.420
  3878.971    11.710     7.420
  3879.072    11.710     7.470
  3881.285    11.710     7.470
  3881.386    11.710     7.521
  3881.487    11.710     7.572
  3881.587    11.710     7.673
  3881.688    11.710     7.673
  3881.789    11.710     7.725
  3881.889    11.710     7.775
  3881.990    11.761     7.826
  3882.090    11.813     7.877
  3882.191    11.813     7.928
  3882.292    11.865     7.928
  3882.393    11.865     7.928
  3882.493    11.968     7.978
  3882.594    12.019     7.978
  3882.695    12.071     7.978
  3885.511    12.071     7.978
  3885.613    12.122     7.978
  3885.814    12.122     7.978
  3885.914    12.122     7.928
  3886.015    12.122     7.877
  3888.531    12.122     7.877
  3888.631    12.071     7.877
  3888.832    12.071     7.877
  3888.933    12.071     7.928
  3889.034    11.968     8.029
  3889.134    11.865     8.131
  3889.234    11.865     8.233
  3889.335    11.865     8.334
  3889.435    11.813     8.334
  3889.637    11.813     8.334
  3889.738    11.761     8.385
  3889.838    11.710     8.487
  3890.241    11.710     8.487
  3890.341    11.658     8.538
  3893.058    11.658     8.538
  3893.159    11.658     8.487
  3893.560    11.658     8.487
  3893.660    11.555     8.487
  3894.063    11.555     8.487
  3894.164    11.555     8.436
  3899.598    11.555     8.436
  3899.699    11.555     8.385
  3899.799    11.555     8.385
  3899.900    11.555     8.334
  3900.101    11.555     8.334
  3900.201    11.555     8.283
  3900.302    11.710     8.283
  3900.404    11.710     8.283
  3900.504    11.865     8.283
  3900.907    11.865     8.283
  3901.007    11.916     8.283
  3901.108    12.019     8.283
  3901.207    12.019     8.283
  3901.309    12.071     8.283
  3901.410    12.174     8.283
  3901.509    12.174     8.283
  3901.611    12.277     8.233
  3901.711    12.277     8.131
  3901.812    12.277     8.080
  3901.912    12.329     8.029
  3902.014    12.329     8.029
  3902.114    12.381     8.029
  3902.214    12.484     8.182
  3902.516    12.484     8.182
  3902.617    12.535     8.182
  3902.716    12.741     8.182
  3902.818    12.741     8.182
  3902.918    12.845     8.131
  3903.118    12.845     8.131
  3903.219    12.896     8.080
  3903.321    12.948     8.080
  3903.522    12.948     8.080
  3903.622    13.102     8.080
  3908.754    13.102     8.080
  3908.855    13.102     7.978
  3909.055    13.102     7.978
  3909.156    13.102     7.928
  3914.086    13.102     7.928
  3914.187    13.102     7.877
  3914.288    13.102     7.877
  3914.389    13.051     7.826
  3914.489    12.896     7.725
  3914.691    12.896     7.725
  3914.791    12.845     7.725
  3914.891    12.793     7.725
  3914.992    12.741     7.725
  3915.092    12.741     7.725
  3915.193    12.638     7.725
  3915.495    12.638     7.725
  3915.596    12.587     7.725
  3915.697    12.535     7.725
  3916.299    12.535     7.725
  3916.400    12.535     7.673
  3916.501    12.484     7.623
  3916.602    12.432     7.623
  3916.803    12.432     7.623
  3916.903    12.381     7.572
  3917.003    12.381     7.572
  3917.105    12.329     7.572
  3917.406    12.329     7.572
  3917.506    12.225     7.572
  3917.607    12.174     7.572
  3917.809    12.174     7.572
  3917.910    12.019     7.623
  3918.009    11.865     7.673
  3918.110    11.761     7.673
  3918.210    11.710     7.673
  3918.311    11.710     7.673
  3918.411    11.607     7.826
  3918.916    11.607     7.826
  3919.016    11.555     7.928
  3919.217    11.555     7.928
  3919.318    11.504     7.928
  3919.419    11.452     7.978
  3919.619    11.452     7.978
  3919.721    11.452     8.029
  3919.821    11.245     8.233
  3921.531    11.245     8.233
  3921.631    11.194     8.233
  3921.733    10.988     8.436
  3921.833    10.781     8.690
  3921.934    10.781     8.944
  3922.035    10.781     8.995
  3922.134    10.781     9.046
  3922.335    10.781     9.046
  3922.436    10.781     9.096
  3922.536    10.781     9.147
  3922.839    10.781     9.147
  3922.940    10.781     9.198
  3923.442    10.781     9.198
  3923.542    10.730     9.198
  3923.643    10.730     9.198
  3923.744    10.730     9.351
  3923.845    10.678     9.554
  3924.047    10.678     9.554
  3924.147    10.678     9.604
  3924.247    10.678     9.656
  3924.348    10.678     9.656
  3924.449    10.626     9.656
  3924.549    10.472     9.706
  3924.650    10.472     9.757
  3924.750    10.369     9.859
  3924.852    10.265     9.960
  3924.953    10.111    10.011
  3925.153    10.111    10.011
  3925.253    10.008    10.164
  3925.354     9.956    10.469
  3925.454     9.852    10.672
  3925.556     9.801    10.672
  3925.656     9.595    10.875
  3925.756     9.543    11.180
  3925.858     9.543    11.282
  3925.958     9.492    11.282
  3926.058     9.440    11.282
  3926.159     9.389    11.332
  3926.460     9.389    11.332
  3926.561     9.337    11.485
  3927.066     9.337    11.485
  3927.165     9.285    11.485
  3927.266     9.285    11.535
  3927.467     9.285    11.535
  3927.569     9.285    11.790
  3927.669     9.285    11.891
  3927.769     9.285    11.942
  3927.869     9.234    11.942
  3928.575     9.234    11.942
  3928.675     9.234    11.891
  3928.978     9.234    11.891
  3929.077     9.234    11.840
  3929.179     9.285    11.840
  3929.581     9.285    11.840
  3929.682     9.234    11.840
  3929.783     9.131    11.840
  3930.285     9.131    11.840
  3930.385     9.079    11.840
  3930.486     9.079    11.840
  3930.587     8.976    11.840
  3930.687     8.976    11.840
  3930.788     8.924    11.840
  3930.889     8.821    11.840
  3931.290     8.821    11.840
  3931.391     8.821    11.790
  3931.493     8.769    11.739
  3931.593     8.769    11.688
  3931.694     8.666    11.587
  3931.795     8.409    11.485
  3931.895     8.409    11.485
  3931.996     8.357    11.485
  3932.097     8.254    11.485
  3932.197     8.099    11.383
  3932.297     7.996    11.282
  3932.398     7.892    11.231
  3932.498     7.738    11.129
  3932.599     7.583    11.129
  3932.800     7.583    11.129
  3932.901     7.583    11.027
  3933.001     7.531    10.926
  3933.102     7.531    10.875
  3933.202     7.376    10.824
  3933.303     7.222    10.824
  3933.405     7.119    10.773
  3933.504     7.119    10.722
  3933.605     7.119    10.722
  3933.705     7.119    10.672
  3936.422     7.119    10.672
  3936.523     7.016    10.621
  3936.623     6.861    10.621
  3936.724     6.809    10.621
  3936.825     6.809    10.570
  3936.925     6.706    10.570
  3937.027     6.603    10.519
  3938.536     6.603    10.519
  3938.636     6.552    10.519
  3938.737     6.552    10.469
  3938.836     6.552    10.418
  3938.937     6.552    10.418
  3939.037     6.603    10.316
  3939.138     6.706    10.214
  3939.339     6.706    10.214
  3939.440     6.706    10.113
  3939.540     6.655    10.113
  3939.742     6.655    10.113
  3939.842     6.603    10.113
  3940.144     6.603    10.113
  3940.244     6.603    10.062
  3940.446     6.603    10.062
  3940.546     6.603    10.113
  3940.848     6.603    10.113
  3940.949     6.603    10.062
  3941.049     6.603    10.062
  3941.150     6.603    10.011
  3941.250     6.603    10.011
  3941.351     6.706     9.808
  3958.959     6.706     9.808
  3959.060     6.603     9.859
  3959.563     6.603     9.859
  3959.663     6.603     9.909
  3961.575     6.603     9.909
  3961.675     6.552    10.011
  3961.776     6.500    10.113
  3961.877     6.448    10.214
  3972.742     6.448    10.214
  3972.842     6.345    10.367
  3972.942     6.293    10.367
  3973.143     6.293    10.367
  3973.243     6.242    10.519
  3973.345     6.190    10.621
  3973.445     6.139    10.672
  3973.546     6.087    10.773
  3976.160     6.087    10.773
  3976.261     6.087    10.824
  3982.903     6.087    10.824
  3983.002     5.778    10.824
  3983.607     5.778    10.824
  3983.707     5.881    10.824
  3984.009     5.881    10.824
  3984.111     5.932    10.824
  4007.754     5.932    10.824
  4007.854     6.036    10.824
  4049.927     6.036    10.824
  4050.029     5.984    10.926
  4050.430     5.984    10.926
  4050.532     5.984    10.977
  4050.933     5.984    10.977
  4051.033     6.036    11.027
  4057.172     6.036    11.027
  4057.274     6.036    11.078
  4057.576     6.036    11.078
  4057.676     6.036    11.129
  4057.777     6.036    11.129
  4057.877     6.036    11.180
  4059.385     6.036    11.180
  4059.487     5.984    11.180
  4059.989     5.984    11.180
  4060.089     5.984    11.231
  4061.800     5.984    11.231
  4061.901     5.932    11.231
  4062.000     5.881    11.231
  4062.302     5.881    11.231
  4062.403     5.829    11.231
  4063.007     5.829    11.231
  4063.108     5.778    11.231
  4065.221     5.778    11.231
  4065.321     5.778    11.180
  4065.422     5.778    11.180
  4065.522     5.778    11.129
  4065.622     5.778    11.129
  4065.724     5.778    11.078
  4065.825     5.778    11.078
  4065.925     5.778    11.027
  4066.226     5.778    11.027
  4066.327     5.726    10.977
  4066.427     5.571    10.926
  4066.529     5.571    10.773
  4066.629     5.571    10.672
  4066.730     5.623    10.621
  4066.830     5.674    10.469
  4066.932     5.778    10.316
  4067.434     5.778    10.316
  4067.534     5.726    10.316
  4069.346     5.726    10.316
  4069.447     5.674    10.316
  4071.056     5.674    10.316
  4071.158     5.674    10.418
  4071.257     5.571    10.418
  4072.566     5.571    10.418
  4072.667     5.623    10.418
  4074.176     5.623    10.418
  4074.276     5.674    10.418
  4079.205     5.674    10.418
  4079.306     5.674    10.469
  4079.508     5.674    10.469
  4079.608     5.674    10.519
  4079.911     5.674    10.519
  4080.011     5.674    10.621
  4080.817     5.674    10.621
  4080.917     5.726    10.621
  4091.581     5.726    10.621
  4091.681     5.674    10.621
  4092.385     5.674    10.621
  4092.486     5.674    10.570
  4093.794     5.674    10.570
  4093.895     5.623    10.570
  4093.995     5.623    10.570
  4094.095     5.674    10.570
  4155.666     5.674    10.570
  4155.768     5.726    10.570
  4155.969     5.726    10.570
  4156.070     5.829    10.570
  4156.371     5.829    10.570
  4156.472     5.829    10.519
  4157.177     5.829    10.519
  4157.277     5.881    10.519
  4157.478     5.881    10.519
  4157.578     5.881    10.418
  4160.798     5.881    10.418
  4160.900     5.829    10.469
  4161.000     5.829    10.519
  4161.101     5.829    10.570
  4161.200     5.829    10.570
  4161.301     5.829    10.672
  4161.403     5.932    10.875
  4161.603     5.932    10.875
  4161.703     5.984    10.875
  4161.905     5.984    10.875
  4162.006     6.036    10.926
  4162.106     6.036    10.977
  4162.206     6.036    11.027
  4162.508     6.036    11.027
  4162.609     6.139    11.027
  4163.212     6.139    11.027
  4163.314     6.190    11.027
  4163.414     6.396    11.027
  4163.514     6.500    11.027
  4165.827     6.500    11.027
  4165.928     6.448    11.078
  4166.230     6.448    11.078
  4166.330     6.448    11.129
  4166.833     6.448    11.129
  4166.935     6.448    11.180
  4167.035     6.448    11.231
  4168.947     6.448    11.231
  4169.047     6.552    11.282
  4169.148     6.552    11.332
  4169.349     6.552    11.332
  4169.449     6.655    11.434
  4175.989     6.655    11.434
  4176.089     6.655    11.535
  4176.692     6.655    11.535
  4176.793     6.655    11.485
  4176.992     6.655    11.485
  4177.095     6.603    11.434
  4177.196     6.500    11.383
  4177.296     6.500    11.383
  4177.397     6.500    11.332
  4177.497     6.500    11.282
  4178.200     6.500    11.282
  4178.302     6.500    11.332
  4178.402     6.500    11.383
  4180.515     6.500    11.383
  4180.615     6.500    11.434
  4180.716     6.552    11.485
  4180.817     6.552    11.535
  4181.320     6.552    11.535
  4181.420     6.655    11.587
  4183.331     6.655    11.587
  4183.433     6.655    11.535
  4183.533     6.655    11.485
  4183.634     6.655    11.434
  4183.735     6.861    11.434
  4183.835     6.912    11.434
  4183.937     6.912    11.434
  4184.036     7.067    11.383
  4184.238     7.067    11.383
  4184.337     7.067    11.282
  4184.439     7.067    11.129
  4184.539     7.119    11.027
  4184.640     7.222    10.926
  4184.942     7.222    10.926
  4185.044     7.376    10.875
  4185.144     7.480    10.875
  4185.648     7.480    10.875
  4185.748     7.531    10.875
  4186.050     7.531    10.875
  4186.151     7.583    10.875
  4186.251     7.583    10.875
  4186.352     7.635    10.875
  4186.452     7.686    10.875
  4186.654     7.686    10.875
  4186.755     7.738    10.875
  4187.157     7.738    10.875
  4187.257     7.738    10.824
  4187.358     7.738    10.824
  4187.458     7.686    10.824
  4187.559     7.429    10.824
  4187.659     7.222    10.824
  4187.760     7.222    10.824
  4187.862     7.170    10.824
  4187.961     7.170    10.773
  4188.062     7.170    10.773
  4188.162     6.964    10.773
  4188.263     6.861    10.722
  4188.364     6.861    10.621
  4188.464     6.809    10.621
  4188.565     6.758    10.519
  4188.666     6.706    10.519
  4188.866     6.706    10.519
  4188.967     6.758    10.519
  4189.368     6.758    10.519
  4189.470     6.758    10.469
  4190.275     6.758    10.469
  4190.375     6.706    10.316
  4190.778     6.706    10.316
  4190.878     6.706    10.265
  4191.683     6.706    10.265
  4191.783     6.655    10.214
  4191.884     6.655    10.164
  4192.588     6.655    10.164
  4192.690     6.655    10.113
  4192.891     6.655    10.113
  4192.991     6.603    10.062
  4193.092     6.603    10.011
  4193.193     6.603     9.960
  4193.293     6.603     9.909
  4193.394     6.603     9.808
  4193.494     6.603     9.757
  4193.594     6.500     9.706
  4193.796     6.500     9.706
  4193.898     6.500     9.656
  4199.530     6.500     9.656
  4199.630     6.603     9.808
  4199.731     6.552    10.011
  4199.831     6.603    10.011
  4199.931     6.655    10.011
  4200.033     6.706    10.011
  4200.132     6.706    10.011
  4200.234     6.809    10.113
  4200.334     7.016    10.214
  4202.246     7.016    10.214
  4202.347     6.912    10.214
  4202.448     6.809    10.214
  4204.962     6.809    10.214
  4205.063     6.809    10.316
  4205.264     6.809    10.316
  4205.365     6.809    10.367
  4205.465     6.706    10.367
  4205.566     6.706    10.367
  4205.666     6.655    10.469
  4205.767     6.552    10.672
  4205.867     6.396    10.773
  4205.969     6.396    10.875
  4206.069     6.345    10.875
  4206.169     6.345    10.977
  4206.271     6.345    11.078
  4206.370     6.190    11.231
  4206.471     6.036    11.332
  4206.573     5.984    11.332
  4206.673     5.932    11.383
  4206.774     5.881    11.434
  4206.874     5.778    11.434
  4207.176     5.778    11.434
  4207.276     5.778    11.485
  4207.780     5.778    11.485
  4207.880     5.778    11.535
  4208.382     5.778    11.535
  4208.484     5.778    11.383
  4208.584     5.623    11.282
  4208.685     5.416    11.180
  4208.785     5.107    11.078
  4208.986     5.107    11.078
  4209.087     5.107    10.977
  4209.187     5.056    10.824
  4209.288     5.056    10.773
  4209.389     5.056    10.773
  4209.490     5.056    10.722
  4209.691     5.056    10.722
  4209.791     5.004    10.773
  4209.891     4.952    10.773
  4209.992     4.900    10.824
  4210.093     4.746    10.926
  4210.294     4.746    10.926
  4210.394     4.694    10.977
  4210.495     4.694    10.977
  4210.596     4.643    10.977
  4210.697     4.643    10.926
  4212.306     4.643    10.926
  4212.406     4.591    10.926
  4212.507     4.540    10.926
  4213.011     4.540    10.926
  4213.111     4.488    10.926
  4219.956     4.488    10.926
  4220.056     4.488    10.875
  4220.156     4.540    10.875
  4220.256     4.540    10.875
  4220.358     4.540    10.824
  4220.457     4.540    10.773
  4220.659     4.540    10.773
  4220.760     4.488    10.773
  4220.861     4.488    10.875
  4220.961     4.540    10.875
  4221.665     4.540    10.875
  4221.766     4.540    10.977
  4221.866     4.488    10.977
  4221.967     4.436    11.078
  4222.067     4.385    11.078
  4222.167     4.230    11.180
  4222.369     4.230    11.180
  4222.469     4.230    11.231
  4222.772     4.230    11.231
  4222.871     4.179    11.231
  4223.778     4.179    11.231
  4223.878     4.127    11.231
  4224.078     4.127    11.231
  4224.179     4.179    11.282
  4224.482     4.179    11.282
  4224.582     4.230    11.282
  4224.683     4.230    11.332
  4224.782     4.230    11.434
  4225.487     4.230    11.434
  4225.587     4.179    11.434
  4225.788     4.179    11.434
  4225.890     4.179    11.485
  4225.989     4.230    11.485
  4226.191     4.230    11.485
  4226.292     4.282    11.485
  4226.392     4.333    11.485
  4226.492     4.385    11.535
  4226.594     4.436    11.535
  4229.110     4.436    11.535
  4229.209     4.436    11.485
  4229.310     4.385    11.485
  4235.347     4.385    11.485
  4235.448     4.333    11.485
  4235.549     4.282    11.485
  4243.897     4.282    11.485
  4243.998     4.282    11.434
  4245.003     4.282    11.434
  4245.104     4.282    11.383
  4248.120     4.282    11.383
  4248.223     4.282    11.332
  4248.323     4.282    11.332
  4248.425     4.282    11.231
  4261.502     4.282    11.231
  4261.603     4.333    11.231
  4261.703     4.333    11.282
  4261.804     4.385    11.332
  4262.006     4.385    11.332
  4262.106     4.385    11.383
  4262.206     4.385    11.383
  4262.307     4.385    11.434
  4262.508     4.385    11.434
  4262.609     4.385    11.485
  4262.709     4.436    11.485
  4263.011     4.436    11.485
  4263.112     4.488    11.485
  4263.514     4.488    11.485
  4263.614     4.488    11.535
  4267.035     4.488    11.535
  4267.138     4.488    11.587
  4268.948     4.488    11.587
  4269.047     4.488    11.637
  4269.150     4.488    11.688
  4269.350     4.488    11.688
  4269.450     4.540    11.688
  4325.609     4.540    11.688
  4325.709     4.540    11.637
  4325.811     4.540    11.587
  4325.911     4.540    11.587
  4326.012     4.540    11.535
  4326.113     4.540    11.535
  4326.213     4.540    11.485
  4326.413     4.540    11.485
  4326.514     4.643    11.485
  4326.614     4.746    11.485
  4326.715     4.849    11.485
  4326.816     4.952    11.434
  4326.917     5.056    11.434
  4327.018     5.210    11.383
  4327.117     5.210    11.332
  4327.218     5.262    11.332
  4327.319     5.262    11.231
  4327.419     5.313    11.078
  4327.520     5.365    10.977
  4327.620     5.416    10.824
  4327.722     5.468    10.824
  4327.822     5.468    10.773
  4327.923     5.468    10.773
  4328.024     5.468    10.722
  4328.124     5.571    10.519
  4328.224     5.571    10.316
  4328.324     5.571    10.316
  4328.425     5.623    10.265
  4328.526     5.674    10.265
  4357.300     5.674    10.265
  4357.402     5.674    10.316
  4357.502     5.674    10.316
  4357.604     5.674    10.367
  4366.860     5.674    10.367
  4366.960     5.778    10.367
  4367.061     5.829    10.367
  4371.790     5.829    10.367
  4371.890     5.829    10.316
  4372.696     5.829    10.316
  4372.796     5.829    10.265
  4374.002     5.829    10.265
  4374.104     5.829    10.214
  4374.204     5.829    10.164
  4374.304     5.829    10.164
  4374.404     5.829    10.062
  4374.505     5.829     9.909
  4374.706     5.829     9.909
  4374.808     5.932     9.909
  4374.908     5.932     9.808
  4375.109     5.932     9.808
  4375.211     5.932     9.757
  4375.310     5.932     9.757
  4375.410     5.984     9.757
  4375.512     5.984     9.706
  4375.613     5.984     9.706
  4375.714     6.036     9.656
  4375.816     6.036     9.604
  4375.916     6.139     9.554
  4395.335     6.139     9.554
  4395.436     6.345     9.604
  4395.536     6.448     9.604
  4395.637     6.396     9.604
  4395.839     6.396     9.604
  4395.939     6.242     9.808
  4396.040     6.190     9.859
  4396.140     6.139     9.859
  4396.341     6.139     9.859
  4396.442     6.139     9.960
  4405.598     6.139     9.960
  4405.699     5.984     9.960
  4405.900     5.984     9.960
  4406.000     5.932    10.011
  4406.101     5.881    10.011
  4406.200     5.674    10.062
  4413.847     5.674    10.062
  4413.948     5.623    10.062
  4414.048     5.571    10.062
  4414.351     5.571    10.062
  4414.451     5.520    10.062
  4414.552     5.468    10.062
  4414.653     5.365    10.062
  4414.753     5.313    10.062
  4414.854     5.313    10.113
  4415.256     5.313    10.113
  4415.357     5.159    10.113
  4415.558     5.159    10.113
  4415.658     5.159    10.164
  4416.062     5.159    10.164
  4416.161     5.159    10.214
  4416.262     5.159    10.214
  4416.362     5.107    10.214
  4416.463     5.107    10.214
  4416.564     5.004    10.214
  4416.867     5.004    10.214
  4416.968     5.056    10.214
  4417.571     5.056    10.214
  4417.671     5.056    10.164
  4417.873     5.056    10.164
  4417.974     4.952    10.164
  4418.073     4.849    10.164
  4431.455     4.849    10.164
  4431.556     4.849    10.062
  4431.656     4.849    10.062
  4431.757     4.900    10.062
  4431.858     4.900    10.062
  4431.958     5.004    10.062
  4432.261     5.004    10.062
  4432.360     5.107    10.011
  4432.461     5.210    10.011
  4432.562     5.210    10.011
  4432.662     5.210     9.960
  4432.763     5.210     9.960
  4432.863     5.210     9.909
  4460.130     5.210     9.909
  4460.231     5.107     9.909
  4461.136     5.107     9.909
  4461.237     5.159     9.909
  4461.338     5.159     9.909
  4461.439     5.210     9.909
  4476.431     5.210     9.909
  4476.531     5.159     9.909
  4476.734     5.159     9.909
  4476.833     5.159     9.859
  4476.935     5.159     9.808
  4477.034     5.159     9.757
  4477.136     5.159     9.706
  4477.639     5.159     9.706
  4477.739     5.159     9.656
  4477.839     5.159     9.656
  4477.940     5.210     9.706
  4478.041     5.262     9.706
  4478.241     5.262     9.706
  4478.342     5.262     9.656
  4480.054     5.262     9.656
  4480.153     5.262     9.604
  4487.499     5.262     9.604
  4487.600     5.262     9.706
  4487.700     5.262     9.808
  4489.210     5.262     9.808
  4489.311     5.262     9.859
  4489.411     5.262     9.909
  4489.512     5.262     9.960
  4489.612     5.262    10.011
  4489.714     5.159    10.164
  4489.815     5.159    10.214
  4490.416     5.159    10.214
  4490.518     5.159    10.316
  4490.618     5.159    10.367
  4490.720     5.159    10.367
  4490.820     5.159    10.418
  4491.022     5.159    10.418
  4491.122     4.952    10.519
  4491.223     4.900    10.570
  4491.423     4.900    10.570
  4491.525     4.900    10.621
  4491.625     4.900    10.672
  4492.732     4.900    10.672
  4492.833     4.900    10.722
  4492.933     4.900    10.773
  4493.033     4.900    10.824
  4493.536     4.900    10.824
  4493.637     4.900    10.875
  4493.737     4.900    10.926
  4493.839     4.900    10.926
  4493.939     4.900    10.977
  4494.040     4.900    10.977
  4494.141     4.952    11.129
  4495.045     4.952    11.129
  4495.146     4.849    11.180
  4495.246     4.797    11.383
  4495.347     4.797    11.434
  4495.447     4.797    11.434
  4495.548     4.694    11.587
  4495.749     4.694    11.587
  4495.851     4.694    11.637
  4495.951     4.694    11.790
  4496.052     4.694    11.891
  4496.152     4.694    11.942
  4496.252     4.694    12.095
  4496.654     4.694    12.095
  4496.755     4.694    12.145
  4497.360     4.694    12.145
  4497.460     4.694    12.196
  4497.762     4.694    12.196
  4497.863     4.643    12.247
  4497.964     4.643    12.298
  4498.065     4.643    12.298
  4498.165     4.643    12.400
  4498.265     4.643    12.450
  4498.868     4.643    12.450
  4498.969     4.643    12.400
  4499.573     4.643    12.400
  4499.674     4.694    12.450
  4501.584     4.694    12.450
  4501.686     4.746    12.501
  4501.786     4.746    12.603
  4501.887     4.746    12.653
  4501.996     4.797    12.653
  4502.089     4.849    12.704
  4502.190     4.900    12.704
  4502.289     4.900    12.755
  4502.490     4.900    12.755
  4502.591     4.952    12.755
  4502.692     5.056    12.806
  4502.893     5.056    12.806
  4502.993     5.056    12.857
  4503.295     5.056    12.857
  4503.396     5.210    12.908
  4504.000     5.210    12.908
  4504.107     5.210    12.806
  4507.528     5.210    12.806
  4507.629     5.210    12.704
  4507.730     5.159    12.704
  4507.831     5.159    12.704
  4507.932     5.159    12.552
  4508.033     5.159    12.400
  4509.946     5.159    12.400
  4510.047     5.210    12.400
  4510.146     5.210    12.400
  4510.247     5.262    12.400
  4510.348     5.262    12.349
  4512.464     5.262    12.349
  4512.564     5.365    12.349
  4514.577     5.365    12.349
  4514.679     5.313    12.400
  4514.779     5.262    12.450
  4516.391     5.262    12.450
  4516.490     5.159    12.450
  4516.893     5.159    12.450
  4516.994     5.159    12.400
  4517.295     5.159    12.400
  4517.395     5.159    12.298
  4518.909     5.159    12.298
  4519.010     5.210    12.298
  4519.109     5.262    12.298
  4519.714     5.262    12.298
  4519.816     5.313    12.298
  4519.917     5.313    12.349
  4520.822     5.313    12.349
  4520.923     5.365    12.349
  4521.023     5.468    12.349
  4521.124     5.520    12.400
  4521.224     5.520    12.400
  4521.324     5.674    12.400
  4521.425     5.829    12.400
  4521.526     5.881    12.400
  4521.627     5.881    12.400
  4521.727     5.932    12.400
  4521.828     6.036    12.400
  4523.036     6.036    12.400
  4523.137     6.242    12.400
  4523.237     6.293    12.400
  4523.339     6.396    12.400
  4523.439     6.396    12.400
  4523.539     6.552    12.400
  4523.641     6.552    12.400
  4523.741     6.603    12.349
  4523.942     6.603    12.349
  4524.044     6.758    12.349
  4524.144     6.758    12.349
  4524.244     6.809    12.349
  4524.848     6.809    12.349
  4524.949     6.861    12.349
  4525.150     6.861    12.349
  4525.251     7.016    12.298
  4525.350     7.273    12.298
  4525.451     7.480    12.298
  4525.552     7.686    12.298
  4525.854     7.686    12.298
  4525.955     7.686    12.450
  4526.356     7.686    12.450
  4526.458     7.789    12.450
  4526.558     7.841    12.501
  4526.962     7.841    12.501
  4527.062     7.944    12.501
  4527.163     7.944    12.501
  4527.263     7.996    12.552
  4527.363     8.047    12.603
  4527.565     8.047    12.603
  4527.665     8.047    12.755
  4527.766     8.047    12.806
  4527.867     8.047    12.908
  4528.976     8.047    12.908
  4529.075     7.944    13.060
  4529.176     7.841    13.213
  4529.277     7.789    13.213
  4532.700     7.789    13.213
  4532.801     7.892    13.263
  4532.901     7.944    13.365
  4533.002     7.996    13.568
  4533.102     7.996    13.670
  4533.605     7.996    13.670
  4533.705     8.047    13.670
  4535.721     8.047    13.670
  4535.821     8.099    13.822
  4535.922     8.099    14.026
  4536.022     8.099    14.076
  4536.626     8.099    14.076
  4536.726     8.099    14.127
  4536.827     8.099    14.229
  4536.928     8.099    14.280
  4537.028     8.099    14.280
  4537.129     8.047    14.432
  4537.228     7.996    14.534
  4537.330     7.996    14.534
  4537.430     7.996    14.584
  4537.632     7.996    14.584
  4537.731     7.996    14.636
  4537.832     7.996    14.788
  4537.934     7.996    14.940
  4538.034     7.996    15.144
  4538.135     7.996    15.245
  4538.235     7.944    15.550
  4538.336     7.944    15.804
  4538.436     7.944    16.211
  4538.537     8.047    16.312
  4538.638     8.047    16.515
  4538.738     8.047    16.668
  4538.839     8.047    16.820
  4538.939     8.047    16.820
  4539.039     8.047    16.922
  4539.141     8.047    17.125
  4539.241     7.996    17.532
  4539.341     7.944    17.786
  4539.441     7.944    17.888
  4539.542     7.944    18.142
  4539.642     7.944    18.396
  4539.744     7.841    18.599
  4539.845     7.583    18.853
  4539.945     7.531    18.955
  4540.046     7.531    19.056
  4540.147     7.531    19.209
  4540.277     7.531    19.463
  4540.378     7.531    19.615
  4540.480     7.480    19.717
  4540.581     7.480    19.869
  4540.682     7.429    19.971
  4540.782     7.429    20.073
  4540.883     7.429    20.225
  4540.983     7.376    20.377
  4541.084     7.376    20.429
  4541.185     7.376    20.632
  4541.286     7.376    20.733
  4541.385     7.376    20.835
  4541.485     7.376    20.886
  4541.586     7.376    20.937
  4541.687     7.273    21.038
  4541.788     7.119    21.089
  4541.889     7.016    21.140
  4541.990     6.861    21.292
  4542.091     6.706    21.546
  4542.190     6.706    21.699
  4542.290     6.500    21.902
  4542.391     6.448    22.004
  4542.491     6.396    22.156
  4542.593     6.345    22.207
  4542.693     6.036    22.360
  4542.995     6.036    22.360
  4543.096     5.932    22.461
  4543.195     5.881    22.512
  4543.397     5.881    22.512
  4543.498     5.881    22.664
  4543.598     5.881    22.715
  4543.699     5.881    22.817
  4543.801     5.778    22.969
  4543.901     5.623    23.071
  4544.002     5.520    23.274
  4544.103     5.416    23.426
  4544.204     5.365    23.478
  4544.305     5.313    23.528
  4544.403     5.210    23.681
  4544.515     5.210    23.833
  4544.716     5.210    23.833
  4544.817     5.056    23.833
  4547.533     5.056    23.833
  4547.635     4.849    23.935
  4547.936     4.849    23.935
  4548.037     4.849    23.986
  4548.137     4.849    24.239
  4548.238     4.900    24.392
  4548.339     4.900    24.443
  4548.439     5.056    24.443
  4548.540     5.107    24.443
  4548.642     5.159    24.494
  4548.742     5.365    24.595
  4548.844     5.468    24.900
  4548.944     5.571    24.951
  4549.045     5.571    25.002
  4549.548     5.571    25.002
  4549.648     5.778    25.002
  4549.749     5.881    25.002
  4549.850     5.932    25.002
  4549.974     6.190    25.053
  4550.050     6.190    25.053
  4550.151     6.293    25.053
  4550.956     6.293    25.053
  4551.057     6.396    25.053
  4551.761     6.396    25.053
  4551.861     6.396    25.002
  4551.962     6.396    24.951
  4552.061     6.396    24.951
  4552.162     6.396    24.900
  4552.263     6.345    24.849
  4552.364     6.242    24.748
  4552.465     6.036    24.544
  4552.565     5.984    24.443
  4552.666     5.932    24.392
  4553.068     5.932    24.392
  4553.169     5.984    24.392
  4553.294     6.036    24.392
  4553.394     6.087    24.392
  4553.494     6.139    24.392
  4553.596     6.190    24.392
  4553.696     6.190    24.341
  4553.797     6.190    24.341
  4553.897     6.139    24.341
  4554.099     6.139    24.341
  4554.199     6.190    24.341
  4554.300     6.242    24.341
  4554.400     6.242    24.291
  4554.501     6.242    24.189
  4554.600     6.242    24.087
  4554.702     6.242    24.036
  4554.803     6.242    24.036
  4554.903     6.087    24.087
  4555.005     5.984    24.087
  4555.205     5.984    24.087
  4555.306     5.726    24.392
  4555.406     5.571    24.392
  4558.324     5.571    24.392
  4558.425     5.623    24.392
  4558.525     5.623    24.392
  4558.626     5.674    24.392
  4558.726     5.674    24.392
  4558.827     5.726    24.392
  4561.342     5.726    24.392
  4561.442     5.726    24.494
  4561.543     5.726    24.595
  4561.643     5.726    24.646
  4561.744     5.726    24.697
  4561.845     5.726    24.748
  4561.945     5.726    24.799
  4562.448     5.726    24.799
  4562.549     5.726    24.697
  4562.649     5.674    24.595
  4562.750     5.674    24.544
  4563.152     5.674    24.544
  4563.253     5.623    24.595
  4563.857     5.623    24.595
  4563.960     5.571    24.646
  4564.060     5.520    24.697
  4564.263     5.520    24.697
  4564.362     5.468    24.697
  4565.166     5.468    24.697
  4565.267     5.468    24.748
  4565.367     5.468    24.799
  4566.877     5.468    24.799
  4566.977     5.468    24.849
  4567.078     5.468    25.053
  4567.179     5.468    25.154
  4568.284     5.468    25.154
  4568.386     5.468    25.205
  4568.486     5.468    25.205
  4568.587     5.520    25.205
  4568.989     5.520    25.205
  4569.091     5.571    25.205
  4569.190     5.778    25.205
  4569.998     5.778    25.205
  4570.099     5.829    25.205
  4587.619     5.829    25.205
  4587.720     5.726    25.205
  4587.820     5.726    25.205
  4587.922     5.674    25.205
  4588.122     5.674    25.205
  4588.223     5.468    25.357
  4588.323     5.416    25.459
  4588.424     5.416    25.459
  4588.524     5.416    25.510
  4588.625     5.416    25.612
  4588.726     5.416    25.713
  4588.827     5.416    25.917
  4589.027     5.416    25.917
  4589.128     5.520    25.866
  4589.228     5.520    25.866
  4589.329     5.571    25.866
  4589.429     5.571    25.967
  4589.529     5.571    26.069
  4589.631     5.571    26.171
  4589.731     5.571    26.323
  4589.832     5.571    26.475
  4591.040     5.571    26.475
  4591.140     5.623    26.526
  4591.542     5.623    26.526
  4591.643     5.674    26.526
  4592.348     5.674    26.526
  4592.447     5.829    26.526
  4592.548     5.829    26.526
  4592.648     5.881    26.526
  4592.749     6.139    26.526
  4592.850     6.190    26.526
  4593.051     6.190    26.526
  4593.152     6.242    26.526
  4593.253     6.293    26.526
  4595.566     6.293    26.526
  4595.667     6.242    26.526
  4595.768     6.190    26.526
  4595.868     6.036    26.526
  4596.270     6.036    26.526
  4596.371     6.036    26.475
  4596.472     6.036    26.425
  4596.572     5.984    26.323
  4596.975     5.984    26.323
  4597.074     5.984    26.222
  4597.176     5.984    26.171
  4597.578     5.984    26.171
  4597.679     5.984    26.120
  4597.780     5.984    26.018
  4597.881     5.984    25.967
  4598.886     5.984    25.967
  4598.986     5.984    25.917
  4599.087     5.984    25.815
  4599.388     5.984    25.815
  4599.489     5.984    25.764
  4602.608     5.984    25.764
  4602.709     5.984    25.713
  4618.508     5.984    25.713
  4618.608     6.345    25.713
  4619.112     6.345    25.713
  4619.213     6.396    25.713
  4619.312     6.500    25.764
  4619.515     6.500    25.764
  4619.615     6.603    25.764
  4619.817     6.603    25.764
  4619.917     6.655    25.713
  4620.018     6.655    25.561
  4620.118     6.655    25.510
  4620.219     6.706    25.510
  4620.320     6.758    25.510
  4620.420     7.119    25.409
  4620.521     7.170    25.357
  4621.728     7.170    25.357
  4621.828     7.170    25.256
  4621.929     7.067    25.154
  4622.029     7.067    25.154
  4622.131     7.067    25.002
  4622.231     7.170    24.697
  4622.633     7.170    24.697
  4622.733     7.170    24.646
  4622.836     7.170    24.646
  4622.935     7.222    24.341
  4623.036     7.222    24.291
  4623.137     7.273    24.291
  4624.746     7.273    24.291
  4624.847     7.222    24.189
  4624.948     7.170    24.087
  4625.049     7.170    23.935
  4625.148     7.170    23.833
  4625.249     7.222    23.782
  4625.350     7.222    23.681
  4625.450     7.222    23.579
  4625.552     7.325    23.426
  4625.652     7.376    23.223
  4625.753     7.376    23.020
  4625.853     7.376    22.969
  4625.954     7.325    22.868
  4626.055     7.325    22.766
  4626.154     7.325    22.563
  4626.255     7.325    22.461
  4626.355     7.325    22.308
  4626.456     7.325    22.258
  4627.061     7.325    22.258
  4627.160     7.273    22.105
  4627.261     7.119    21.851
  4627.361     7.119    21.394
  4627.462     7.119    21.242
  4627.562     7.067    21.191
  4627.664     7.067    20.987
  4627.765     7.067    20.937
  4627.865     7.016    20.835
  4627.966     7.016    20.479
  4628.065     7.016    20.327
  4628.167     7.016    20.225
  4628.267     7.016    19.819
  4628.367     7.170    19.260
  4628.468     7.170    19.209
  4628.569     7.016    19.209
  4628.669     7.016    19.107
  4628.770     6.861    19.056
  4628.870     6.809    18.853
  4628.972     6.809    18.802
  4629.071     6.809    18.751
  4629.273     6.809    18.751
  4629.375     6.809    18.701
  4629.475     6.861    18.701
  4629.576     6.912    18.701
  4629.676     6.964    18.701
  4629.877     6.964    18.701
  4629.977     7.016    18.701
  4630.078     7.067    18.701
  4630.985     7.067    18.701
  4631.086     6.912    18.853
  4631.186     6.809    19.006
  4631.588     6.809    19.006
  4631.688     6.809    18.904
  4632.092     6.809    18.904
  4632.192     6.552    19.006
  4632.292     6.396    19.056
  4632.393     6.345    19.209
  4632.493     6.345    19.260
  4632.595     6.242    19.463
  4632.694     6.242    19.717
  4632.797     6.242    19.819
  4632.896     6.242    19.819
  4632.998     6.242    19.869
  4633.098     6.242    19.920
  4633.198     6.242    19.920
  4633.299     6.190    20.022
  4633.399     6.190    20.022
  4633.500     6.139    20.225
  4633.601     6.139    20.377
  4633.701     6.139    20.377
  4633.803     6.242    20.377
  4633.903     6.345    20.377
  4634.104     6.345    20.377
  4634.204     6.345    20.479
  4634.305     6.345    20.632
  4634.405     6.345    20.835
  4634.506     6.345    21.038
  4634.606     6.345    21.038
  4634.707     6.345    21.191
  4634.809     6.345    21.445
  4634.909     6.345    21.546
  4635.010     6.345    21.648
  4635.109     6.345    21.750
  4635.211     6.345    22.156
  4635.311     6.293    22.410
  4635.411     6.242    22.563
  4635.512     6.036    23.020
  4635.613     5.984    23.071
  4635.715     5.984    23.173
  4635.815     5.984    23.579
  4635.916     5.778    23.833
  4636.016     5.726    23.935
  4636.317     5.726    23.935
  4636.418     5.726    23.833
  4636.519     5.984    23.731
  4636.620     6.087    23.681
  4636.720     6.087    23.681
  4636.821     6.190    23.681
  4636.922     6.293    23.681
  4637.022     6.293    23.681
  4637.123     6.293    23.579
  4639.638     6.293    23.579
  4639.739     6.242    23.782
  4639.840     6.242    23.833
  4639.939     6.242    23.884
  4640.041     6.139    23.986
  4640.141     5.932    24.138
  4640.643     5.932    24.138
  4640.744     6.036    23.986
  4640.845     6.087    23.935
  4640.946     6.087    23.884
  4641.348     6.087    23.884
  4641.448     6.087    23.782
  4641.549     6.087    23.630
  4641.649     6.036    23.630
  4641.751     5.932    23.630
  4641.851     5.726    23.681
  4641.952     5.468    23.731
  4642.053     5.313    23.731
  4642.153     5.262    23.731
  4642.556     5.262    23.731
  4642.656     5.210    23.731
  4642.757     5.210    23.782
  4643.359     5.210    23.782
  4643.460     5.210    23.884
  4644.265     5.210    23.884
  4644.365     5.107    23.935
  4644.467     4.900    24.036
  4644.566     4.797    24.036
  4644.668     4.436    24.036
  4644.769     4.127    24.087
  4644.868     3.766    24.443
  4644.969     3.611    24.544
  4645.070     3.560    24.544
  4645.171     3.250    24.748
  4645.281     2.889    25.002
  4645.383     2.837    25.002
  4645.482     2.837    25.002
  4645.583     2.786    25.053
  4645.685     2.528    25.205
  4645.986     2.528    25.205
  4646.086     2.528    25.256
  4646.186     2.580    25.256
  4646.288     2.580    25.256
  4646.389     2.580    25.307
  4647.093     2.580    25.307
  4647.192     2.580    25.357
  4647.293     2.580    25.459
  4647.696     2.580    25.459
  4647.797     2.580    25.510
  4657.052     2.580    25.510
  4657.151     2.528    25.510
  4657.252     2.528    25.510
  4657.353     2.424    25.510
  4657.454     2.167    25.510
  4657.554     2.115    25.561
  4657.654     1.960    25.662
  4661.979     1.960    25.662
  4662.080     1.909    25.713
  4662.182     1.857    25.764
  4665.100     1.857    25.764
  4665.200     1.857    25.815
  4665.602     1.857    25.815
  4665.704     1.857    25.764
  4666.006     1.857    25.764
  4666.105     1.909    25.713
  4666.206     1.909    25.713
  4666.308     2.064    25.713
  4666.508     2.064    25.713
  4666.608     2.270    25.713
  4666.710     2.373    25.713
  4666.810     2.476    25.612
  4666.911     2.786    25.459
  4667.012     2.889    25.409
  4667.112     2.992    25.307
  4667.213     2.992    25.307
  4667.312     3.198    25.256
  4668.420     3.198    25.256
  4668.520     3.198    25.205
  4668.621     3.250    25.205
  4668.822     3.250    25.205
  4668.923     3.250    25.256
  4669.024     3.250    25.307
  4669.123     3.250    25.307
  4669.224     3.250    25.357
  4669.324     3.250    25.409
  4669.426     3.250    25.409
  4669.525     3.302    25.459
  4669.627     3.353    25.459
  4670.229     3.353    25.459
  4670.330     3.456    25.459
  4670.431     3.456    25.459
  4670.531     3.560    25.459
  4670.632     3.817    25.459
  4670.733     4.024    25.459
  4670.834     4.024    25.459
  4670.934     4.127    25.459
  4671.035     4.282    25.510
  4671.136     4.282    25.510
  4671.237     4.436    25.561
  4671.336     4.540    25.612
  4671.436     4.591    25.662
  4671.538     4.591    25.662
  4671.639     4.643    25.662
  4671.940     4.643    25.662
  4672.041     4.952    25.713
  4672.142     5.004    25.713
  4672.241     5.056    25.713
  4672.342     5.056    25.815
  4672.442     5.159    25.917
  4672.543     5.159    26.018
  4672.845     5.159    26.018
  4672.946     5.571    26.018
  4674.757     5.571    26.018
  4674.857     5.881    26.171
  4674.958     5.984    26.374
  4675.059     6.087    26.526
  4675.158     6.242    26.679
  4675.259     6.448    26.730
  4675.360     6.448    26.780
  4675.460     6.448    26.780
  4675.561     6.655    26.780
  4675.662     6.758    26.780
  4714.098     6.758    26.780
  4714.198     7.016    26.831
  4714.300     7.067    26.984
  4714.501     7.067    26.984
  4714.602     7.119    27.035
  4714.804     7.119    27.035
  4714.903     7.170    27.085
  4715.004     7.222    27.136
  4718.927     7.222    27.136
  4719.027     7.222    27.238
  4719.128     7.273    27.288
  4808.684     7.273    27.288
  4808.783     7.376    26.831
  4824.680     7.376    26.831
  4824.780     7.273    26.831
  4824.881     7.222    26.780
  4824.982     7.222    26.730
  4825.082     7.222    26.730
  4825.182     7.325    26.730
  4825.282     7.325    26.730
  4825.384     7.429    26.730
  4825.483     7.429    26.730
  4825.585     7.531    26.628
  4825.686     7.531    26.628
  4825.786     7.635    26.577
  4825.887     7.738    26.577
  4825.988     7.841    26.577
  4826.088     7.841    26.577
  4826.188     7.892    26.526
  4846.415     7.892    26.526
  4846.516     7.789    26.222
  4846.918     7.789    26.222
  4847.019     7.738    26.222
  4847.119     7.738    26.120
  4847.220     7.686    26.018
  4847.521     7.686    26.018
  4847.623     7.686    25.967
  4847.723     7.686    25.815
  4848.125     7.686    25.815
  4848.225     7.686    25.713
  4853.458     7.686    25.713
  4853.559     7.531    25.764
  4853.659     7.531    25.815
  4853.861     7.531    25.815
  4853.962     7.480    25.764
  4854.262     7.480    25.764
  4854.363     7.376    25.662
  4854.464     7.325    25.561
  4854.564     7.222    25.409
  4854.665     7.222    25.307
  4854.766     7.222    25.307
  4854.867     7.170    25.205
  4859.093     7.170    25.205
  4859.193     7.170    25.053
  4859.294     7.170    25.002
  4859.395     7.170    25.002
  4859.495     7.170    24.951
  4859.898     7.170    24.951
  4859.999     7.170    24.900
  4860.099     7.170    24.900
  4860.198     7.170    24.799
  4860.300     7.170    24.646
  4860.400     7.067    24.544
  4860.501     7.067    24.494
  4860.602     7.067    24.443
  4860.703     7.067    24.443
  4860.803     7.067    24.494
  4866.637     7.067    24.494
  4866.738     7.067    24.443
  4866.939     7.067    24.443
  4867.040     7.067    24.392
  4867.139     7.067    24.392
  4867.239     7.067    24.291
  4867.341     7.067    24.189
  4867.441     7.119    24.189
  4867.542     7.119    24.138
  4867.643     7.170    24.138
  4867.743     7.170    24.036
  4867.844     7.170    23.986
  4867.944     7.325    23.935
  4868.045     7.325    23.833
  4868.145     7.325    23.731
  4868.246     7.376    23.681
  4868.347     7.429    23.681
  4868.447     7.480    23.681
  4868.648     7.480    23.681
  4868.749     7.480    23.630
  4868.850     7.480    23.630
  4868.951     7.480    23.579
  4871.567     7.480    23.579
  4871.667     7.635    23.579
  4871.869     7.635    23.579
  4871.969     7.738    23.579
  4872.069     7.789    23.579
  4872.170     7.892    23.579
  4872.270     8.099    23.579
  4872.371     8.254    23.579
  4872.473     8.305    23.579
  4873.478     8.305    23.579
  4873.579     8.305    23.630
  4873.681     8.305    23.681
  4873.780     8.357    23.731
  4873.881     8.409    23.731
  4873.982     8.460    23.731
  4874.283     8.460    23.731
  4874.384     8.563    23.731
  4874.484     8.666    23.731
  4874.787     8.666    23.731
  4874.887     8.769    23.731
  4874.987     8.821    23.731
  4875.289     8.821    23.731
  4875.390     8.924    23.833
  4875.490     8.924    23.935
  4875.591     8.924    24.087
  4875.691     8.924    24.087
  4875.792     9.028    24.189
  4875.893     9.079    24.443
  4875.994     9.079    24.494
  4876.095     9.079    24.595
  4876.195     9.079    24.595
  4876.296     9.079    24.494
  4876.396     9.131    24.494
  4877.704     9.131    24.494
  4877.805     9.182    24.646
  4878.006     9.182    24.646
  4878.107     9.131    24.697
  4878.207     9.131    24.951
  4878.308     9.131    25.002
  4878.408     9.131    25.002
  4878.509     9.131    25.053
  4878.609     9.182    25.053
  4878.812     9.182    25.053
  4878.911     9.234    25.053
  4879.013     9.337    25.053
  4883.741     9.337    25.053
  4883.843     9.337    24.951
  4883.943     9.337    24.849
  4884.044     9.337    24.697
  4884.145     9.337    24.544
  4884.244     9.234    24.291
  4884.345     9.234    24.138
  4884.445     9.234    24.138
  4884.546     9.234    24.087
  4884.646     9.234    24.036
  4884.747     9.285    23.884
  4884.848     9.285    23.782
  4884.949     9.285    23.782
  4885.049     9.389    23.579
  4885.149     9.389    23.528
  4885.250     9.492    23.478
  4885.352     9.492    23.528
  4886.257     9.492    23.528
  4886.358     9.492    23.579
  4886.458     9.440    23.579
  4886.559     9.440    23.630
  4887.363     9.440    23.630
  4887.464     9.182    23.833
  4887.564     9.028    23.986
  4887.665     8.976    23.986
  4887.766     8.976    23.986
  4887.866     8.924    23.986
  4888.068     8.924    23.986
  4888.168     8.924    23.935
  4888.269     8.924    23.884
  4889.274     8.924    23.884
  4889.376     9.028    23.884
  4889.477     9.131    23.884
  4890.080     9.131    23.884
  4890.181     9.028    23.731
  4890.281     8.924    23.579
  4890.382     8.821    23.579
  4890.482     8.769    23.579
  4891.287     8.769    23.579
  4891.388     8.821    23.579
  4891.488     8.872    23.579
  4891.589     8.924    23.579
  4904.269     8.924    23.579
  4904.368     8.924    23.630
  4904.469     9.028    23.681
  4904.569     9.028    23.681
  4904.670     9.182    23.681
  4904.770     9.337    23.681
  4904.973     9.337    23.681
  4905.072     9.337    23.630
  4913.827     9.337    23.630
  4913.928     9.337    23.579
  4914.027     9.337    23.528
  4914.128     9.337    23.478
  4914.228     9.285    23.478
  4914.330     9.131    23.478
  4914.430     9.028    23.478
  4914.531     8.872    23.478
  4914.632     8.872    23.478
  4914.732     8.872    23.426
  4922.984     8.872    23.426
  4923.085     8.872    23.376
  4923.286     8.872    23.376
  4923.387     8.821    23.376
  4923.486     8.821    23.325
  4923.587     8.769    23.325
  4923.688     8.615    23.274
  4923.789     8.563    23.274
  4923.890     8.563    23.223
  4923.989     8.563    23.173
  4924.090     8.563    23.071
  4924.594     8.563    23.071
  4924.693     8.563    23.020
  4931.334     8.563    23.020
  4931.437     8.563    22.969
  4931.537     8.563    22.969
  4931.638     8.563    22.918
  4931.738     8.512    22.868
  4931.838     8.512    22.817
  4931.939     8.512    22.766
  4934.453     8.512    22.766
  4934.555     8.512    22.664
  4934.655     8.512    22.664
  4934.757     8.512    22.613
  4934.857     8.512    22.563
  4934.958     8.512    22.410
  4935.059     8.460    22.258
  4935.359     8.460    22.258
  4935.461     8.460    22.156
  4937.194     8.460    22.156
  4937.294     8.409    22.156
  5054.396     8.409    22.156
  5054.498     8.460    22.156
  5054.599     8.357    22.156
  5054.900     8.357    22.156
  5055.001     8.305    22.156
  5055.102     8.254    22.156
  5055.202     8.202    22.156
  5063.857     8.202    22.156
  5063.959     8.099    22.156
  5064.360     8.099    22.156
  5064.461     7.996    22.156
  5064.562     7.944    22.156
  5064.662     7.892    22.156
  5064.763     7.892    22.156
  5064.863     7.841    22.156
  5065.164     7.841    22.156
  5065.265     7.789    22.156
  5065.365     7.738    22.156
  5065.466     7.635    22.156
  5065.567     7.635    22.156
  5065.668     7.635    22.105
  5065.769     7.635    22.004
  5065.869     7.635    21.953
  5066.070     7.635    21.953
  5066.171     7.583    21.953
  5066.271     7.429    21.953
  5066.371     7.376    21.953
  5067.277     7.376    21.953
  5067.379     7.376    22.004
  5067.480     7.376    22.055
  5067.781     7.376    22.055
  5067.882     7.376    22.156
  5067.982     7.376    22.207
  5068.082     7.376    22.258
  5068.183     7.376    22.258
  5068.284     7.480    22.258
  5068.385     7.480    22.308
  5068.485     7.480    22.308
  5068.585     7.531    22.308
  5068.787     7.531    22.308
  5068.888     7.583    22.308
  5068.988     7.686    22.461
  5069.490     7.686    22.461
  5069.591     7.635    22.461
  5076.636     7.635    22.461
  5076.736     7.325    22.461
  5077.038     7.325    22.461
  5077.138     7.273    22.461
  5077.238     7.222    22.461
  5077.340     7.119    22.461
  5118.897     7.119    22.461
  5118.995     7.067    22.613
  5174.435     7.067    22.613
  5174.535     7.170    22.664
  5174.839     7.170    22.664
  5174.940     7.222    22.664
  5175.040     7.325    22.766
  5175.240     7.325    22.766
  5175.342     7.325    22.817
  5175.442     7.376    22.868
  5175.744     7.376    22.868
  5175.845     7.429    22.868
  5176.448     7.429    22.868
  5176.548     7.376    22.817
  5178.965     7.376    22.817
  5179.065     7.376    22.766
  5179.165     7.429    22.715
  5179.290     7.429    22.715
  5179.367     7.531    22.715
  5189.632     7.531    22.715
  5189.732     7.635    22.664
  5189.935     7.635    22.664
  5190.034     7.686    22.664
  5190.135     7.738    22.563
  5192.852     7.738    22.563
  5192.951     7.789    22.563
  5193.052     7.841    22.563
  5193.152     7.841    22.563
  5193.254     7.892    22.563
  5193.455     7.892    22.563
  5193.556     7.944    22.512
  5193.657     7.944    22.512
  5193.757     7.944    22.461
  5193.858     7.944    22.461
  5193.959     7.944    22.410
  5194.060     7.996    22.360
  5194.159     8.150    22.258
  5194.260     8.254    22.258
  5194.864     8.254    22.258
  5194.965     8.254    22.207
  5195.064     8.254    22.055
  5195.166     8.254    22.004
  5214.785     8.254    22.004
  5214.889     8.254    22.055
  5214.989     8.254    22.055
  5215.090     8.305    22.055
  5215.189     8.357    22.055
  5215.290     8.409    22.055
  5215.391     8.409    22.055
  5215.491     8.460    22.156
  5215.794     8.460    22.156
  5215.895     8.512    22.207
  5216.195     8.512    22.207
  5216.297     8.563    22.207
  5216.398     8.666    22.207
  5216.498     8.821    22.207
  5216.599     8.821    22.207
  5216.699     8.872    22.207
  5226.365     8.872    22.207
  5226.466     8.718    22.207
  5226.566     8.666    22.207
  5226.868     8.666    22.207
  5226.970     8.615    22.207
  5230.288     8.615    22.207
  5230.389     8.615    22.156
  5234.714     8.615    22.156
  5234.815     8.563    22.156
  5241.657     8.563    22.156
  5241.758     8.563    22.207
  5241.858     8.563    22.258
  5290.657     8.563    22.258
  5290.759     8.512    22.308
  5290.859     8.460    22.308
  5291.060     8.460    22.308
  5291.160     8.460    22.461
  5291.261     8.460    22.512
  5291.361     8.460    22.563
  5291.462     8.409    22.563
  5291.563     8.357    22.563
  5302.328     8.357    22.563
  5302.430     8.357    22.461
  5302.731     8.357    22.461
  5302.832     8.357    22.410
  5302.932     8.357    22.360
  5308.868     8.357    22.360
  5308.969     8.357    22.258
  5309.271     8.357    22.258
  5309.371     8.357    22.207
  5309.572     8.357    22.207
  5309.673     8.357    22.156
  5312.189     8.357    22.156
  5312.289     8.409    22.156
  5312.390     8.460    22.156
  5312.692     8.460    22.156
  5312.795     8.563    22.156
  5312.995     8.563    22.156
  5313.096     8.563    22.105
  5313.196     8.563    22.055
  5313.297     8.563    22.004
  5313.399     8.563    22.004
  5313.499     8.563    21.953
  5314.002     8.563    21.953
  5314.103     8.460    21.953
  5314.504     8.460    21.953
  5314.606     8.409    21.953
  5314.706     8.305    21.953
  5314.807     8.254    21.953
  5315.108     8.254    21.953
  5315.209     8.254    21.902
  5315.310     8.254    21.851
  5315.611     8.254    21.851
  5315.712     8.254    21.800
  5315.812     8.254    21.750
  5316.315     8.254    21.750
  5316.415     8.202    21.699
  5316.517     8.202    21.648
  5316.617     8.150    21.648
  5316.718     8.099    21.648
  5316.818     8.047    21.597
  5316.919     8.047    21.546
  5317.020     7.944    21.495
  5317.119     7.686    21.495
  5317.220     7.531    21.495
  5319.333     7.531    21.495
  5319.435     7.531    21.445
  5319.737     7.531    21.445
  5319.838     7.531    21.394
  5319.939     7.531    21.343
  5370.551     7.531    21.343
  5370.651     7.429    21.343
  5370.753     7.325    21.343
  5370.853     7.273    21.343
  5370.954     7.170    21.343
  5371.054     7.119    21.343
  5371.155     7.067    21.343
  5371.256     7.016    21.242
  5371.357     6.912    21.242
  5371.457     6.758    21.242
  5371.558     6.706    21.242
  5371.659     6.655    21.242
  5371.760     6.655    21.242
  5371.860     6.500    21.242
  5371.961     6.242    21.191
  5372.262     6.242    21.191
  5372.362     6.242    21.140
  5372.463     6.242    21.089
  5372.765     6.242    21.089
  5372.865     6.190    21.089
  5373.268     6.190    21.089
  5373.368     6.242    21.089
  5459.400     6.242    21.089
  5459.501     6.293    21.089
  5459.904     6.293    21.089
  5460.004     6.293    21.038
  5460.104     6.293    20.937
  5460.205     6.293    20.886
  5460.305     6.293    20.886
  5460.405     6.345    20.835
  5480.329     6.345    20.835
  5480.430     6.293    20.733
  5481.737     6.293    20.733
