     1.273    11.021    21.450
   108.286    11.021    21.450
   108.387    11.021    21.382
   108.487    11.021    21.382
   108.587    11.091    21.382
   108.687    11.160    21.312
   110.510    11.160    21.312
   110.610    11.230    21.244
   110.711    11.230    21.244
   110.812    11.300    21.175
   110.911    11.300    21.175
   111.012    11.300    21.106
   111.112    11.300    21.037
   111.412    11.300    21.037
   111.513    11.300    20.969
   113.022    11.300    20.969
   113.122    11.370    20.969
   113.223    11.370    20.969
   113.324    11.370    21.037
   113.425    11.370    21.037
   113.527    11.370    21.106
   113.627    11.440    21.106
   113.930    11.440    21.106
   114.031    11.649    21.106
   114.131    11.649    21.037
   114.231    11.719    21.037
   116.861    11.719    21.037
   116.963    11.719    20.969
   117.063    11.579    20.969
   117.164    11.579    20.900
   117.264    11.579    20.900
   117.365    11.510    20.763
   117.465    11.440    20.694
   117.565    11.440    20.625
   117.765    11.440    20.625
   117.866    11.370    20.556
   117.966    11.370    20.488
   118.067    11.370    20.488
   118.168    11.300    20.488
   118.268    11.300    20.488
   118.368    11.300    20.419
   118.674    11.300    20.419
   118.775    11.300    20.350
   118.877    11.300    20.350
   118.977    11.230    20.350
   119.379    11.230    20.350
   119.480    11.230    20.281
   119.580    11.230    20.213
   129.430    11.230    20.213
   129.533    11.300    20.144
   129.634    11.370    20.075
   129.735    11.440    20.075
   129.836    11.579    19.938
   129.938    11.719    19.869
   130.039    11.788    19.800
   130.140    11.858    19.663
   130.243    11.928    19.663
   130.343    11.928    19.594
   130.447    11.997    19.594
   130.953    11.997    19.594
   131.055    11.928    19.663
   131.156    11.858    19.731
   131.257    11.788    19.731
   131.360    11.788    19.800
   131.462    11.788    19.869
   131.567    11.719    19.869
   131.668    11.649    19.938
   131.768    11.579    20.075
   131.868    11.579    20.144
   131.968    11.579    20.144
   132.068    11.579    20.213
   132.168    11.579    20.281
   132.267    11.579    20.281
   132.368    11.579    20.350
   132.468    11.510    20.419
   132.568    11.510    20.419
   132.667    11.510    20.556
   132.768    11.510    20.625
   132.868    11.440    20.694
   133.272    11.440    20.694
   133.373    11.440    20.763
   133.473    11.440    20.831
   133.974    11.440    20.831
   134.074    11.370    20.831
   134.175    11.370    20.900
   134.275    11.300    20.900
   134.375    11.300    20.969
   134.678    11.300    20.969
   134.778    11.300    21.037
   134.880    11.230    21.106
   135.083    11.230    21.106
   135.184    11.230    21.175
   135.284    11.230    21.175
   135.385    11.160    21.175
   147.439    11.160    21.175
   147.538    11.160    21.244
   147.639    11.160    21.244
   147.738    11.091    21.312
   147.840    11.091    21.382
   147.940    11.091    21.382
   148.041    11.021    21.450
   148.141    11.021    21.519
   148.240    11.021    21.587
   148.341    10.951    21.725
   148.442    10.951    21.725
   148.542    10.951    21.794
   160.350    10.951    21.794
   160.451    10.951    21.862
   160.552    10.951    22.000
   160.653    10.951    22.000
   160.754    10.881    22.069
   163.971    10.881    22.069
   164.072    10.881    22.275
   164.174    10.881    22.413
   164.274    10.951    22.550
   164.374    10.951    22.550
   164.473    10.951    22.619
   164.574    10.951    22.619
   164.674    10.951    22.688
   164.776    10.881    22.825
   164.876    10.812    23.031
   164.976    10.812    23.100
   165.178    10.812    23.100
   165.280    10.812    23.169
   165.380    10.742    23.169
   165.682    10.742    23.169
   165.783    10.742    23.238
   167.188    10.742    23.238
   167.290    10.742    23.306
   167.391    10.742    23.306
   167.491    10.673    23.375
   178.604    10.673    23.375
   178.704    10.881    23.238
   178.805    11.091    23.100
   178.905    11.160    23.031
   179.006    11.160    23.031
   179.106    11.300    22.963
   179.206    11.300    22.894
   179.709    11.300    22.894
   179.809    11.300    22.825
   179.910    11.300    22.756
   180.012    11.300    22.756
   180.113    11.300    22.619
   180.214    11.370    22.481
   180.315    11.370    22.413
   180.418    11.370    22.413
   180.519    11.440    22.413
   180.723    11.440    22.413
   180.824    11.440    22.481
   180.925    11.440    22.550
   181.027    11.510    22.550
   241.455    11.510    22.550
   241.556    11.579    22.619
   241.756    11.579    22.619
   241.857    11.579    22.688
   244.170    11.579    22.688
   244.271    11.649    22.688
   244.772    11.649    22.688
   244.872    11.788    22.688
   244.972    12.137    22.894
   245.072    12.277    22.963
   245.173    12.277    22.963
   245.274    12.347    22.963
   245.375    12.416    22.963
   245.476    12.486    22.963
   245.577    12.486    23.031
   245.879    12.486    23.031
   245.980    12.486    22.963
   246.081    12.486    22.825
   246.182    12.486    22.619
   246.283    12.486    22.550
   246.384    12.556    22.550
   246.485    12.556    22.413
   246.586    12.556    22.344
   246.687    12.556    22.344
   246.788    12.556    22.275
   246.991    12.556    22.275
   247.092    12.556    22.206
   247.198    12.556    22.138
   250.044    12.556    22.138
   250.145    12.556    22.206
   250.348    12.556    22.206
   250.451    12.486    22.206
   250.552    12.486    22.206
   250.656    12.486    22.275
   251.163    12.486    22.275
   251.263    12.416    22.275
   252.478    12.416    22.275
   252.577    12.416    22.344
   252.977    12.416    22.344
   253.078    12.347    22.344
   253.678    12.347    22.344
   253.777    12.347    22.413
   254.079    12.347    22.413
   254.180    12.347    22.481
   254.282    12.277    22.550
   254.586    12.277    22.550
   254.688    12.277    22.619
   254.789    12.207    22.619
   255.194    12.207    22.619
   255.297    12.207    22.688
   255.498    12.207    22.688
   255.598    12.137    22.688
   258.819    12.137    22.688
   258.919    12.137    22.619
   259.019    12.137    22.619
   259.119    12.137    22.550
   260.228    12.137    22.550
   260.329    12.137    22.619
   261.850    12.137    22.619
   261.951    12.137    22.688
   262.154    12.137    22.688
   262.256    12.067    22.688
   262.460    12.067    22.688
   262.562    11.997    22.756
   262.664    11.997    22.756
   262.767    11.997    22.825
   262.868    11.997    22.825
   262.969    11.997    22.894
   263.577    11.997    22.894
   263.678    11.997    22.963
   263.779    11.997    23.031
   264.280    11.997    23.031
   264.380    11.997    23.100
   264.580    11.997    23.100
   264.680    11.928    23.100
   264.780    11.928    23.100
   264.881    11.928    23.031
   264.981    11.997    22.894
   265.081    12.067    22.756
   265.183    12.137    22.688
   265.283    12.207    22.688
   265.585    12.207    22.688
   265.688    12.277    22.619
   266.088    12.277    22.619
   266.188    12.347    22.550
   266.288    12.416    22.413
   266.388    12.556    22.344
   266.489    12.556    22.344
   266.590    12.625    22.344
   266.689    12.695    22.344
   266.989    12.695    22.344
   267.090    12.625    22.344
   267.191    12.625    22.344
   267.295    12.556    22.413
   267.395    12.556    22.413
   267.495    12.486    22.413
   268.300    12.486    22.413
   268.400    12.486    22.481
   270.116    12.486    22.481
   270.217    12.486    22.413
   270.318    12.556    22.413
   271.027    12.556    22.413
   271.128    12.556    22.344
   274.581    12.556    22.344
   274.682    12.486    22.344
   274.783    12.416    22.344
   276.891    12.416    22.344
   276.991    12.416    22.413
   395.760    12.416    22.413
   395.860    12.416    22.481
   396.563    12.416    22.481
   396.663    12.486    22.481
   396.863    12.486    22.481
   396.963    12.486    22.550
   397.063    12.556    22.550
   397.164    12.556    22.550
   397.264    12.625    22.550
   398.477    12.625    22.550
   398.578    12.556    22.550
   400.794    12.556    22.550
   400.894    12.556    22.619
   400.995    12.556    22.619
   401.097    12.556    22.688
   401.197    12.556    22.688
   401.299    12.556    22.756
   401.500    12.556    22.756
   401.599    12.556    22.825
   407.129    12.556    22.825
   407.229    12.486    22.825
   407.330    12.347    22.894
   407.633    12.347    22.894
   407.734    12.277    22.894
   407.838    12.207    22.963
   407.940    12.207    23.031
   408.044    12.207    23.031
   408.145    12.137    23.100
   408.247    12.137    23.169
   408.450    12.137    23.169
   408.553    12.137    23.238
   408.653    12.067    23.238
   408.754    12.067    23.238
   408.856    12.067    23.306
   412.411    12.067    23.306
   412.512    11.997    23.306
   412.612    11.928    23.306
   413.118    11.928    23.306
   413.220    11.928    23.375
   413.323    11.928    23.375
   413.425    11.858    23.375
   416.772    11.858    23.375
   416.873    11.788    23.375
   416.975    11.788    23.375
   417.078    11.788    23.444
   417.179    11.649    23.444
   417.281    11.649    23.444
   417.382    11.579    23.513
   417.486    11.510    23.581
   417.587    11.510    23.581
   417.689    11.370    23.650
   417.790    11.300    23.719
   417.891    11.230    23.856
   417.992    11.160    23.994
   418.093    11.091    24.062
   418.196    11.091    24.132
   418.297    11.091    24.132
   418.398    11.021    24.132
   418.499    11.021    24.200
   418.602    11.021    24.269
   418.703    10.951    24.337
   418.805    10.951    24.407
   418.908    10.881    24.407
   419.009    10.881    24.475
   419.110    10.812    24.475
   419.211    10.812    24.544
   419.312    10.812    24.544
   419.413    10.812    24.612
   419.618    10.812    24.612
   419.720    10.742    24.682
   419.821    10.742    24.750
   419.923    10.742    24.750
   420.024    10.742    24.819
   420.129    10.673    24.819
   420.230    10.673    24.819
   420.333    10.673    24.887
   420.434    10.603    24.956
   420.535    10.603    25.025
   420.637    10.603    25.025
   420.738    10.533    25.025
   420.839    10.533    25.094
   420.940    10.533    25.094
   421.041    10.533    25.163
   421.141    10.463    25.231
   421.241    10.463    25.300
   421.341    10.393    25.369
   421.441    10.393    25.369
   421.541    10.393    25.438
   421.641    10.393    25.438
   421.741    10.323    25.438
   424.061    10.323    25.438
   424.163    10.323    25.506
   424.264    10.323    25.506
   424.365    10.254    25.506
   424.874    10.254    25.506
   424.976    10.254    25.575
   425.078    10.184    25.575
   425.381    10.184    25.575
   425.482    10.114    25.575
   426.092    10.114    25.575
   426.193    10.114    25.506
   426.293    10.184    25.438
   426.394    10.254    25.369
   426.496    10.254    25.369
   426.598    10.323    25.300
   426.700    10.323    25.300
   426.801    10.323    25.231
   427.005    10.323    25.231
   427.105    10.393    25.163
   428.016    10.393    25.163
   428.116    10.393    25.300
   428.217    10.393    25.438
   428.317    10.323    25.506
   428.417    10.323    25.644
   428.516    10.323    25.850
   428.617    10.323    25.919
   428.717    10.323    26.125
   428.817    10.323    26.263
   428.916    10.323    26.469
   429.017    10.323    26.538
   429.116    10.393    26.675
   429.217    10.393    26.675
   429.319    10.463    26.744
   429.421    10.463    26.881
   429.521    10.463    26.950
   429.621    10.533    27.087
   429.721    10.533    27.225
   429.821    10.533    27.362
   429.921    10.533    27.432
   430.021    10.533    27.500
   430.121    10.463    27.637
   430.221    10.463    27.637
   430.320    10.393    27.706
   431.024    10.393    27.706
   431.125    10.393    27.775
   433.655    10.393    27.775
   433.755    10.323    27.981
   433.855    10.254    28.188
   433.955    10.254    28.325
   434.055    10.184    28.325
   434.154    10.114    28.394
   434.355    10.114    28.394
   434.455    10.044    28.463
   434.554     9.975    28.531
   434.655     9.975    28.531
   434.756     9.905    28.600
   435.060     9.905    28.600
   435.162     9.836    28.669
   435.263     9.766    28.875
   435.366     9.696    29.013
   435.467     9.626    29.150
   435.568     9.556    29.219
   435.668     9.556    29.288
   435.768     9.486    29.425
   435.869     9.486    29.494
   437.876     9.486    29.494
   437.976     9.417    29.631
   438.077     9.277    29.837
   438.178     9.207    30.112
   438.278     9.138    30.182
   438.378     9.068    30.250
   438.480     8.929    30.387
   438.581     8.789    30.525
   438.682     8.719    30.662
   438.783     8.719    30.731
   438.883     8.649    30.800
   438.983     8.580    30.938
   439.083     8.440    30.938
   439.783     8.440    30.938
   439.883     8.440    31.006
   439.983     8.231    31.075
   440.083     7.952    31.144
   440.183     7.882    31.213
   440.284     7.882    31.213
   440.385     7.812    31.213
   440.486     7.812    31.213
   440.587     7.673    31.213
   440.688     7.463    31.213
   440.789     7.394    31.213
   440.890     7.255    31.213
   440.991     7.185    31.213
   441.092     7.115    31.213
   441.194     6.975    31.213
   441.295     6.906    31.213
   441.396     6.836    31.144
   441.497     6.626    31.075
   441.599     6.348    30.869
   441.701     6.278    30.869
   441.801     6.208    30.800
   441.902     6.138    30.800
   442.004     6.069    30.731
   442.105     6.069    30.731
   442.206     6.069    30.662
   442.713     6.069    30.662
   442.816     6.069    30.594
   443.222     6.069    30.594
   443.326     6.069    30.457
   443.629     6.069    30.457
   443.731     6.138    30.457
   443.831     6.138    30.387
   445.255     6.138    30.387
   445.358     6.138    30.250
   445.459     6.138    30.182
   445.562     6.138    30.044
   445.662     6.138    30.044
   445.764     6.208    29.975
   446.168     6.208    29.975
   446.269     6.208    29.906
   446.371     6.208    29.906
   446.472     6.208    29.837
   446.572     6.208    29.769
   446.672     6.208    29.700
   447.072     6.208    29.700
   447.172     6.208    29.906
   447.272     6.208    30.112
   447.371     6.208    30.182
   447.472     6.208    30.250
   447.572     6.208    30.387
   447.671     6.208    30.387
   447.772     6.278    30.457
   447.873     6.418    30.457
   447.973     6.487    30.457
   448.073     6.557    30.457
   448.275     6.557    30.457
   448.375     6.626    30.457
   448.475     6.766    30.457
   448.576     6.836    30.457
   448.776     6.836    30.457
   448.876     7.045    30.457
   448.977     7.115    30.457
   449.078     7.185    30.457
   449.179     7.255    30.457
   449.279     7.255    30.457
   449.379     7.394    30.525
   449.478     7.394    30.662
   449.579     7.394    30.731
   449.680     7.463    30.731
   449.782     7.463    30.800
   449.881     7.463    30.938
   449.982     7.533    31.075
   450.082     7.603    31.350
   450.182     7.673    31.488
   450.282     7.673    31.556
   450.382     7.673    31.556
   450.482     7.673    31.625
   450.582     7.743    31.763
   450.682     7.812    31.900
   450.782     7.812    31.969
   450.882     7.812    32.175
   450.983     7.882    32.244
   451.083     7.882    32.313
   451.184     7.952    32.381
   451.285     7.952    32.450
   451.385     8.022    32.519
   451.486     8.161    32.725
   451.588     8.231    32.794
   451.690     8.231    32.932
   451.791     8.370    33.000
   451.892     8.440    33.069
   451.993     8.649    33.207
   452.094     8.789    33.207
   452.195     8.859    33.275
   452.297     8.999    33.344
   452.397     9.138    33.481
   452.499     9.347    33.619
   452.600     9.417    33.756
   453.413     9.417    33.756
   453.516     9.347    33.756
   453.617     9.347    33.756
   453.719     9.277    33.756
   453.820     9.207    33.756
   453.922     9.207    33.687
   454.227     9.207    33.687
   454.328     9.347    33.687
   454.429     9.626    33.756
   454.530     9.696    33.825
   454.631     9.836    33.894
   454.732     9.975    33.894
   456.865     9.975    33.894
   456.969     9.975    33.825
   457.070     9.975    33.756
   457.171    10.044    33.687
   457.272    10.184    33.550
   457.576    10.184    33.550
   457.679    10.254    33.412
   457.780    10.393    33.275
   457.882    10.393    33.207
   457.983    10.393    33.137
   458.085    10.393    33.069
   458.186    10.533    32.932
   458.287    10.673    32.725
   458.388    10.812    32.656
   458.490    11.021    32.450
   458.590    11.091    32.244
   458.690    11.091    32.106
   458.790    11.230    32.038
   458.890    11.300    31.831
   458.990    11.370    31.763
   459.090    11.440    31.694
   459.190    11.440    31.625
   459.290    11.510    31.556
   459.390    11.510    31.488
   459.491    11.579    31.488
   459.591    11.649    31.350
   459.692    11.649    31.213
   459.791    11.649    31.006
   459.892    11.649    30.938
   459.993    11.649    30.731
   460.094    11.649    30.594
   460.195    11.649    30.457
   460.295    11.649    30.457
   460.396    11.649    30.387
   460.497    11.719    30.319
   460.596    11.719    30.250
   460.697    11.719    30.182
   460.796    11.719    30.182
   460.898    11.719    30.112
   460.998    11.579    29.975
   461.098    11.510    29.837
   462.604    11.510    29.837
   462.704    11.510    29.769
   462.804    11.510    29.563
   462.904    11.440    29.425
   463.004    11.440    29.356
   463.105    11.440    29.288
   463.205    11.440    29.219
   463.305    11.440    29.219
   463.406    11.440    29.150
   463.507    11.370    29.081
   463.609    11.370    29.013
   463.710    11.370    29.013
   463.810    11.370    28.944
   463.910    11.370    28.944
   464.010    11.300    28.875
   464.110    11.300    28.806
   464.210    11.300    28.806
   464.310    11.300    28.738
   464.409    11.230    28.600
   464.510    11.160    28.463
   464.610    10.951    28.325
   464.710    10.881    28.188
   464.810    10.881    28.119
   465.212    10.881    28.119
   465.314    10.881    28.050
   466.216    10.881    28.050
   466.316    10.742    27.913
   466.417    10.742    27.844
   466.520    10.673    27.775
   466.619    10.673    27.775
   466.720    10.673    27.637
   466.820    10.673    27.500
   466.921    10.673    27.225
   467.021    10.603    27.157
   467.122    10.533    27.087
   467.222    10.533    27.019
   467.322    10.463    26.950
   467.422    10.463    26.881
   467.522    10.393    26.606
   467.622    10.393    26.538
   467.723    10.393    26.469
   467.823    10.393    26.400
   467.923    10.323    26.194
   468.024    10.323    26.125
   468.125    10.323    26.056
   468.224    10.184    25.850
   468.325    10.184    25.781
   468.426    10.114    25.575
   468.527     9.975    25.369
   468.628     9.975    25.300
   468.830     9.975    25.300
   468.931     9.905    25.300
   469.631     9.905    25.300
   469.731     9.836    25.231
   470.031     9.836    25.231
   470.132     9.766    25.231
   470.335     9.766    25.231
   470.437     9.766    25.163
   484.140     9.766    25.163
   484.240     9.766    25.094
   484.340     9.626    25.025
   484.441     9.626    24.887
   484.542     9.556    24.887
   484.642     9.556    24.819
   484.744     9.556    24.750
   484.845     9.486    24.682
   484.945     9.486    24.612
   485.048     9.417    24.544
   485.149     9.347    24.407
   485.253     9.277    24.337
   485.356     9.207    24.269
   485.457     9.207    24.200
   485.561     9.138    24.200
   485.663     8.999    24.062
   485.764     8.929    24.062
   485.865     8.929    23.994
   486.169     8.929    23.994
   486.271     8.859    23.925
   486.677     8.859    23.925
   486.779     8.789    23.856
   487.389     8.789    23.856
   487.489     8.719    23.856
   488.708     8.719    23.856
   488.808     8.649    23.788
   489.911     8.649    23.788
   490.011     8.580    23.788
   492.036     8.580    23.788
   492.137     8.510    23.788
   492.341     8.510    23.788
   492.444     8.510    23.719
   495.483     8.510    23.719
   495.584     8.440    23.719
   495.685     8.370    23.650
   495.785     8.370    23.650
   495.886     8.301    23.581
   495.987     8.231    23.581
   496.088     8.092    23.513
   496.189     8.022    23.444
   496.391     8.022    23.444
   496.492     7.952    23.375
   496.593     7.882    23.375
   497.407     7.882    23.375
   497.507     7.812    23.375
   497.609     7.812    23.306
   498.220     7.812    23.306
   498.323     7.743    23.306
   498.933     7.743    23.306
   499.033     7.812    23.238
   499.136     7.952    23.238
   499.236     7.952    23.100
   499.338     8.022    23.031
   499.438     8.022    23.031
   499.541     8.092    22.963
   499.642     8.161    22.963
   499.844     8.161    22.963
   499.945     8.231    22.825
   501.964     8.231    22.825
   502.066     8.161    22.825
   502.166     8.092    22.825
   502.268     8.092    22.825
   502.369     8.022    22.894
   502.570     8.022    22.894
   502.670     7.952    22.894
   502.771     7.952    22.963
   504.076     7.952    22.963
   504.178     7.812    22.963
   504.279     7.673    23.031
   504.379     7.603    23.031
   504.479     7.533    23.031
   504.580     7.463    23.031
   504.680     7.394    23.100
   504.780     7.324    23.169
   504.880     7.255    23.238
   504.980     7.255    23.306
   505.081     7.185    23.306
   505.181     7.185    23.306
   505.282     7.185    23.375
   505.482     7.185    23.375
   505.582     7.115    23.444
   505.684     7.115    23.513
   505.785     7.115    23.513
   505.886     7.115    23.581
   505.988     7.115    23.581
   506.089     7.115    23.650
   506.191     7.115    23.650
   506.293     7.045    23.719
   506.394     7.045    23.788
   508.300     7.045    23.788
   508.400     6.975    23.856
   508.500     6.975    23.925
   508.601     6.975    23.925
   508.701     6.975    23.994
   508.802     6.975    23.994
   508.902     6.906    23.994
   509.002     6.906    23.994
   509.102     6.906    24.062
   510.313     6.906    24.062
   510.413     6.906    24.132
   510.613     6.906    24.132
   510.713     6.836    24.132
   510.813     6.836    24.132
   510.913     6.836    24.200
   511.113     6.836    24.200
   511.213     6.836    24.269
   511.314     6.766    24.337
   511.415     6.766    24.407
   511.516     6.696    24.407
   512.025     6.696    24.407
   512.125     6.626    24.407
   513.240     6.626    24.407
   513.342     6.626    24.475
   513.441     6.626    24.475
   513.542     6.557    24.475
   513.942     6.557    24.475
   514.041     6.487    24.475
   515.147     6.487    24.475
   515.248     6.487    24.407
   515.348     6.487    24.337
   516.666     6.487    24.337
   516.766     6.487    24.269
   516.867     6.557    24.269
   516.969     6.626    24.200
   517.069     6.696    24.132
   517.172     6.696    24.062
   517.273     6.766    23.994
   517.373     6.836    23.994
   517.475     6.906    23.856
   517.575     6.906    23.788
   517.983     6.906    23.788
   518.085     6.906    23.719
   518.288     6.906    23.719
   518.388     6.975    23.719
   519.399     6.975    23.719
   519.499     6.906    23.719
   519.600     6.836    23.788
   519.700     6.766    23.856
   519.800     6.766    23.856
   519.900     6.766    23.925
   520.001     6.696    23.925
   520.302     6.696    23.925
   520.403     6.696    23.994
   521.513     6.696    23.994
   521.613     6.696    24.062
   522.013     6.696    24.062
   522.114     6.766    24.062
   522.213     6.836    23.994
   522.314     6.836    23.925
   522.513     6.836    23.925
   522.615     6.836    23.856
   522.716     6.836    23.719
   522.817     6.906    23.719
   522.917     6.906    23.719
   523.018     6.906    23.788
   523.118     6.906    23.856
   523.520     6.906    23.856
   523.620     6.975    23.788
   523.720     7.045    23.788
   523.820     7.045    23.719
   524.222     7.045    23.719
   524.322     7.045    23.650
   524.423     6.975    23.581
   524.626     6.975    23.581
   524.727     6.906    23.581
   524.828     6.906    23.856
   524.928     6.906    23.856
   525.028     6.906    23.925
   525.830     6.906    23.925
   525.930     6.975    23.856
   526.030     7.045    23.788
   526.131     7.115    23.788
   526.232     7.115    23.719
   526.333     7.185    23.719
   526.434     7.115    23.719
   526.534     6.975    23.856
   526.635     6.975    23.856
   526.736     6.975    23.925
   526.836     6.975    23.925
   526.937     7.045    23.925
   527.037     7.045    23.925
   527.137     7.185    23.925
   527.237     7.324    23.856
   527.337     7.394    23.856
   527.438     7.533    23.788
   527.538     7.603    23.581
   527.638     7.673    23.581
   527.738     7.673    23.581
   527.838     7.812    23.513
   527.939     7.882    23.513
   528.039     7.952    23.513
   528.139     8.161    23.513
   528.240     8.231    23.581
   528.342     8.231    23.650
   528.443     8.161    23.650
   528.745     8.161    23.650
   528.845     8.092    23.650
   529.550     8.092    23.650
   529.650     8.092    23.513
   531.758     8.092    23.513
   531.859     8.231    23.375
   531.962     8.231    23.169
   532.166     8.231    23.169
   532.268     8.161    23.238
   533.585     8.161    23.238
   533.685     8.092    23.238
   533.785     8.022    23.238
   533.885     7.952    23.169
   533.985     7.952    23.100
   534.086     7.952    23.031
   534.386     7.952    23.031
   534.486     7.952    22.963
   534.586     7.952    22.894
   534.685     7.952    22.825
   534.786     8.022    22.825
   534.886     8.022    22.756
   534.986     8.161    22.756
   535.088     8.231    22.756
   535.188     8.301    22.619
   535.290     8.370    22.619
   535.391     8.370    22.619
   535.493     8.231    22.688
   535.594     8.161    22.756
   535.998     8.161    22.756
   536.100     8.092    22.756
   536.201     8.092    22.756
   536.302     8.022    22.825
   536.404     7.952    22.825
   536.913     7.952    22.825
   537.016     7.952    22.894
   537.119     7.952    22.894
   537.220     7.882    22.963
   537.325     7.882    23.031
   537.426     7.882    23.031
   537.528     7.812    23.100
   537.629     7.812    23.169
   538.543     7.812    23.169
   538.645     7.812    23.238
   539.051     7.812    23.238
   539.153     7.743    23.306
   543.867     7.743    23.306
   543.967     7.743    23.238
   553.739     7.743    23.238
   553.841     7.673    23.169
   561.390     7.673    23.169
   561.491     7.603    23.169
   561.592     7.603    23.238
   561.693     7.533    23.306
   561.793     7.533    23.306
   561.894     7.533    23.375
   561.994     7.533    23.444
   562.094     7.463    23.581
   562.294     7.463    23.581
   562.394     7.463    23.650
   562.895     7.463    23.650
   562.995     7.463    23.581
   563.396     7.463    23.581
   563.497     7.533    23.581
   563.597     7.533    23.581
   563.697     7.603    23.581
   563.797     7.603    23.513
   567.936     7.603    23.513
   568.038     7.673    23.513
   568.140     7.673    23.444
   568.341     7.673    23.444
   568.443     7.743    23.444
   568.746     7.743    23.444
   568.846     7.812    23.444
   569.048     7.812    23.444
   569.149     7.812    23.513
   569.250     7.812    23.513
   569.350     7.882    23.581
   569.450     7.882    23.581
   569.550     7.952    23.581
   569.650     7.952    23.581
   569.750     7.952    23.650
   569.850     8.022    23.650
   569.950     8.092    23.650
   570.652     8.092    23.650
   570.752     8.161    23.719
   570.853     8.161    23.719
   570.954     8.231    23.719
   571.056     8.231    23.788
   571.156     8.440    23.925
   571.258     8.510    23.925
   571.359     8.510    23.994
   571.461     8.580    23.994
   571.562     8.649    23.994
   571.663     8.649    23.994
   571.766     8.719    23.994
   571.968     8.719    23.994
   572.070     8.789    24.062
   573.085     8.789    24.062
   573.186     8.859    24.062
   573.287     8.929    24.132
   573.388     8.999    24.132
   573.489     8.999    24.200
   573.590     9.068    24.200
   573.895     9.068    24.200
   573.998     9.138    24.200
   574.099     9.207    24.269
   574.303     9.207    24.269
   574.405     9.277    24.269
   574.506     9.277    24.269
   574.607     9.347    24.337
   574.708     9.347    24.407
   574.809     9.486    24.407
   574.912     9.556    24.475
   575.115     9.556    24.475
   575.216     9.626    24.475
   575.318     9.696    24.544
   575.828     9.696    24.544
   575.929     9.766    24.544
   576.537     9.766    24.544
   576.639     9.836    24.544
   577.958     9.836    24.544
   578.058     9.696    24.475
   578.162     9.696    24.475
   578.263     9.696    24.407
   578.364     9.696    24.337
   579.680     9.696    24.337
   579.781     9.766    24.337
   579.883     9.905    24.337
   579.985    10.044    24.337
   580.087    10.114    24.337
   580.187    10.184    24.407
   580.288    10.323    24.544
   580.390    10.393    24.750
   580.492    10.463    24.819
   580.594    10.463    24.887
   580.695    10.603    25.025
   580.797    10.603    25.094
   580.898    10.603    25.163
   581.000    10.603    25.438
   581.101    10.603    25.713
   581.202    10.603    25.850
   581.302    10.603    25.919
   581.403    10.673    26.125
   581.503    10.742    26.331
   581.604    10.742    26.400
   581.703    10.742    26.400
   581.803    10.812    26.469
   581.904    10.812    26.469
   582.003    10.881    26.538
   582.103    10.881    26.675
   582.206    10.881    26.881
   582.306    10.881    27.087
   582.406    10.951    27.225
   582.507    10.951    27.362
   582.608    10.951    27.569
   582.708    10.881    27.706
   582.809    10.881    27.913
   582.909    10.881    28.119
   583.008    10.881    28.463
   583.108    10.881    28.669
   583.209    10.812    28.806
   583.309    10.742    28.944
   583.409    10.673    29.081
   583.508    10.603    29.150
   583.608    10.533    29.288
   583.708    10.533    29.425
   583.809    10.393    29.631
   583.909    10.184    29.975
   584.009    10.044    30.182
   584.110    10.044    30.250
   584.211     9.975    30.319
   585.533     9.975    30.319
   585.635    10.254    30.457
   585.736    10.742    30.869
   585.837    10.881    31.075
   585.938    11.160    31.281
   586.040    11.300    31.488
   586.548    11.300    31.488
   586.650    11.370    31.488
   586.750    11.370    31.556
   586.850    11.440    31.556
   587.150    11.440    31.556
   587.250    11.440    31.625
   587.350    11.649    31.900
   587.450    11.719    32.038
   587.550    11.719    32.038
   587.650    11.788    32.175
   587.749    11.788    32.313
   587.850    11.858    32.313
   593.890    11.858    32.313
   593.990    11.928    32.313
   605.586    11.928    32.313
   605.686    11.928    32.381
   605.886    11.928    32.381
   605.987    11.997    32.381
   606.087    11.997    32.381
   606.186    11.997    32.450
   606.288    12.067    32.450
   606.388    12.067    32.450
   606.487    12.137    32.450
   606.588    12.207    32.519
   606.689    12.277    32.588
   606.790    12.347    32.656
   606.891    12.347    32.656
   606.991    12.416    32.725
   607.091    12.556    32.794
   607.191    12.625    32.862
   636.820    12.625    32.862
   636.921    12.486    32.862
   637.020    12.416    32.794
   637.121    12.347    32.794
   639.427    12.347    32.794
   639.528    12.347    32.862
   642.737    12.347    32.862
   642.837    12.207    32.862
   642.937    12.137    32.862
   643.138    12.137    32.862
   643.239    12.137    32.794
   643.340    12.137    32.725
   645.573    12.137    32.725
   645.675    12.137    32.794
   645.776    12.137    32.862
   645.878    12.207    32.862
   646.286    12.207    32.862
   646.387    12.137    32.862
   646.488    12.137    32.862
   646.588    12.067    32.794
   646.690    12.067    32.725
   646.791    12.067    32.656
   646.894    12.067    32.588
   646.995    11.997    32.519
   647.400    11.997    32.519
   647.500    11.997    32.450
   647.801    11.997    32.450
   647.901    11.997    32.381
   648.002    11.997    32.381
   648.102    11.928    32.313
   648.203    11.928    32.244
   648.303    11.928    32.175
   648.404    11.928    32.106
   648.504    11.928    32.038
   649.107    11.928    32.038
   649.207    11.928    32.106
   649.307    11.928    32.106
   649.407    11.928    32.175
   650.712    11.928    32.175
   650.812    11.997    32.175
   650.913    11.997    32.175
   651.014    11.997    32.244
   651.114    11.997    32.244
   651.214    12.067    32.244
   653.021    12.067    32.244
   653.123    12.067    32.313
   653.223    12.137    32.313
   653.323    12.137    32.313
   653.423    12.137    32.381
   660.295    12.137    32.381
   660.396    12.207    32.450
   668.206    12.207    32.450
   668.307    12.137    32.450
   668.408    12.067    32.450
   668.510    12.067    32.450
   668.609    11.997    32.450
   668.709    11.858    32.450
   668.809    11.788    32.450
   668.909    11.579    32.450
   669.009    11.440    32.519
   669.110    11.370    32.519
   669.209    11.300    32.588
   669.309    11.230    32.588
   669.411    11.160    32.656
   669.511    11.160    32.656
   669.612    11.091    32.725
   669.712    11.091    32.862
   669.822    11.091    33.000
   669.922    11.091    33.000
   670.023    11.091    33.069
   670.525    11.091    33.069
   670.624    11.160    33.069
   670.725    11.160    33.137
   670.825    11.160    33.137
   670.926    11.230    33.137
   671.026    11.230    33.207
   671.126    11.300    33.207
   671.227    11.440    33.207
   671.327    11.510    33.207
   671.427    11.510    33.207
   671.528    11.510    33.275
   671.628    11.579    33.275
   671.830    11.579    33.275
   671.932    11.579    33.207
   672.034    11.649    33.137
   672.438    11.649    33.137
   672.539    11.579    33.069
   672.640    11.579    33.069
   672.741    11.510    33.069
   672.841    11.510    32.932
   673.145    11.510    32.932
   673.246    11.579    32.932
   673.348    11.579    32.932
   673.453    11.579    32.862
   673.553    11.579    32.862
   673.655    11.579    32.794
   673.756    11.579    32.725
   673.857    11.579    32.656
   673.957    11.579    32.656
   674.057    11.649    32.656
   676.068    11.649    32.656
   676.168    11.300    32.656
   676.268    11.021    32.725
   676.368    10.951    32.725
   676.668    10.951    32.725
   676.769    11.021    32.725
   676.869    11.160    32.725
   676.968    11.300    32.725
   677.170    11.300    32.725
   677.271    11.230    32.725
   677.475    11.230    32.725
   677.575    11.160    32.725
   677.775    11.160    32.725
   677.876    11.091    32.725
   678.378    11.091    32.725
   678.478    11.021    32.862
   678.578    10.951    33.137
   678.679    10.881    33.207
   678.778    10.812    33.275
   678.880    10.742    33.344
   678.980    10.603    33.412
   679.082    10.603    33.481
   679.182    10.533    33.481
   680.183    10.533    33.481
   680.284    10.463    33.412
   680.485    10.463    33.412
   680.586    10.393    33.344
   687.131    10.393    33.344
   687.232    10.393    33.412
   690.747    10.393    33.412
   690.848    10.393    33.481
   690.948    10.393    33.481
   691.049    10.393    33.550
   691.150    10.393    33.619
   691.251    10.393    33.687
   691.352    10.393    33.756
   691.452    10.393    33.756
   691.554    10.323    33.825
   702.429    10.323    33.825
   702.529    10.323    33.894
   703.031    10.323    33.894
   703.133    10.323    33.963
   703.234    10.323    33.963
   703.337    10.323    34.031
   703.541    10.323    34.031
   703.642    10.323    34.100
   711.193    10.323    34.100
   711.293    10.323    34.169
   734.129    10.323    34.169
   734.230    10.323    34.238
   734.331    10.254    34.238
   738.063    10.254    34.238
   738.163    10.254    34.306
   738.264    10.254    34.306
   738.364    10.254    34.375
   738.463    10.254    34.375
   738.563    10.254    34.444
   738.663    10.323    34.444
   739.167    10.323    34.444
   739.267    10.323    34.513
   739.367    10.323    34.513
   739.467    10.323    34.581
   739.867    10.323    34.581
   739.969    10.323    34.650
   746.420    10.323    34.650
   746.522    10.393    34.650
   747.828    10.393    34.650
   747.929    10.393    34.719
   748.531    10.393    34.719
   748.633    10.463    34.719
   751.050    10.463    34.719
   751.151    10.533    34.719
   751.250    10.603    34.719
   751.351    10.603    34.719
   751.451    10.673    34.719
   752.452    10.673    34.719
   752.552    10.742    34.719
   753.460    10.742    34.719
   753.560    10.812    34.719
   753.860    10.812    34.719
   753.960    10.881    34.788
   754.761    10.881    34.788
   754.862    10.951    34.788
   755.368    10.951    34.788
   755.469    11.021    34.788
   755.571    11.021    34.788
   755.672    11.091    34.788
   755.774    11.160    34.856
   755.875    11.230    34.925
   755.976    11.300    34.994
   756.077    11.440    35.063
   756.178    11.440    35.131
   756.280    11.510    35.131
   756.381    11.510    35.200
   756.482    11.579    35.200
   756.583    11.579    35.200
   756.684    11.649    35.200
   756.785    11.719    35.200
   759.614    11.719    35.200
   759.713    11.858    35.131
   759.814    11.997    35.131
   765.258    11.997    35.131
   765.359    12.067    35.131
   765.460    12.137    35.063
   765.661    12.137    35.063
   765.762    12.207    35.063
   765.864    12.277    35.063
   767.081    12.277    35.063
   767.182    12.277    35.131
   767.284    12.277    35.200
   767.385    12.207    35.200
   767.588    12.207    35.200
   767.691    12.207    35.269
   773.167    12.207    35.269
   773.268    12.277    35.269
   773.369    12.347    35.269
   773.470    12.416    35.269
   773.672    12.416    35.269
   773.773    12.486    35.200
   773.889    12.486    35.200
   773.976    12.556    35.200
   774.787    12.556    35.200
   774.888    12.556    35.131
   774.989    12.556    35.131
   775.089    12.625    35.131
   775.289    12.625    35.131
   775.389    12.625    35.063
   775.690    12.625    35.063
   775.790    12.695    35.063
   775.990    12.695    35.063
   776.091    12.695    34.994
   776.191    12.695    34.994
   776.291    12.765    34.994
   776.997    12.765    34.994
   777.099    12.625    35.131
   777.200    12.556    35.131
   777.402    12.556    35.131
   777.505    12.486    35.200
   778.315    12.486    35.200
   778.417    12.486    35.269
   778.525    12.486    35.269
   778.626    12.486    35.338
   779.436    12.486    35.338
   779.537    12.556    35.338
   779.638    12.556    35.338
   779.740    12.625    35.338
   779.841    12.625    35.338
   779.943    12.625    35.269
   780.046    12.695    35.200
   780.146    12.904    35.131
   780.248    13.184    34.994
   780.348    13.253    34.925
   780.451    13.393    34.925
   780.552    13.462    34.856
   780.654    13.671    34.788
   780.756    14.021    34.650
   780.859    14.230    34.513
   780.960    14.230    34.513
   781.062    14.300    34.513
   781.167    14.439    34.513
   781.268    14.439    34.444
   781.371    14.508    34.444
   781.472    14.578    34.375
   781.572    14.788    34.375
   781.672    15.067    34.169
   781.772    15.137    34.100
   781.872    15.276    34.100
   781.972    15.345    34.100
   782.071    15.485    34.031
   782.172    16.113    33.756
   782.272    16.183    33.756
   782.372    16.113    33.825
   782.472    16.252    33.894
   782.572    16.532    33.894
   782.672    16.532    33.894
   782.771    16.741    33.825
   782.872    16.950    33.687
   782.973    17.089    33.619
   783.075    17.089    33.619
   783.176    17.089    33.550
   783.277    17.299    33.481
   783.378    17.438    33.412
   783.480    17.508    33.412
   783.581    17.648    33.412
   783.682    17.926    33.207
   783.783    18.415    33.000
   783.884    18.624    32.862
   783.985    18.624    32.862
   784.087    18.555    32.862
   784.188    18.485    32.862
   787.010    18.485    32.862
   787.111    18.555    32.862
   787.211    18.694    32.932
   787.311    18.694    33.000
   788.018    18.694    33.000
   788.118    18.624    33.000
   788.220    18.555    33.000
   788.322    18.485    32.932
   788.823    18.485    32.932
   788.923    18.415    32.932
   790.130    18.415    32.932
   790.230    18.485    32.932
   790.330    18.624    32.862
   790.430    18.833    32.862
   790.530    18.903    32.862
   790.631    19.043    32.932
   790.732    19.252    33.000
   790.833    19.392    33.137
   790.934    19.670    33.344
   791.034    19.949    33.619
   791.135    20.089    33.687
   791.235    20.299    33.825
   791.335    20.507    33.894
   791.436    20.647    34.100
   791.536    20.786    34.306
   791.637    20.856    34.513
   791.737    20.926    34.719
   791.840    21.066    34.788
   791.940    21.066    34.925
   792.039    21.136    35.338
   792.141    21.205    35.681
   792.242    21.275    35.750
   792.342    21.275    35.819
   792.443    21.344    36.162
   792.544    21.344    36.232
   792.645    21.344    36.369
   792.746    21.205    36.644
   792.847    21.136    36.850
   792.946    21.066    36.988
   793.047    21.066    37.056
   793.147    21.066    37.194
   793.247    20.926    37.400
   793.348    20.856    37.606
   794.253    20.856    37.606
   794.353    20.786    37.606
   794.762    20.786    37.606
   794.864    20.786    37.675
   794.966    20.786    37.744
   795.067    20.786    37.744
   795.169    20.786    37.813
   795.273    20.717    38.088
   795.373    20.577    38.431
   795.475    20.507    38.569
   795.575    20.438    38.706
   795.679    20.229    39.050
   795.779    20.089    39.187
   795.879    20.089    39.187
   795.979    20.089    39.325
   800.815    20.089    39.325
   800.915    20.019    39.325
   805.833    20.019    39.325
   805.933    20.019    39.462
   806.033    19.949    39.531
   806.133    19.949    39.600
   806.233    19.880    39.600
   806.333    19.880    39.600
   806.434    19.810    39.600
   806.534    19.810    39.669
   806.635    19.810    39.738
   806.735    19.740    39.875
   806.835    19.740    40.081
   806.936    19.740    40.288
   807.037    19.740    40.356
   807.946    19.740    40.356
   808.046    19.740    40.288
   808.548    19.740    40.288
   808.649    19.740    40.219
   809.355    19.740    40.219
   809.456    19.670    40.219
   809.559    19.670    40.219
   809.660    19.670    40.150
   810.267    19.670    40.150
   810.368    19.740    40.150
   810.469    19.880    40.288
   810.571    20.019    40.288
   810.672    20.019    40.356
   810.773    20.089    40.563
   810.876    20.229    40.838
   810.977    20.299    41.113
   811.077    20.299    41.113
   811.179    20.229    41.113
   811.282    20.229    41.113
   811.384    20.229    41.250
   811.485    20.299    41.388
   811.889    20.299    41.388
   811.990    20.229    41.319
   812.090    20.507    41.044
   812.190    20.717    40.975
   812.291    20.786    40.975
   812.391    21.066    40.975
   812.491    21.275    40.975
   812.591    21.484    40.906
   812.690    21.554    40.906
   812.791    21.763    40.769
   812.891    21.973    40.769
   812.992    22.042    40.769
   813.091    22.182    40.769
   813.192    22.530    40.769
   813.292    22.670    40.769
   813.393    22.949    40.906
   813.494    23.228    40.975
   813.598    23.437    40.975
   813.699    23.647    40.975
   813.802    23.856    40.975
   813.902    23.925    40.975
   814.004    24.204    40.906
   814.106    24.274    40.906
   814.206    24.484    40.769
   814.308    24.623    40.769
   814.409    24.693    40.769
   814.509    24.902    40.769
   814.612    25.111    40.769
   814.713    25.181    40.769
   814.916    25.181    40.769
   815.017    25.181    40.700
   815.323    25.181    40.700
   815.426    25.111    40.700
   815.831    25.111    40.700
   815.932    25.181    40.631
   817.953    25.181    40.631
   818.053    25.251    40.631
   818.153    25.251    40.631
   818.254    25.321    40.631
   819.266    25.321    40.631
   819.368    25.321    40.563
   821.490    25.321    40.563
   821.590    25.390    40.494
   821.689    25.390    40.494
   821.790    25.460    40.494
   821.990    25.460    40.494
   822.090    25.460    40.563
   822.192    25.460    40.631
   822.297    25.390    40.631
   822.395    25.321    40.631
   822.495    25.251    40.631
   822.697    25.251    40.631
   822.800    25.251    40.700
   822.901    25.251    40.700
   823.004    25.181    40.700
   823.105    25.181    40.769
   825.133    25.181    40.769
   825.234    25.251    40.769
   825.335    25.390    40.700
   825.538    25.390    40.700
   825.639    25.460    40.700
   825.740    25.530    40.700
   825.842    25.669    40.700
   825.943    26.088    40.700
   826.348    26.088    40.700
   826.449    26.158    40.700
   826.550    26.158    40.700
   826.651    26.227    40.700
   826.754    26.297    40.700
   826.854    26.506    40.631
   826.955    26.715    40.425
   827.057    26.995    40.150
   827.160    27.064    40.081
   827.261    27.134    40.013
   827.564    27.134    40.013
   827.665    27.204    40.013
   827.767    27.274    39.944
   827.868    27.413    39.875
   827.969    27.552    39.738
   828.072    27.622    39.669
   828.173    27.622    39.669
   828.275    27.413    39.738
   828.376    27.343    39.806
   828.476    27.343    39.806
   828.577    27.343    39.669
   828.681    27.343    39.600
   828.781    27.343    39.462
   828.884    27.343    39.325
   828.986    27.343    39.187
   829.087    27.343    39.187
   829.188    27.274    39.119
   829.290    27.134    38.982
   829.390    27.064    38.912
   829.491    27.064    38.844
   829.592    27.064    38.637
   829.695    26.925    38.569
   829.795    26.925    38.569
   829.897    26.925    38.500
   829.998    26.925    38.500
   830.100    27.064    38.569
   830.200    27.134    38.844
   830.302    27.064    38.912
   830.403    27.064    38.982
   830.504    27.204    38.982
   830.604    27.413    39.050
   830.705    27.413    39.119
   830.804    27.413    39.187
   830.905    27.413    39.187
   831.006    27.343    39.187
   831.106    27.343    39.187
   831.206    27.343    39.119
   831.305    27.343    39.050
   831.709    27.343    39.050
   831.812    27.343    38.982
   831.913    27.343    38.912
   832.013    27.343    38.844
   832.218    27.343    38.844
   832.319    27.413    38.844
   832.822    27.413    38.844
   832.922    27.343    38.912
   833.022    27.343    39.050
   833.122    27.413    39.050
   833.222    27.483    39.050
   833.622    27.483    39.050
   833.723    27.483    38.982
   833.823    27.483    38.912
   833.923    27.483    38.844
   834.023    27.483    38.844
   834.126    27.552    38.706
   835.133    27.552    38.706
   835.233    27.552    38.637
   835.333    27.483    38.637
   836.336    27.483    38.637
   836.440    27.483    38.706
   836.744    27.483    38.706
   836.845    27.413    38.775
   836.945    27.413    38.844
   837.045    27.413    38.844
   837.145    27.413    38.912
   837.245    27.483    38.912
   837.345    27.483    38.982
   837.445    27.552    39.050
   837.545    27.622    39.050
   837.645    27.762    39.119
   837.745    27.832    39.187
   837.844    27.901    39.257
   837.945    28.111    39.394
   838.045    28.320    39.462
   838.146    28.459    39.600
   838.246    28.668    39.669
   838.348    28.948    39.669
   838.450    29.157    39.738
   839.565    29.157    39.738
   839.666    29.226    39.738
   839.768    29.505    39.875
   839.870    29.715    39.875
   839.970    30.064    40.013
   840.071    30.412    40.013
   840.174    30.482    40.013
   840.275    30.482    40.081
   840.377    30.622    40.150
   840.483    30.761    40.219
   840.584    30.970    40.219
   840.685    31.040    40.219
   840.786    31.040    40.219
   840.887    31.179    40.219
   840.988    31.179    40.150
   841.089    31.249    40.081
   841.190    31.319    40.081
   841.291    31.459    39.944
   841.391    31.529    39.875
   841.491    31.529    39.875
   841.592    31.598    39.875
   841.692    31.598    39.875
   841.793    31.598    39.806
   842.093    31.598    39.806
   842.193    31.598    39.875
   842.294    31.529    40.013
   842.495    31.529    40.013
   842.595    31.529    40.219
   842.695    31.529    40.356
   842.795    31.598    40.425
   842.895    31.807    40.769
   842.996    32.016    41.181
   843.097    32.016    41.250
   843.197    31.947    41.319
   843.297    31.947    41.525
   843.397    32.016    41.594
   843.497    32.016    41.800
   843.597    32.156    41.869
   843.697    32.435    42.144
   843.798    32.505    42.144
   844.001    32.505    42.144
   844.102    32.575    42.212
   844.203    32.575    42.350
   844.304    32.644    42.419
   844.405    32.714    42.487
   844.505    33.063    42.625
   844.605    33.412    42.763
   844.705    33.412    42.763
   844.805    32.993    42.694
   845.006    32.993    42.694
   845.105    32.993    42.763
   845.206    32.993    42.831
   846.820    32.993    42.831
   846.924    32.993    42.900
   847.025    32.993    42.900
   847.126    32.923    42.969
   847.833    32.923    42.969
   847.934    32.923    42.900
   848.954    32.923    42.900
   849.055    32.853    42.900
   849.157    32.784    42.900
   849.259    32.784    42.900
   849.363    32.644    42.900
   849.464    32.505    42.900
   849.565    32.226    42.900
   849.666    31.738    42.969
   849.767    31.668    43.038
   849.868    31.598    43.038
   849.969    31.389    43.038
   850.070    31.319    43.038
   850.173    31.249    43.038
   850.375    31.249    43.038
   850.475    31.319    43.038
   850.576    31.389    43.038
   850.677    31.389    43.038
   850.779    31.319    42.969
   850.880    31.249    42.900
   850.982    31.040    42.625
   851.083    30.970    42.556
   851.185    30.970    42.556
   851.286    31.040    42.556
   851.386    31.040    42.625
   851.785    31.040    42.625
   851.886    31.040    42.556
   853.992    31.040    42.556
   854.092    30.970    42.419
   854.194    30.970    42.281
   854.294    31.040    42.212
   854.394    31.179    42.144
   854.596    31.179    42.144
   854.696    31.179    42.075
   854.796    31.110    42.075
   854.896    31.179    41.937
   854.996    31.179    41.800
   855.097    31.179    41.662
   855.197    31.179    41.594
   855.297    31.110    41.456
   855.797    31.110    41.456
   855.898    31.040    41.456
   855.998    31.040    41.456
   856.099    31.040    41.388
   856.303    31.040    41.388
   856.404    31.040    41.319
   856.505    30.970    41.319
   856.606    30.970    41.250
   856.707    30.970    41.250
   856.809    30.901    41.181
   856.911    30.901    41.044
   857.013    30.831    40.975
   857.116    30.831    40.838
   857.217    30.831    40.769
   857.320    30.831    40.631
   857.421    30.970    40.356
   857.524    31.249    39.944
   857.627    31.319    39.875
   857.728    31.319    39.806
   857.829    31.319    39.738
   857.930    31.319    39.462
   858.031    31.319    39.394
   858.134    31.319    39.394
   858.238    31.459    39.119
   858.339    31.459    38.431
   858.440    31.389    38.294
   858.542    31.319    38.088
   858.646    31.319    37.813
   858.747    31.319    37.400
   858.848    31.389    36.988
   858.949    31.529    36.644
   859.049    31.598    36.369
   859.149    31.668    35.957
   859.249    31.529    35.406
   859.349    31.529    35.131
   859.449    31.529    34.925
   859.549    31.529    34.788
   859.649    31.598    34.444
   859.749    31.598    34.169
   859.850    31.598    33.756
   859.950    31.529    33.069
   860.050    31.459    32.450
   860.451    31.459    32.450
   860.552    31.389    32.381
   860.653    31.249    32.175
   860.755    31.040    31.900
   860.856    30.901    31.831
   860.957    30.901    31.831
   861.057    30.622    31.694
   861.157    30.133    31.556
   861.257    29.994    31.556
   861.357    29.785    31.419
   861.457    29.296    31.281
   861.559    28.878    31.144
   861.660    28.738    31.075
   861.761    28.668    31.075
   861.862    28.389    31.075
   861.962    28.041    31.075
   862.062    27.692    31.006
   862.164    26.995    30.800
   862.264    26.855    30.800
   862.365    26.785    30.662
   862.466    26.645    30.662
   862.567    26.437    30.662
   862.667    26.367    30.800
   862.767    26.297    30.869
   862.869    26.227    30.938
   862.969    26.158    30.938
   863.068    25.948    31.075
   863.168    25.739    31.144
   863.268    25.390    31.213
   863.370    25.251    31.213
   863.469    25.111    31.350
   863.571    24.553    31.488
   863.670    23.995    31.625
   863.773    23.925    31.694
   863.873    23.856    31.763
   863.973    23.647    31.900
   864.074    23.158    31.969
   864.176    23.088    32.106
   864.276    22.879    32.106
   864.377    22.530    32.106
   864.479    22.460    32.106
   864.580    22.321    32.106
   864.679    21.833    32.106
   864.780    21.275    32.106
   864.880    21.136    32.175
   864.980    20.996    32.175
   865.080    20.926    32.106
   865.180    20.717    31.763
   865.279    20.577    31.625
   865.380    20.089    31.419
   865.481    19.043    31.075
   865.581    19.043    31.075
   865.682    19.043    30.800
   865.782    18.973    30.662
   865.884    18.833    30.387
   865.985    18.694    30.319
   866.088    18.485    30.182
   866.189    17.857    29.975
   866.291    17.648    29.906
   866.393    17.508    29.769
   866.494    17.229    29.631
   866.594    16.881    29.494
   866.696    16.532    29.288
   866.798    16.252    29.081
   866.900    16.183    29.013
   867.001    16.183    29.013
   867.101    16.113    28.806
   867.201    15.974    28.669
   867.302    15.904    28.531
   867.402    15.763    28.463
   867.502    15.625    28.325
   867.602    15.345    28.188
   867.702    15.137    28.119
   867.802    14.997    27.981
   867.902    14.788    27.844
   868.002    14.648    27.706
   868.101    14.508    27.500
   868.201    14.439    27.432
   868.302    14.369    27.432
   868.403    14.090    27.432
   868.504    13.602    27.432
   868.604    13.253    27.500
   868.706    13.184    27.432
   868.807    13.044    27.294
   870.312    13.044    27.294
   870.413    13.114    27.294
   870.513    13.184    27.294
   870.613    13.184    27.362
   870.813    13.184    27.362
   870.913    13.114    27.432
   871.014    13.044    27.432
   871.114    12.974    27.432
   871.315    12.974    27.432
   871.415    12.974    27.500
   871.515    12.486    27.844
   871.614    12.067    28.050
   871.717    11.719    28.256
   871.818    10.533    28.600
   871.918    10.393    28.600
   872.020    10.323    28.669
   872.120    10.323    28.669
   872.221    10.254    28.738
   872.321     9.975    28.738
   872.420     9.975    28.738
   872.521     9.905    28.738
   872.621     9.626    28.944
   872.722     9.277    29.150
   872.822     9.207    29.150
   872.923     9.138    29.425
   873.023     9.138    29.700
   873.123     8.789    30.112
   873.223     8.649    30.182
   873.324     8.440    30.250
   873.424     8.301    30.250
   873.524     8.092    30.457
   873.625     7.743    30.525
   873.726     7.533    30.662
   873.826     7.185    30.800
   873.927     7.045    30.938
   874.028     6.906    30.938
   874.130     6.557    31.006
   874.230     6.348    31.006
   874.330     5.999    31.006
   874.430     5.720    31.075
   874.530     5.022    31.281
   874.630     4.464    31.350
   874.731     4.395    31.419
   874.931     4.395    31.419
   875.031     4.255    31.419
   875.132     4.115    31.281
   875.232     4.045    31.144
   875.332     3.976    31.075
   875.431     3.906    30.938
   875.533     3.697    30.594
   875.634     3.488    30.250
   875.735     3.418    30.044
   875.835     3.348    29.975
   875.935     3.348    29.837
   876.034     3.278    29.700
   876.135     3.208    29.563
   876.236     3.208    29.494
   876.336     3.208    29.631
   876.436     3.348    29.700
   876.536     3.558    29.494
   876.636     3.627    29.288
   876.736     3.488    29.081
   876.836     3.488    29.013
   876.937     3.488    28.944
   877.037     3.488    28.944
   877.138     3.488    29.013
   878.643     3.488    29.013
   878.743     3.488    29.081
   880.448     3.488    29.081
   880.549     3.558    29.356
   880.649     3.697    29.563
   880.750     3.697    29.700
   880.851     3.697    29.837
   880.952     3.627    30.112
   881.053     3.558    30.250
   881.153     3.558    30.319
   881.252     3.558    30.319
   881.353     3.488    30.319
   882.153     3.488    30.319
   882.254     3.488    30.250
   882.968     3.488    30.250
   883.069     3.488    30.182
   887.712     3.488    30.182
   887.813     3.488    30.112
   888.118     3.488    30.112
   888.219     3.558    30.112
   888.320     3.837    30.112
   888.421     4.115    30.044
   888.522     4.464    30.044
   888.623     4.882    30.182
   888.724     5.232    30.250
   888.825     5.511    30.250
   888.926     5.929    30.250
   889.027     6.138    30.319
   889.131     6.348    30.387
   889.234     6.418    30.387
   889.538     6.418    30.387
   889.639     6.487    30.319
   889.741     6.696    30.182
   889.843     6.766    30.182
   889.944     6.906    30.250
   890.046     6.975    30.250
   890.148     7.255    30.319
   890.251     7.533    30.319
   890.352     8.092    30.319
   890.452     8.440    30.319
   890.552     8.649    30.319
   890.652     9.277    30.319
   890.752     9.486    30.319
   890.852     9.696    30.319
   890.952    10.393    30.319
   891.052    10.812    30.182
   891.152    11.230    29.975
   891.252    11.510    29.700
   891.352    11.858    29.494
   891.451    12.347    29.219
   891.552    12.625    29.150
   891.652    12.834    29.013
   891.753    13.114    28.875
   891.853    13.532    28.669
   891.953    13.811    28.531
   892.053    14.648    28.119
   892.153    14.858    27.981
   892.253    14.858    27.981
   892.354    14.927    27.981
   892.453    15.276    27.844
   892.553    15.485    27.637
   892.653    15.485    27.569
   892.753    15.625    27.500
   892.853    15.763    27.294
   892.953    16.043    27.019
   893.053    16.113    26.950
   893.153    16.183    26.950
   893.254    16.252    26.950
   893.354    16.532    27.019
   893.454    16.671    27.019
   893.554    16.950    27.019
   893.654    17.159    27.019
   893.754    17.369    27.019
   893.854    17.578    27.087
   893.954    17.996    27.087
   894.054    18.206    27.157
   894.155    18.345    27.225
   894.256    18.485    27.294
   894.357    18.485    27.362
   894.557    18.485    27.362
   894.658    18.345    27.362
   894.758    18.275    27.294
   894.858    18.275    27.225
   894.959    18.275    27.225
   895.059    18.275    27.157
   895.160    18.275    27.157
   895.260    18.345    27.157
   895.360    18.485    27.225
   895.460    18.763    27.294
   895.560    18.903    27.362
   895.660    18.903    27.362
   895.760    18.903    27.432
   895.860    18.903    27.432
   895.960    18.973    27.500
   896.060    19.112    27.569
   896.161    19.252    27.637
   896.262    19.392    27.706
   896.363    19.461    27.775
   896.463    19.461    27.844
   896.563    19.461    27.913
   896.663    19.531    27.981
   896.864    19.531    27.981
   896.964    19.531    28.050
   897.064    19.601    28.119
   897.265    19.601    28.119
   897.365    19.601    28.188
   898.170    19.601    28.188
   898.271    19.740    28.256
   898.371    19.740    28.325
   898.472    19.810    28.394
   898.573    19.880    28.463
   899.876    19.880    28.463
   899.977    20.019    28.600
   900.078    20.159    28.669
   900.181    20.368    28.806
   900.284    20.717    29.013
   900.384    20.786    29.150
   900.485    20.926    29.219
   900.788    20.926    29.219
   900.890    21.066    29.219
   900.990    21.205    29.288
   901.092    21.275    29.425
   901.192    21.344    29.563
   901.293    21.554    29.700
   901.395    21.763    29.837
   901.597    21.763    29.837
   901.699    21.833    29.837
   901.801    21.903    29.975
   901.901    22.182    30.250
   902.001    22.600    30.525
   902.101    22.810    30.662
   902.202    22.949    30.800
   902.302    23.019    30.869
   902.403    23.228    31.006
   902.503    23.367    31.075
   902.905    23.367    31.075
   903.006    23.367    31.144
   903.208    23.367    31.144
   903.310    23.367    31.213
   904.120    23.367    31.213
   904.221    23.437    31.350
   904.324    23.437    31.488
   904.425    23.437    31.694
   904.527    23.437    31.831
   904.628    23.437    31.969
   904.729    23.367    32.106
   904.830    23.297    32.244
   904.932    23.297    32.381
   905.032    23.297    32.450
   905.135    23.367    32.519
   905.236    23.437    32.656
   905.339    23.437    32.725
   905.441    23.507    32.862
   905.542    23.507    32.932
   905.645    23.507    33.000
   906.354    23.507    33.000
   906.455    23.577    33.069
   906.556    23.647    33.344
   906.657    23.786    33.756
   906.757    23.856    33.894
   906.857    23.925    34.031
   906.957    23.995    34.100
   907.057    23.995    34.169
   907.157    24.065    34.238
   907.257    24.134    34.375
   907.357    24.204    34.444
   907.457    24.274    34.513
   907.557    24.344    34.650
   907.657    24.414    34.650
   907.757    24.484    34.719
   907.858    24.484    34.719
   907.959    24.484    34.788
   908.059    24.553    34.788
   908.159    24.553    34.856
   908.261    24.693    34.994
   908.361    24.832    35.131
   909.968    24.832    35.131
   910.069    24.902    35.131
   910.170    24.971    35.063
   910.271    25.251    34.925
   910.372    25.390    34.788
   910.472    25.530    34.719
   910.573    25.739    34.581
   910.673    25.739    34.581
   910.773    25.739    34.513
   910.873    25.739    34.513
   910.973    25.739    34.581
   911.073    25.948    34.650
   911.173    25.948    34.650
   911.273    25.948    34.719
   911.674    25.948    34.719
   911.775    26.018    34.719
   914.294    26.018    34.719
   914.394    26.088    34.719
   914.595    26.088    34.719
   914.696    26.227    34.719
   914.998    26.227    34.719
   915.099    26.367    34.856
   915.201    26.576    35.063
   915.302    26.576    35.131
   915.708    26.576    35.131
   915.809    26.576    35.200
   915.910    26.645    35.406
   916.014    26.785    35.681
   916.115    26.855    35.819
   916.216    26.925    35.957
   916.317    27.134    36.025
   916.418    27.134    36.094
   916.519    27.204    36.094
   916.819    27.204    36.094
   916.919    27.343    36.094
   917.019    27.413    36.094
   917.323    27.413    36.094
   917.423    27.413    36.162
   917.524    27.413    36.232
   917.624    27.483    36.232
   917.724    27.483    36.232
   917.825    27.622    36.300
   917.926    27.622    36.300
   918.027    27.692    36.300
   918.129    27.692    36.232
   918.230    27.762    36.162
   918.331    27.832    36.162
   918.432    27.832    36.094
   918.533    27.901    35.957
   918.633    27.971    35.819
   918.735    27.971    35.819
   918.835    28.041    35.819
   919.039    28.041    35.819
   919.140    28.041    35.750
   919.341    28.041    35.750
   919.444    28.111    35.750
   919.952    28.111    35.750
   920.054    28.181    35.750
   920.157    28.181    35.681
   920.258    28.181    35.681
   920.360    28.250    35.681
   920.865    28.250    35.681
   920.968    28.181    35.819
   921.069    28.181    35.887
   921.373    28.181    35.887
   921.473    28.250    35.957
   922.782    28.250    35.957
   922.884    28.320    35.887
   922.984    28.320    35.819
   923.085    28.320    35.750
   923.187    28.389    35.681
   923.288    28.389    35.613
   923.491    28.389    35.613
   923.592    28.459    35.750
   923.795    28.459    35.750
   923.895    28.389    35.750
   923.996    28.320    35.681
   924.096    28.250    35.681
   924.196    28.250    35.613
   924.296    28.181    35.613
   924.496    28.181    35.613
   924.597    27.971    35.613
   924.696    27.901    35.544
   924.797    27.901    35.544
   924.897    27.762    35.544
   924.998    27.692    35.406
   925.098    27.622    35.406
   925.199    27.622    35.406
   925.300    27.483    35.338
   925.400    27.343    35.269
   925.500    27.204    35.269
   925.601    27.064    35.131
   925.702    27.064    35.131
   925.804    26.925    35.063
   925.906    26.855    34.994
   926.007    26.715    34.994
   926.108    26.506    34.856
   926.210    26.297    34.788
   926.311    26.297    34.788
   926.412    26.297    34.719
   927.222    26.297    34.719
   927.324    26.227    34.719
   927.726    26.227    34.719
   927.827    26.158    34.719
   927.928    26.018    34.650
   928.028    26.018    34.581
   928.429    26.018    34.581
   928.529    25.948    34.581
   928.629    25.948    34.650
   928.729    25.878    34.650
   928.831    25.878    34.650
   928.931    25.739    34.650
   929.433    25.739    34.650
   929.534    25.669    34.650
   929.635    25.460    34.650
   930.136    25.460    34.650
   930.236    25.390    34.650
   930.336    25.390    34.650
   930.437    25.321    34.650
   930.538    25.251    34.650
   930.639    25.181    34.650
   930.740    25.181    34.650
   930.841    25.111    34.650
   930.942    25.041    34.650
   931.044    24.902    34.719
   931.552    24.902    34.719
   931.651    24.832    34.719
   932.051    24.832    34.719
   932.151    24.763    34.719
   932.252    24.693    34.719
   932.351    24.623    34.788
   932.451    24.623    34.788
   932.551    24.623    34.856
   932.652    24.553    34.856
   932.751    24.553    34.925
   932.952    24.553    34.925
   933.053    24.553    34.994
   933.154    24.553    35.063
   933.255    24.484    35.131
   933.359    24.414    35.269
   933.460    24.344    35.406
   933.562    24.274    35.544
   933.663    24.134    35.681
   933.765    23.995    35.957
   933.866    23.925    35.957
   933.968    23.925    36.094
   934.070    23.856    36.232
   934.170    23.856    36.437
   934.272    23.786    36.575
   934.372    23.716    36.713
   934.473    23.716    36.713
   934.574    23.786    36.919
   934.676    23.856    37.194
   934.776    23.925    37.331
   934.877    23.995    37.469
   934.977    24.065    37.606
   935.078    24.065    37.606
   935.177    24.134    37.675
   935.278    24.134    37.744
   935.478    24.134    37.744
   935.578    24.134    37.813
   935.679    24.204    37.950
   935.779    24.204    38.019
   938.004    24.204    38.019
   938.106    24.344    38.019
   938.207    24.414    38.019
   938.308    24.414    38.019
   938.409    24.484    38.019
   938.510    24.484    38.019
   938.610    24.553    38.019
   938.712    24.553    38.088
   938.813    24.623    38.088
   940.130    24.623    38.088
   940.230    24.623    38.156
   940.330    24.693    38.225
   940.429    24.693    38.431
   940.530    24.763    38.569
   940.630    24.902    38.775
   940.730    24.902    38.844
   941.437    24.902    38.844
   941.540    24.971    38.844
   941.641    24.971    38.844
   941.742    25.111    38.844
   941.843    25.111    38.775
   945.363    25.111    38.775
   945.464    25.181    38.775
   945.566    25.181    38.844
   945.668    25.181    38.912
   945.769    25.321    38.912
   945.870    25.390    38.982
   945.971    25.530    38.982
   946.072    25.600    38.982
   946.274    25.600    38.982
   946.375    25.669    38.982
   946.476    25.739    38.982
   946.577    25.808    38.982
   946.678    25.878    38.982
   946.779    25.948    38.982
   946.882    26.018    38.982
   946.983    26.018    39.050
   947.085    26.088    39.050
   947.289    26.088    39.050
   947.390    25.948    39.050
   947.491    25.739    38.912
   947.592    25.390    38.706
   947.693    25.181    38.569
   949.010    25.181    38.569
   949.114    25.181    38.637
   949.215    25.181    38.706
   950.827    25.181    38.706
   950.926    25.181    38.775
   952.141    25.181    38.775
   952.245    25.251    38.844
   952.346    25.251    38.982
   952.449    25.251    38.982
   952.550    25.321    38.982
   952.651    25.321    39.050
   954.662    25.321    39.050
   954.766    25.321    39.187
   954.868    25.460    39.325
   954.971    25.669    39.531
   955.071    25.739    39.600
   955.173    25.739    39.669
   955.274    25.739    39.669
   955.375    25.808    39.738
   955.478    25.808    39.806
   955.578    25.878    39.944
   955.681    25.948    40.081
   955.782    25.948    40.150
   955.884    26.018    40.219
   956.293    26.018    40.219
   956.394    26.158    40.219
   956.495    26.367    40.219
   956.598    26.506    40.356
   956.699    26.576    40.425
   956.800    26.645    40.494
   956.902    26.715    40.494
   957.002    26.785    40.494
   957.104    27.134    40.700
   957.204    27.413    40.769
   957.307    27.622    40.906
   957.410    27.832    40.906
   957.510    27.901    40.906
   957.612    28.111    40.906
   957.713    28.181    40.906
   957.815    28.459    40.975
   957.916    28.529    41.044
   958.017    28.668    41.044
   958.118    28.738    41.044
   958.219    28.808    40.975
   958.724    28.808    40.975
   958.825    28.948    40.906
   960.247    28.948    40.906
   960.348    28.948    40.838
   960.754    28.948    40.838
   960.855    28.878    40.838
   961.972    28.878    40.838
   962.073    28.808    40.975
   962.173    28.808    41.044
   962.276    28.808    41.113
   962.779    28.808    41.113
   962.879    28.738    41.113
   962.979    28.738    41.113
   963.078    28.668    41.113
   963.479    28.668    41.113
   963.579    28.668    41.044
   963.679    28.668    41.044
   963.779    28.738    41.044
   965.688    28.738    41.044
   965.788    28.738    40.975
   965.889    28.808    40.906
   965.989    28.808    40.769
   966.089    28.878    40.700
   966.189    28.878    40.631
   966.289    28.878    40.631
   966.390    28.878    40.563
   966.489    28.948    40.563
   966.589    28.948    40.563
   966.689    29.018    40.563
   967.092    29.018    40.563
   967.192    29.157    40.494
   967.394    29.157    40.494
   967.494    29.226    40.494
   967.895    29.226    40.494
   967.995    29.226    40.563
   968.798    29.226    40.563
   968.898    29.296    40.563
   969.198    29.296    40.563
   969.300    29.366    40.563
   969.600    29.366    40.563
   969.700    29.366    40.494
   969.799    29.366    40.494
   969.900    29.366    40.425
   970.000    29.366    40.356
   970.102    29.436    40.356
   970.202    29.505    40.425
   970.302    29.575    40.425
   970.402    29.785    40.425
   970.503    29.924    40.356
   970.604    30.133    40.219
   970.705    30.133    40.081
   970.805    30.133    40.081
   970.905    30.203    40.013
   971.007    30.412    39.944
   971.109    30.552    39.875
   971.211    30.552    39.875
   971.311    30.412    40.013
   971.411    30.273    40.150
   971.511    30.273    40.150
   971.611    30.273    40.219
   971.711    30.273    40.288
   971.911    30.273    40.288
   972.011    30.412    40.219
   972.111    30.622    40.150
   972.211    30.761    40.150
   972.312    30.831    40.150
   972.412    30.970    40.288
   972.511    31.179    40.356
   972.611    31.529    40.425
   972.712    31.807    40.425
   972.812    31.877    40.494
   972.913    31.947    40.563
   973.015    32.226    40.769
   973.118    32.714    41.113
   973.219    32.853    41.250
   973.320    32.993    41.319
   973.421    33.133    41.456
   973.521    33.272    41.594
   973.623    33.482    41.732
   975.533    33.482    41.732
   975.634    33.551    41.732
   975.734    33.621    41.869
   975.834    33.760    41.937
   975.934    33.970    42.212
   976.034    34.040    42.281
   976.134    34.109    42.350
   978.141    34.109    42.350
   978.242    34.179    42.556
   978.342    34.249    42.694
   978.442    34.319    42.763
   978.544    34.319    42.763
   978.644    34.388    42.831
   978.744    34.388    42.900
   978.845    34.458    42.900
   978.946    34.597    42.969
   979.046    34.597    43.038
   979.148    34.667    43.038
   979.249    34.737    43.106
   979.349    34.807    43.106
   979.449    34.877    43.175
   979.549    34.877    43.175
   979.649    35.016    43.313
   979.750    35.225    43.381
   979.849    35.295    43.450
   979.949    35.365    43.450
   980.050    35.434    43.450
   980.150    35.504    43.519
   980.250    35.574    43.519
   980.349    35.783    43.657
   980.450    35.853    43.657
   980.550    35.923    43.725
   980.650    35.993    43.725
   980.750    36.063    43.725
   980.851    36.202    43.725
   980.952    36.271    43.725
   981.452    36.271    43.725
   981.552    36.341    43.725
   981.652    36.411    43.725
   981.752    36.481    43.657
   982.252    36.481    43.657
   982.353    36.620    43.588
   982.454    36.620    43.519
   982.555    36.690    43.450
   982.656    36.760    43.381
   982.756    37.039    43.175
   982.856    37.318    42.969
   982.956    37.457    42.900
   983.056    37.457    42.831
   983.157    37.527    42.831
   983.558    37.527    42.831
   983.658    37.597    42.831
   984.562    37.597    42.831
   984.662    37.597    42.900
   984.862    37.597    42.900
   984.962    37.597    42.969
   985.162    37.597    42.969
   985.262    37.667    43.038
   985.464    37.667    43.038
   985.566    37.736    43.038
   985.768    37.736    43.038
   985.868    37.667    43.038
   985.969    37.597    43.038
   986.070    37.318    43.038
   986.171    37.248    43.038
   986.271    37.178    43.038
   986.370    37.039    43.106
   986.471    36.900    43.244
   986.571    36.760    43.313
   986.671    36.760    43.381
   986.771    36.690    43.588
   986.871    36.690    43.657
   986.971    36.620    43.725
   987.272    36.620    43.725
   987.372    36.690    43.725
   987.775    36.690    43.725
   987.875    36.690    43.657
   987.977    36.760    43.657
   988.284    36.760    43.657
   988.385    36.830    43.588
   988.485    36.830    43.588
   988.586    36.900    43.588
   989.092    36.900    43.588
   989.193    36.900    43.313
   989.294    36.900    43.106
   989.394    36.969    42.969
   989.496    37.039    42.694
   989.598    37.039    42.075
   989.698    37.039    42.007
   989.799    37.039    41.937
   990.201    37.039    41.937
   990.301    36.969    41.662
   990.401    37.108    41.319
   990.501    37.108    41.319
   990.601    37.108    41.250
   990.701    37.039    40.906
   990.801    36.969    40.494
   990.901    36.900    40.013
   991.001    36.830    39.806
   991.102    36.690    39.669
   991.201    36.551    39.394
   991.302    36.481    39.257
   991.404    36.202    38.982
   991.504    36.063    38.775
   991.606    36.063    38.775
   991.707    35.923    38.706
   991.809    35.714    38.500
   991.910    35.504    38.225
   992.011    35.365    38.156
   992.113    35.225    38.088
   992.214    34.946    37.950
   992.314    34.667    37.813
   992.416    34.597    37.606
   992.516    34.458    37.538
   992.616    34.319    37.400
   992.716    34.040    37.263
   992.817    33.551    36.988
   992.916    33.551    36.988
   993.017    33.482    36.919
   993.118    33.342    36.850
   993.218    32.993    36.781
   993.318    32.784    36.781
   993.418    32.784    36.781
   993.518    32.714    36.781
   993.619    32.575    36.919
   993.719    32.435    36.988
   993.821    32.366    36.988
   994.022    32.366    36.988
   994.123    32.366    37.056
   995.235    32.366    37.056
   995.335    32.435    37.125
   995.736    32.435    37.125
   995.836    32.505    37.125
   995.936    32.575    37.056
   996.036    32.644    37.056
   996.136    32.714    36.988
   996.236    32.784    36.988
   997.241    32.784    36.988
   997.340    32.853    36.988
   997.441    32.853    37.056
   997.541    32.853    37.125
   997.641    32.853    37.125
   997.741    32.923    37.194
   997.840    32.923    37.263
   997.940    32.923    37.400
   998.041    32.853    37.400
   998.142    32.784    37.400
   998.243    32.784    37.469
  1016.276    32.784    37.469
  1016.377    32.853    37.469
  1017.790    32.853    37.469
  1017.891    32.853    37.538
  1018.806    32.853    37.538
  1018.908    32.853    37.606
  1019.009    32.923    37.675
  1019.111    32.923    37.744
  1019.212    32.923    37.813
  1019.313    32.923    37.813
  1019.414    32.923    37.881
  1019.518    32.853    37.881
  1019.618    32.784    37.950
  1019.722    32.784    37.950
  1019.823    32.714    38.019
  1019.926    32.644    38.019
  1020.026    32.575    38.088
  1020.130    32.505    38.225
  1020.232    32.435    38.363
  1020.332    32.366    38.500
  1020.434    32.296    38.569
  1020.535    32.226    38.637
  1021.245    32.226    38.637
  1021.346    32.226    38.706
  1023.264    32.226    38.706
  1023.364    32.156    38.706
  1023.464    32.156    38.706
  1023.564    32.016    38.637
  1023.664    31.947    38.569
  1023.764    31.877    38.500
  1023.864    31.877    38.431
  1026.986    31.877    38.431
  1027.088    31.947    38.363
  1027.190    32.016    38.363
  1027.594    32.016    38.363
  1027.695    32.016    38.294
  1027.797    31.947    38.294
  1027.898    31.877    38.294
  1028.205    31.877    38.294
  1028.307    31.807    38.363
  1028.408    31.738    38.431
  1028.509    31.668    38.431
  1028.610    31.598    38.431
  1030.011    31.598    38.431
  1030.111    31.598    38.500
  1030.822    31.598    38.500
  1030.924    31.529    38.500
  1031.025    31.389    38.569
  1031.126    31.319    38.569
  1031.227    31.179    38.637
  1031.329    31.110    38.706
  1031.430    31.040    38.706
  1032.142    31.040    38.706
  1032.244    31.040    38.775
  1032.447    31.040    38.775
  1032.548    31.040    38.844
  1032.649    30.970    38.844
  1032.750    30.970    38.912
  1032.853    30.970    38.982
  1033.562    30.970    38.982
  1033.663    30.901    38.982
  1033.765    30.901    39.050
  1033.866    30.761    39.050
  1033.969    30.692    39.050
  1034.070    30.622    39.050
  1034.171    30.552    39.119
  1034.575    30.552    39.119
  1034.692    30.482    39.119
  1035.303    30.482    39.119
  1035.404    30.482    39.187
  1035.506    30.412    39.257
  1035.609    30.412    39.325
  1035.710    30.342    39.325
  1035.813    30.342    39.394
  1035.916    30.342    39.394
  1036.017    30.273    39.462
  1036.119    30.203    39.531
  1036.220    30.203    39.531
  1036.321    30.203    39.600
  1052.689    30.203    39.600
  1052.790    30.203    39.669
  1052.891    30.273    39.806
  1052.992    30.273    39.806
  1053.092    30.342    39.875
  1054.900    30.342    39.875
  1055.002    30.412    39.875
  1058.757    30.412    39.875
  1058.857    30.342    39.875
  1058.962    30.203    39.875
  1059.062    30.133    39.875
  1059.163    30.133    39.875
  1059.264    29.994    39.875
  1059.365    29.855    39.875
  1059.467    29.785    39.875
  1059.568    29.715    39.875
  1059.669    29.645    39.875
  1059.770    29.645    39.944
  1059.870    29.575    39.944
  1059.973    29.575    40.013
  1060.074    29.505    40.013
  1060.175    29.505    40.081
  1060.277    29.436    40.081
  1060.378    29.366    40.150
  1060.479    29.226    40.219
  1060.580    29.087    40.356
  1060.682    28.808    40.563
  1060.784    28.529    40.769
  1060.886    28.459    40.838
  1060.987    28.389    40.906
  1061.089    28.320    40.975
  1061.190    28.250    41.113
  1061.290    28.111    41.250
  1061.390    27.971    41.525
  1061.490    27.832    41.869
  1061.590    27.762    41.937
  1061.890    27.762    41.937
  1061.990    27.762    42.075
  1062.090    27.692    42.075
  1062.190    27.692    42.144
  1062.291    27.692    42.281
  1062.391    27.692    42.350
  1062.490    27.692    42.419
  1062.591    27.692    42.487
  1062.794    27.692    42.487
  1062.895    27.622    42.487
  1064.004    27.622    42.487
  1064.104    27.552    42.487
  1064.204    27.552    42.556
  1064.304    27.552    42.556
  1064.404    27.552    42.625
  1065.011    27.552    42.625
  1065.112    27.483    42.763
  1065.213    27.483    42.900
  1065.518    27.483    42.900
  1065.620    27.413    42.969
  1065.722    27.413    43.038
  1065.824    27.413    43.106
  1066.125    27.413    43.106
  1066.225    27.413    43.175
  1066.325    27.413    43.175
  1066.425    27.483    43.244
  1066.525    27.483    43.381
  1066.625    27.552    43.450
  1066.725    27.552    43.519
  1066.825    27.622    43.725
  1066.926    27.692    44.000
  1067.026    27.762    44.069
  1068.649    27.762    44.069
  1068.750    27.762    44.138
  1068.851    27.762    44.275
  1068.952    27.762    44.275
  1069.054    27.762    44.344
  1069.455    27.762    44.344
  1069.555    27.762    44.412
  1069.655    27.762    44.481
  1069.755    27.762    44.550
  1069.855    27.762    44.619
  1070.055    27.762    44.619
  1070.155    27.832    44.619
  1070.255    27.832    44.687
  1070.356    27.832    44.757
  1070.457    27.901    44.757
  1070.557    27.901    44.894
  1070.658    27.901    44.894
  1070.759    27.901    44.962
  1071.259    27.901    44.962
  1071.359    27.971    45.032
  1071.459    28.041    45.169
  1071.559    28.041    45.237
  1071.660    28.041    45.306
  1071.761    28.041    45.375
  1072.265    28.041    45.375
  1072.366    28.041    45.444
  1073.279    28.041    45.444
  1073.380    28.041    45.513
  1074.493    28.041    45.513
  1074.593    28.041    45.581
  1075.498    28.041    45.581
  1075.599    28.041    45.513
  1075.699    28.041    45.306
  1075.799    27.901    45.169
  1075.899    27.762    44.962
  1076.000    27.692    44.687
  1076.102    27.622    44.687
  1076.204    27.622    44.619
  1076.304    27.622    44.619
  1076.405    27.552    44.550
  1076.506    27.552    44.481
  1076.606    27.552    44.412
  1076.906    27.552    44.412
  1077.007    27.483    44.344
  1077.308    27.483    44.344
  1077.409    27.413    44.412
  1077.509    27.413    44.412
  1077.610    27.343    44.481
  1077.710    27.274    44.550
  1079.636    27.274    44.550
  1079.737    27.204    44.757
  1079.838    27.204    45.032
  1079.940    27.134    45.032
  1080.541    27.134    45.032
  1080.642    27.064    45.032
  1081.748    27.064    45.032
  1081.849    27.064    45.169
  1081.949    27.134    45.306
  1082.149    27.134    45.306
  1082.249    27.204    45.306
  1082.349    27.204    45.306
  1082.449    27.274    45.375
  1082.549    27.274    45.444
  1082.648    27.343    45.513
  1082.748    27.413    45.581
  1082.849    27.413    45.650
  1082.950    27.413    45.719
  1083.051    27.483    45.788
  1083.155    27.483    45.788
  1083.256    27.483    45.857
  1083.361    27.552    45.994
  1083.462    27.552    46.063
  1083.564    27.622    46.063
  1083.665    27.622    46.131
  1083.766    27.622    46.131
  1083.867    27.692    46.200
  1083.968    27.692    46.200
  1084.069    27.692    46.269
  1084.476    27.692    46.269
