     0.711    11.300     2.819
     1.584    11.300     2.819
     1.685    11.370     2.819
    28.367    11.370     2.819
    28.468    11.300     2.819
   183.082    11.300     2.819
   183.183    11.230     2.819
   183.284    11.160     2.681
   183.385    11.160     2.681
   183.486    11.160     2.613
   183.587    11.160     2.613
   183.688    11.300     2.544
   183.789    11.300     2.544
   183.890    11.300     2.475
   183.990    11.300     2.475
   184.090    11.370     2.406
   184.190    11.370     2.406
   184.290    11.510     2.406
   184.590    11.510     2.406
   184.689    11.510     2.338
   185.092    11.510     2.338
   185.194    11.510     2.200
   185.296    11.440     2.200
   185.395    11.440     2.131
   186.300    11.440     2.131
   186.400    11.440     2.063
   186.501    11.510     1.994
   186.602    11.510     1.856
   186.703    11.510     1.788
   190.627    11.510     1.788
   190.727    11.579     1.788
   198.189    11.579     1.788
   198.290    11.649     1.856
   198.390    11.788     1.925
   198.491    11.788     1.925
   198.592    11.858     1.994
   198.692    11.928     1.994
   198.792    11.928     2.131
   198.893    11.858     2.200
   198.994    11.788     2.269
   199.095    11.788     2.338
   199.195    11.788     2.338
   199.295    11.719     2.475
   199.395    11.719     2.544
   199.495    11.649     2.613
   200.197    11.649     2.613
   200.297    11.021     3.094
   200.398    11.021     3.094
   200.500    11.091     3.094
   200.600    11.160     3.094
   200.803    11.160     3.094
   200.903    11.160     3.025
   201.106    11.160     3.025
   201.209    11.160     2.888
   201.310    11.160     2.750
   202.417    11.160     2.750
   202.517    11.160     2.819
   202.618    11.091     2.819
   208.818    11.091     2.819
   208.919    11.091     2.750
   212.158    11.091     2.750
   212.259    11.021     2.819
   212.361    10.951     2.888
   212.464    10.951     2.888
   212.565    10.951     2.956
   212.666    10.951     2.956
   212.767    10.881     2.956
   213.680    10.881     2.956
   213.781    10.951     3.231
   213.882    11.021     3.438
   213.983    11.021     3.575
   214.084    11.021     3.712
   214.185    11.021     3.850
   214.285    11.021     3.919
   214.602    11.021     3.919
   214.702    10.951     3.850
   214.802    10.951     3.782
   214.903    10.951     3.712
   215.204    10.951     3.712
   215.305    11.021     3.712
   215.406    11.021     3.712
   215.506    11.091     3.712
   216.409    11.091     3.712
   216.510    11.300     3.575
   216.611    11.649     3.506
   216.811    11.649     3.506
   216.913    11.719     3.575
   217.014    11.928     3.644
   217.417    11.928     3.644
   217.518    11.858     3.644
   218.326    11.858     3.644
   218.428    11.928     3.644
   219.930    11.928     3.644
   220.032    11.928     3.712
   220.536    11.928     3.712
   220.636    11.858     3.712
   223.148    11.858     3.712
   223.249    11.858     3.644
   223.348    11.997     3.575
   223.449    12.207     3.506
   223.550    12.277     3.506
   223.651    12.347     3.369
   223.752    12.486     3.300
   223.853    12.625     3.231
   223.955    12.695     3.163
   224.055    12.765     3.094
   224.156    12.834     3.094
   224.257    12.974     3.025
   224.459    12.974     3.025
   224.561    13.044     3.025
   224.661    13.184     3.025
   224.763    13.253     2.956
   225.466    13.253     2.956
   225.567    13.462     2.888
   225.667    13.671     2.750
   225.768    13.951     2.613
   225.868    14.230     2.475
   225.969    14.369     2.406
   226.069    14.718     2.269
   226.168    14.788     2.269
   226.269    14.858     2.269
   226.471    14.858     2.269
   226.572    14.997     2.200
   226.674    14.997     2.200
   226.775    14.997     2.131
   227.894    14.997     2.131
   227.994    14.997     2.063
   229.818    14.997     2.063
   229.919    15.067     2.063
   230.021    15.067     1.994
   235.753    15.067     1.994
   235.853    15.067     2.063
   236.658    15.067     2.063
   236.759    14.927     2.063
   236.861    14.648     2.131
   236.961    14.578     2.200
   237.062    14.439     2.269
   237.162    14.230     2.406
   237.262    14.090     2.544
   237.362    14.021     2.750
   237.462    14.021     2.819
   237.562    13.951     2.819
   237.663    13.951     2.819
   237.763    13.951     2.888
   238.064    13.951     2.888
   238.165    14.021     2.888
   238.569    14.021     2.888
   238.670    14.090     2.888
   238.873    14.090     2.888
   238.974    14.160     2.956
   240.788    14.160     2.956
   240.889    14.090     2.956
   242.199    14.090     2.956
   242.299    14.090     3.025
   242.502    14.090     3.025
   242.605    14.090     3.094
   243.415    14.090     3.094
   243.517    14.090     3.025
   247.863    14.090     3.025
   247.965    14.021     3.025
   249.790    14.021     3.025
   249.891    14.021     3.094
   249.992    14.021     3.094
   250.093    14.021     3.231
   250.195    14.021     3.369
   250.296    13.951     3.438
   250.397    13.951     3.438
   250.497    13.881     3.438
   250.599    13.881     3.438
   250.700    13.811     3.438
   250.801    13.741     3.438
   251.206    13.741     3.438
   251.307    13.811     3.438
   251.408    13.881     3.438
   251.914    13.881     3.438
   252.016    13.811     3.438
   252.426    13.811     3.438
   252.528    13.741     3.438
   252.831    13.741     3.438
   252.932    13.741     3.506
   253.033    13.741     3.506
   253.135    13.741     3.575
   253.235    13.811     3.712
   253.336    13.811     3.782
   253.437    13.951     3.987
   253.538    13.951     4.125
   253.741    13.951     4.125
   253.842    13.951     4.194
   253.943    14.021     4.194
   254.449    14.021     4.194
   254.550    13.951     4.194
   254.651    13.881     4.194
   254.751    13.881     4.125
   254.952    13.881     4.125
   255.052    13.811     4.057
   255.152    13.811     4.057
   255.253    13.811     3.987
   255.754    13.811     3.987
   255.855    13.741     3.987
   406.480    13.741     3.987
   406.580    13.741     3.919
   482.173    13.741     3.919
   482.273    13.811     3.850
   482.373    13.881     3.850
   482.473    13.951     3.850
   482.574    14.021     3.850
   482.675    14.090     3.850
   482.976    14.090     3.850
   483.077    14.160     3.850
   483.178    14.300     3.850
   483.280    14.439     3.850
   483.380    14.508     3.919
   503.881    14.508     3.919
   503.983    14.648     3.919
   504.083    14.788     3.850
   504.185    14.858     3.850
   504.386    14.858     3.850
   504.488    14.997     3.850
   504.589    15.206     3.850
   504.688    15.276     3.782
   506.398    15.276     3.782
   506.499    15.276     3.850
   508.409    15.276     3.850
   508.511    15.345     3.850
   508.612    15.415     3.850
   508.711    15.485     3.782
   508.812    15.555     3.782
   508.911    15.555     3.782
   509.012    15.625     3.712
   509.512    15.625     3.712
   509.612    15.695     3.782
   509.712    15.763     3.782
   509.813    15.763     3.850
   511.117    15.763     3.850
   511.217    15.763     3.919
   513.133    15.763     3.919
   513.235    15.834     3.919
   513.338    15.904     3.919
   513.439    15.974     3.987
   513.540    16.113     4.057
   513.641    16.113     4.125
   513.742    16.183     4.125
   513.944    16.183     4.125
   514.045    16.183     4.194
   514.146    16.252     4.194
   514.247    16.252     4.262
   514.348    16.322     4.331
   514.450    16.392     4.400
   514.551    16.392     4.469
   525.651    16.392     4.469
   525.751    16.322     4.469
   577.733    16.322     4.469
   577.833    16.392     4.469
   577.933    16.462     4.400
   578.033    16.462     4.400
   578.134    16.532     4.331
   578.234    16.601     4.331
   579.237    16.601     4.331
   579.337    16.671     4.331
   585.676    16.671     4.331
   585.776    16.671     4.262
   585.876    16.741     4.262
   608.113    16.741     4.262
   608.215    16.671     4.262
   608.315    16.601     4.262
   608.416    16.532     4.262
   608.517    16.392     4.125
   608.618    16.183     4.125
   608.719    15.974     4.125
   608.820    15.763     4.194
   608.921    15.625     4.262
   609.022    15.625     4.262
   609.123    15.625     4.400
   609.224    15.555     4.469
   609.326    15.555     4.606
   609.428    15.485     4.675
   609.528    15.485     4.744
   612.338    15.485     4.744
   612.438    15.415     4.744
   612.540    15.137     4.606
   612.640    14.997     4.538
   612.741    14.927     4.538
   612.843    14.858     4.469
   612.943    14.788     4.400
   615.879    14.788     4.400
   615.981    14.648     4.400
   616.082    14.648     4.331
   705.266    14.648     4.331
   705.366    14.718     4.400
   705.566    14.718     4.400
   705.666    14.788     4.400
   709.993    14.788     4.400
   710.093    14.788     4.469
   710.194    14.718     4.538
   710.294    14.718     4.606
   710.395    14.718     4.813
   710.495    14.718     4.881
   710.596    14.718     4.950
   710.697    14.718     5.019
   710.798    14.718     5.019
   710.899    14.648     5.019
   711.101    14.648     5.019
   711.201    14.648     5.088
   711.302    14.648     5.156
   711.403    14.648     5.156
   711.502    14.578     5.225
   711.602    14.578     5.294
   711.802    14.578     5.294
   711.902    14.508     5.294
   712.002    14.439     5.363
   712.102    14.300     5.431
   712.203    14.230     5.569
   712.302    14.160     5.638
   712.404    14.090     5.706
   712.505    14.090     5.844
   712.606    14.021     5.913
   712.707    14.021     5.981
   712.809    14.021     5.981
   712.911    13.951     6.050
   713.012    13.951     6.119
   713.315    13.951     6.119
   713.417    13.951     6.188
   713.519    13.951     6.256
   713.923    13.951     6.256
   714.024    13.951     6.325
   714.125    13.951     6.394
   714.226    13.951     6.394
   714.327    13.951     6.462
   714.429    13.951     6.462
   714.530    13.951     6.532
   714.630    13.951     6.532
   714.731    13.951     6.600
   714.833    13.881     6.737
   714.935    13.811     6.807
   715.239    13.811     6.807
   715.339    13.811     6.875
   715.441    13.741     6.944
   715.541    13.741     6.944
   715.643    13.741     7.012
   740.289    13.741     7.012
   740.390    13.741     6.944
   740.492    13.811     6.944
   740.593    13.881     6.875
   740.694    13.951     6.807
   740.795    13.951     6.807
   740.896    14.021     6.807
   785.528    14.021     6.807
   785.629    14.090     6.807
   811.640    14.090     6.807
   811.741    14.160     6.737
   811.841    14.369     6.669
   811.941    14.439     6.600
   812.345    14.439     6.600
   812.445    14.508     6.532
   812.547    14.508     6.532
   812.648    14.508     6.462
   812.749    14.508     6.462
   812.850    14.578     6.394
   812.950    14.648     6.394
   813.851    14.648     6.394
   813.951    14.718     6.394
   814.152    14.718     6.394
   814.253    14.788     6.394
   814.455    14.788     6.394
   814.556    14.858     6.325
   814.657    14.927     6.325
   815.872    14.927     6.325
   815.973    14.858     6.325
   816.074    14.788     6.325
   816.580    14.788     6.325
   816.681    14.788     6.394
   816.884    14.788     6.394
   816.989    14.718     6.394
   818.592    14.718     6.394
   818.692    14.718     6.462
   820.897    14.718     6.462
   820.998    14.718     6.394
   821.097    14.718     6.394
   821.198    14.718     6.325
   822.327    14.718     6.325
   822.418    14.648     6.325
   823.204    14.648     6.325
   823.304    14.648     6.394
   824.110    14.648     6.394
   824.210    14.648     6.325
   824.309    14.648     6.188
   824.410    14.648     6.050
   825.010    14.648     6.050
   825.109    14.578     6.050
   825.210    14.578     6.119
   825.309    14.578     6.188
   848.966    14.578     6.188
   849.066    14.578     6.256
   867.936    14.578     6.256
   868.036    14.578     6.325
  1019.836    14.578     6.325
  1019.937    14.508     6.325
  1020.038    14.439     6.325
  1020.138    14.369     6.325
  1020.240    14.369     6.325
  1020.340    14.300     6.325
  1020.440    14.300     6.325
  1020.540    14.230     6.325
  1020.939    14.230     6.325
  1021.040    14.160     6.325
  1021.240    14.160     6.325
  1021.341    14.090     6.325
  1021.541    14.090     6.325
  1021.641    14.021     6.325
  1021.743    14.021     6.325
  1021.843    13.951     6.325
  1021.943    13.951     6.325
  1022.043    13.881     6.325
  1022.143    13.881     6.394
  1022.243    13.811     6.394
  1022.343    13.671     6.462
  1022.443    13.671     6.462
  1022.543    13.602     6.462
  1023.345    13.602     6.462
  1023.444    13.602     6.532
  1023.646    13.602     6.532
  1023.748    13.532     6.600
  1023.850    13.462     6.600
  1023.951    13.393     6.737
  1024.052    13.393     6.807
  1024.153    13.393     6.875
  1024.254    13.323     6.875
  1024.355    13.323     6.944
  1024.455    13.323     7.012
  1024.557    13.323     7.082
  1024.657    13.323     7.150
  1024.759    13.323     7.287
  1024.861    13.323     7.356
  1026.076    13.323     7.356
  1026.177    13.323     7.494
  1026.278    13.323     7.631
  1026.379    13.393     7.700
  1026.583    13.393     7.700
  1026.683    13.393     7.769
  1026.785    13.393     7.906
  1026.886    13.393     7.975
  1037.357    13.393     7.975
  1037.458    13.393     7.906
  1040.192    13.393     7.906
  1040.292    13.393     7.838
  1041.197    13.393     7.838
  1041.298    13.323     7.838
  1041.399    13.323     7.769
  1041.500    13.253     7.769
  1042.102    13.253     7.769
  1042.202    13.184     7.769
  1042.302    13.184     7.769
  1042.402    13.114     7.769
  1042.503    13.044     7.769
  1042.703    13.044     7.769
  1042.804    13.044     7.838
  1042.904    13.044     7.975
  1043.408    13.044     7.975
  1043.509    12.974     7.975
  1044.314    12.974     7.975
  1044.414    12.904     7.906
  1044.914    12.904     7.906
  1045.014    12.974     7.906
  1045.114    13.114     7.906
  1045.214    13.184     7.906
  1045.323    13.323     7.906
  1045.425    13.323     7.975
  1046.434    13.323     7.975
  1046.535    13.253     7.906
  1046.635    13.184     7.906
  1046.735    13.184     7.769
  1046.836    13.184     7.769
  1046.936    13.114     7.769
  1047.036    13.114     7.700
  1047.136    13.114     7.631
  1047.236    13.114     7.563
  1047.336    13.114     7.494
  1047.537    13.114     7.494
  1047.637    13.114     7.425
  1047.738    13.184     7.425
  1048.139    13.184     7.425
  1048.240    13.253     7.356
  1048.340    13.253     7.356
  1048.441    13.253     7.287
  1048.541    13.323     7.219
  1048.641    13.323     7.082
  1048.741    13.323     7.012
  1049.142    13.323     7.012
  1049.242    13.393     7.012
  1049.341    13.462     6.944
  1049.442    13.462     6.875
  1049.642    13.462     6.875
  1049.743    13.462     6.807
  1049.842    13.532     6.807
  1049.943    13.532     6.737
  1050.044    13.532     6.737
  1050.145    13.602     6.807
  1050.246    13.671     6.875
  1050.347    13.741     6.944
  1050.449    13.741     7.012
  1050.550    13.741     7.082
  1050.651    13.741     7.150
  1050.853    13.741     7.150
  1050.954    13.741     7.219
  1051.055    13.811     7.219
  1051.461    13.811     7.219
  1051.561    13.671     7.287
  1051.663    13.532     7.287
  1051.764    13.532     7.287
  1051.865    13.532     7.219
  1051.965    13.532     7.150
  1052.065    13.532     7.150
  1052.165    13.532     7.082
  1052.766    13.532     7.082
  1052.867    13.462     7.082
  1053.371    13.462     7.082
  1053.472    13.462     7.012
  1053.572    13.462     7.012
  1053.672    13.462     6.944
  1054.275    13.462     6.944
  1054.375    13.532     6.944
  1054.475    13.532     6.875
  1054.574    13.602     6.875
  1054.675    13.671     6.875
  1054.774    13.671     6.875
  1054.875    13.671     6.737
  1054.976    13.741     6.600
  1055.079    13.811     6.600
  1055.179    13.951     6.532
  1055.580    13.951     6.532
  1055.680    13.881     6.462
  1055.780    13.811     6.462
  1055.880    13.811     6.394
  1055.980    13.811     6.394
  1056.080    13.741     6.394
  1056.582    13.741     6.394
  1056.683    13.741     6.462
  1056.785    13.741     6.462
  1056.886    13.741     6.532
  1056.986    13.811     6.532
  1057.087    13.811     6.600
  1057.187    13.811     6.600
  1057.287    13.741     6.600
  1057.389    13.671     6.532
  1057.488    13.602     6.462
  1057.989    13.602     6.462
  1058.089    13.532     6.462
  1058.291    13.532     6.462
  1058.390    13.393     6.532
  1058.492    13.393     6.600
  1059.913    13.393     6.600
  1060.014    13.393     6.669
  1062.638    13.393     6.669
  1062.738    13.462     6.669
  1193.707    13.462     6.669
  1193.808    13.323     6.600
  1193.909    13.253     6.325
  1194.011    13.253     6.256
  1194.111    13.184     6.256
  1194.212    13.184     6.188
  1194.318    13.114     6.050
  1194.420    13.114     6.050
  1194.521    13.044     5.981
  1194.622    12.974     5.913
  1194.723    12.765     5.706
  1194.824    12.416     5.431
  1194.925    12.067     5.363
  1195.026    11.649     5.363
  1195.127    11.300     5.431
  1195.227    10.951     5.363
  1195.329    10.673     5.294
  1195.432    10.184     5.225
  1195.533     9.975     5.225
  1195.635     9.905     5.225
  1195.736     9.836     5.225
  1195.837     9.696     5.294
  1195.938     9.486     5.294
  1196.039     9.277     5.294
  1196.141     9.207     5.294
  1196.242     9.207     5.294
  1196.343     9.068     5.294
  1196.444     8.859     5.294
  1196.545     8.649     5.294
  1196.646     8.370     5.225
  1196.747     8.231     5.225
  1196.848     8.161     5.156
  1196.949     8.092     5.156
  1197.049     7.882     5.156
  1197.150     7.603     5.156
  1197.251     7.394     5.294
  1197.352     7.185     5.363
  1197.451     7.115     5.363
  1197.552     6.975     5.363
  1197.652     6.696     5.363
  1197.753     6.418     5.569
  1197.852     6.208     5.638
  1198.458     6.208     5.638
  1198.561     6.069     5.638
  1198.662     5.859     5.569
  1198.763     5.789     5.569
  1198.864     5.789     5.569
  1198.965     5.650     5.638
  1199.067     5.441     5.706
  1199.168     5.301     5.775
  1199.269     5.232     5.775
  1199.471     5.232     5.775
  1199.572     4.882     5.775
  1199.674     4.813     5.775
  1199.775     4.813     5.775
  1199.876     4.743     5.844
  1199.977     4.603     5.981
  1200.078     4.464     6.050
  1200.179     4.325     6.050
  1200.281     4.185     6.119
  1200.382     4.045     6.119
  1200.483     3.976     6.119
  1200.584     3.837     6.119
  1200.685     3.627     6.188
  1200.786     3.558     6.256
  1200.886     3.418     6.256
  1200.987     3.348     6.256
  1201.087     3.208     6.325
  1201.187     3.139     6.325
  1201.287     3.139     6.325
  1201.387     3.000     6.325
  1201.487     2.930     6.325
  1201.587     2.860     6.256
  1202.493     2.860     6.256
  1202.593     2.790     6.256
  1202.693     2.651     6.188
  1202.793     2.581     6.188
  1203.594     2.581     6.188
  1203.695     2.371     6.188
  1203.794     2.302     6.188
  1204.097     2.302     6.188
  1204.198     2.162     6.188
  1204.299     1.884     6.119
  1204.400     1.884     6.119
  1204.501     1.814     6.119
  1206.711     1.814     6.119
  1206.812     1.744     6.256
  1206.913     1.674     6.394
  1207.015     1.674     6.600
  1207.116     1.674     6.807
  1207.216     1.674     6.875
  1208.131     1.674     6.875
  1208.233     1.674     6.807
  1209.249     1.674     6.807
  1209.350     1.744     6.737
  1209.550     1.744     6.737
  1209.674     1.814     6.737
  1209.750     1.814     6.737
  1209.850     1.884     6.669
  1210.450     1.884     6.669
  1210.551     1.814     6.600
  1210.651     1.814     6.600
  1210.751     1.744     6.532
  1211.759     1.744     6.532
  1211.859     1.674     6.462
  1211.959     1.604     6.394
  1212.462     1.604     6.394
  1212.562     1.604     6.462
  1212.663     1.674     6.532
  1212.765     1.674     6.669
  1212.865     1.744     6.669
  1212.966     1.744     6.737
  1213.067     1.744     6.807
  1213.881     1.744     6.807
  1213.982     1.744     6.737
  1215.101     1.744     6.737
  1215.202     1.744     6.807
  1215.304     1.744     6.807
  1215.405     1.744     6.875
  1215.810     1.744     6.875
  1215.910     1.744     6.944
  1216.010     1.744     6.944
  1216.110     1.744     7.012
  1216.209     1.744     7.012
  1216.311     1.744     7.150
  1216.411     1.674     7.150
  1216.511     1.674     7.150
  1216.611     1.604     7.150
  1222.539     1.604     7.150
  1222.640     1.604     7.082
  1228.894     1.604     7.082
  1228.995     1.534     7.012
  1229.095     1.534     6.944
  1229.196     1.534     6.875
  1229.295     1.465     6.875
  1229.395     1.465     6.807
  1229.699     1.465     6.807
  1229.799     1.465     6.737
  1230.199     1.465     6.737
  1230.299     1.465     6.669
  1230.400     1.465     6.669
  1230.500     1.465     6.600
  1230.600     1.465     6.532
  1401.156     1.465     6.532
  1401.257     1.604     6.532
  1401.358     1.814     6.532
  1401.460     1.953     6.600
  1401.560     2.093     6.600
  1401.662     2.162     6.669
  1401.964     2.162     6.669
  1402.066     2.232     6.669
  1402.977     2.232     6.669
  1403.082     2.162     6.669
  1419.081     2.162     6.669
  1419.183     2.232     6.669
  1419.288     2.371     6.669
  1419.393     2.581     6.669
  1419.495     2.790     6.669
  1419.597     2.860     6.669
  1419.697     2.860     6.669
  1419.799     2.930     6.669
  1419.900     2.930     6.600
  1420.002     3.069     6.600
  1420.203     3.069     6.600
  1420.305     3.139     6.600
  1420.407     3.139     6.600
  1420.511     3.139     6.532
  1420.612     3.208     6.532
  1420.814     3.208     6.532
  1420.914     3.278     6.532
  1421.016     3.348     6.669
  1421.118     3.418     6.669
  1421.218     3.418     6.737
  1421.422     3.418     6.737
  1421.523     3.418     6.807
  1421.624     3.418     6.807
  1421.725     3.348     6.875
  1421.827     3.348     7.012
  1421.928     3.348     7.082
  1422.028     3.348     7.219
  1422.131     3.418     7.219
  1422.232     3.488     7.287
  1422.333     3.488     7.356
  1422.535     3.488     7.356
  1422.641     3.418     7.356
  1424.466     3.418     7.356
  1424.569     3.488     7.287
  1424.670     3.627     7.287
  1424.772     3.697     7.219
  1424.874     3.837     7.219
  1424.975     3.906     7.219
  1425.178     3.906     7.219
  1425.279     3.976     7.150
  1425.379     4.045     7.150
  1426.195     4.045     7.150
  1426.296     4.115     7.150
  1426.397     4.185     7.219
  1426.498     4.185     7.219
  1426.600     4.255     7.219
  1426.702     4.255     7.219
  1426.803     4.255     7.287
  1427.106     4.255     7.287
  1427.208     4.325     7.287
  1427.715     4.325     7.287
  1427.816     4.395     7.287
  1427.917     4.464     7.287
  1428.018     4.464     7.287
  1428.120     4.534     7.356
  1428.224     4.603     7.356
  1428.326     4.673     7.425
  1428.427     4.743     7.425
  1429.236     4.743     7.425
  1429.337     4.743     7.494
  1429.438     4.813     7.494
  1429.539     4.813     7.563
  1429.641     4.882     7.563
  1429.743     4.952     7.563
  1429.844     4.952     7.631
  1429.947     5.022     7.631
  1430.351     5.022     7.631
  1430.452     5.092     7.631
  1430.554     5.162     7.631
  1430.858     5.162     7.631
  1430.958     5.232     7.700
  1431.058     5.301     7.769
  1431.158     5.441     7.838
  1431.258     5.511     7.906
  1433.068     5.511     7.906
  1433.169     5.441     7.975
  1433.270     5.441     7.975
  1433.372     5.371     7.975
  1433.473     5.301     7.975
  1434.893     5.301     7.975
  1434.995     5.301     7.906
  1435.095     5.301     7.838
  1435.196     5.371     7.769
  1435.296     5.441     7.700
  1435.397     5.580     7.631
  1435.497     5.650     7.563
  1435.897     5.650     7.563
  1435.997     5.580     7.631
  1436.097     5.511     7.769
  1436.197     5.441     7.769
  1437.603     5.441     7.769
  1437.703     5.511     7.769
  1437.803     5.580     7.769
  1437.903     5.650     7.769
  1438.003     5.650     7.700
  1438.104     5.789     7.700
  1438.204     5.789     7.700
  1438.306     5.859     7.700
  1438.407     5.859     7.631
  1438.913     5.859     7.631
  1439.014     5.929     7.563
  1439.217     5.929     7.563
  1439.318     5.929     7.494
  1439.418     5.999     7.425
  1439.520     5.999     7.425
  1439.621     6.069     7.425
  1440.126     6.069     7.425
  1440.227     5.999     7.425
  1440.430     5.999     7.425
  1440.531     5.929     7.425
  1440.632     5.929     7.494
  1440.733     5.929     7.494
  1440.834     5.859     7.563
  1442.151     5.859     7.563
  1442.251     5.929     7.563
  1446.786     5.929     7.563
  1446.886     5.859     7.563
  1447.187     5.859     7.563
  1447.288     5.789     7.563
  1447.389     5.789     7.494
  1447.591     5.789     7.494
  1447.691     5.789     7.425
  1447.792     5.789     7.425
  1447.893     5.720     7.425
  1474.065     5.720     7.425
  1474.167     5.720     7.494
  1542.639     5.720     7.494
  1542.739     5.650     7.425
  1542.839     5.441     7.287
  1542.938     5.371     7.150
  1543.039     5.232     7.082
  1543.139     5.162     6.875
  1543.239     5.022     6.807
  1543.339     5.022     6.807
  1543.439     4.952     6.807
  1543.538     4.952     6.737
  1543.739     4.952     6.737
  1543.842     4.882     6.669
  1543.943     4.882     6.600
  1544.044     4.813     6.532
  1545.362     4.813     6.532
  1545.463     4.743     6.532
  1545.564     4.743     6.532
  1545.665     4.673     6.462
  1546.785     4.673     6.462
  1546.886     4.603     6.394
  1546.987     4.534     6.325
  1547.087     4.464     6.325
  1547.188     4.395     6.256
  1547.288     4.325     6.256
  1547.388     4.325     6.256
  1547.488     4.255     6.188
  1549.996     4.255     6.188
  1550.097     4.185     6.188
  1663.204     4.185     6.188
  1663.311     4.185     6.119
  1663.412     4.185     6.119
  1663.514     4.185     6.050
  1663.614     4.115     5.981
  1663.717     4.045     5.844
  1663.817     3.976     5.706
  1663.919     3.976     5.638
  1664.019     3.976     5.638
  1664.122     3.976     5.569
  1664.222     3.976     5.500
  1693.394     3.976     5.500
  1693.494     3.906     5.500
  1779.609     3.906     5.500
  1779.709     3.906     5.569
  1823.124     3.906     5.569
  1823.228     3.837     5.569
  1823.329     3.837     5.569
  1823.429     3.767     5.569
  1823.531     3.767     5.569
  1823.632     3.697     5.569
  1823.733     3.627     5.638
  1823.834     3.488     5.706
  1823.935     3.418     5.706
  1824.036     3.418     5.706
  1824.138     3.348     5.775
  1824.240     3.348     5.775
  1824.341     3.278     5.775
  1824.442     3.208     5.775
  1824.644     3.208     5.775
  1824.746     3.139     5.844
  1824.847     3.139     5.844
  1824.948     3.069     5.844
  1825.049     3.000     5.913
  1825.149     2.860     5.913
  1825.251     2.721     5.981
  1825.352     2.651     6.050
  1825.453     2.581     6.050
  1825.554     2.511     6.119
  1825.655     2.511     6.188
  1825.756     2.371     6.256
  1825.862     2.302     6.325
  1825.966     2.232     6.462
  1826.067     2.162     6.532
  1826.168     2.093     6.600
  1826.270     2.023     6.669
  1826.370     1.884     6.737
  1826.470     1.744     6.875
  1826.569     1.534     7.012
  1827.272     1.534     7.012
  1827.373     1.534     7.082
  1829.282     1.534     7.082
  1829.381     1.534     7.150
  1829.787     1.534     7.150
  1829.888     1.534     7.287
  1829.989     1.534     7.425
  1830.090     1.534     7.563
  1830.192     1.534     7.700
  1830.293     1.465     7.838
  1830.394     1.465     7.975
  1830.495     1.395     8.044
  1830.596     1.395     8.181
  1830.799     1.395     8.181
  1830.900     1.395     8.250
  1831.002     1.395     8.319
  1831.103     1.395     8.456
  1831.204     1.395     8.525
  1831.307     1.395     8.594
  1831.409     1.395     8.663
  1831.510     1.395     8.731
  1831.612     1.395     8.800
  1831.713     1.395     8.869
  1831.815     1.325     8.938
  1831.916     1.325     9.006
  1832.017     1.325     9.075
  1833.840     1.325     9.075
  1833.941     1.325     9.144
  1834.044     1.395     9.213
  1834.145     1.465     9.350
  1837.172     1.465     9.350
  1837.273     1.465     9.281
  1837.575     1.465     9.281
  1837.675     1.465     9.213
  1837.776     1.465     9.213
  1837.877     1.465     9.144
  1840.292     1.465     9.144
  1840.396     1.395     9.144
  1840.497     1.325     9.075
  1840.598     1.256     9.006
  1840.699     1.186     8.938
  1840.801     1.116     8.800
  1840.902     0.977     8.663
  1841.002     0.907     8.525
  1841.103     0.907     8.456
  1842.608     0.907     8.456
  1842.708     0.837     8.250
  1842.808     0.767     7.975
  1842.908     0.767     7.838
  1843.008     0.767     7.769
  1843.108     0.767     7.700
  1844.719     0.767     7.700
  1844.820     0.837     7.700
  1846.834     0.837     7.700
  1846.935     0.837     7.631
  1847.036     0.837     7.631
  1847.137     0.837     7.494
  1847.237     0.837     7.356
  1847.337     0.837     7.219
  1847.438     0.767     7.150
  1847.539     0.767     6.944
  1847.639     0.767     6.807
  1847.739     0.767     6.737
  1847.839     0.767     6.669
  1847.939     0.767     6.462
  1848.039     0.767     6.325
  1848.139     0.767     6.188
  1848.239     0.767     6.050
  1848.339     0.837     5.913
  1848.439     0.837     5.844
  1848.540     0.837     5.844
  1848.642     0.837     5.775
  1849.646     0.837     5.775
  1849.746     0.837     5.706
  1849.847     0.837     5.638
  1849.947     0.837     5.569
  1850.047     0.837     5.500
  1850.148     0.837     5.500
  1850.249     0.837     5.431
  1851.159     0.837     5.431
  1851.260     0.837     5.294
  1851.362     0.837     4.881
  1851.465     0.837     4.744
  1851.566     0.837     4.538
  1851.668     0.837     4.194
  1851.769     0.837     3.987
  1851.870     0.837     3.850
  1851.971     0.837     3.782
  1852.071     0.837     3.644
  1852.171     0.767     3.575
  1852.271     0.767     3.438
  1852.371     0.767     3.369
  1852.471     0.767     3.231
  1852.571     0.767     3.094
  1852.671     0.767     2.956
  1852.771     0.767     2.750
  1852.872     0.767     2.681
  1852.973     0.697     2.544
  1853.074     0.697     2.406
  1853.174     0.697     2.200
  1853.274     0.697     2.131
  1853.375     0.697     2.063
  1853.477     0.767     1.925
  1918.174     0.767     1.925
  1918.275     0.697     1.925
  2023.996     0.697     1.925
  2024.097     0.697     1.994
  2037.972     0.697     1.994
  2038.073     0.628     1.994
  2075.006     0.628     1.994
  2075.106     0.628     2.063
  2075.615     0.628     2.063
  2075.716     0.558     2.063
  2164.154     0.558     2.063
  2164.254     0.558     2.131
  2169.028     0.558     2.131
  2169.128     0.558     2.063
  2169.630     0.558     2.063
  2169.730     0.488     1.994
  2169.830     0.488     1.925
  2169.930     0.488     1.856
  2170.030     0.419     1.788
  2170.131     0.349     1.650
  2170.230     0.349     1.650
  2170.331     0.349     1.581
  2170.430     0.349     1.513
  2211.337     0.349     1.513
  2211.437     0.349     1.581
  2440.549     0.349     1.581
  2440.650     0.279     1.581
  2729.598     0.279     1.581
  2729.699     0.349     1.581
  2805.357     0.349     1.581
  2805.456     0.279     1.581
  2931.488     0.279     1.581
  2931.589     0.210     1.581
  2944.952     0.210     1.581
  2945.052     0.279     1.581
  2962.295     0.279     1.581
  2962.396     0.279     1.513
  2975.610     0.279     1.513
  2975.711     0.349     1.513
  3007.387     0.349     1.513
  3007.488     0.419     1.513
  3008.892     0.419     1.513
  3008.991     0.488     1.513
  3009.294     0.488     1.513
  3009.396     0.558     1.513
  3049.294     0.558     1.513
  3049.396     0.488     1.513
  3600.528     0.488     1.513
  3600.629     0.419     1.375
  3661.263     0.419     1.375
  3661.365     0.349     1.375
  3661.466     0.279     1.375
  4123.423     0.279     1.375
  4123.524     0.279     1.307
  4123.624     0.210     1.307
  4130.986     0.210     1.307
  4131.087     0.210     1.375
  4405.488     0.210     1.375
  4405.592     0.279     1.375
  4405.692     0.279     1.375
  4405.792     0.210     1.375
  4409.608     0.210     1.375
  4409.708     0.279     1.375
  4494.457     0.279     1.375
  4494.557     0.210     1.375
  4576.625     0.210     1.375
  4576.726     0.210     1.444
  4583.054     0.210     1.444
  4583.154     0.279     1.444
  4583.354     0.279     1.444
  4583.454     0.279     1.513
  4583.554     0.349     1.581
  4583.653     0.488     1.650
  4583.754     0.628     1.788
  4583.854     0.697     1.856
  4583.955     0.697     1.925
  4584.057     0.697     1.925
  4584.157     0.767     1.925
  4584.258     0.767     1.925
  4584.359     0.767     1.994
  4584.461     0.837     2.063
  4584.562     0.837     2.063
  4584.664     0.837     2.131
  4584.765     0.907     2.131
  4584.866     0.907     2.131
  4584.967     0.907     2.200
  4585.371     0.907     2.200
  4585.472     0.837     2.269
  4586.382     0.837     2.269
  4586.482     0.767     2.269
  4591.213     0.767     2.269
  4591.314     0.767     2.200
  4595.940     0.767     2.200
  4596.041     0.767     2.269
  4596.147     0.767     2.406
  4596.248     0.767     2.475
  4596.348     0.767     2.544
  4596.449     0.767     2.613
  4596.549     0.767     2.681
  4596.749     0.767     2.681
  4596.849     0.767     2.750
  4597.049     0.767     2.750
  4597.148     0.767     2.819
  4597.249     0.767     2.888
  4600.160     0.767     2.888
  4600.261     0.767     2.819
  4600.462     0.767     2.819
  4600.562     0.767     2.750
  4601.670     0.767     2.750
  4601.771     0.697     2.750
  4601.974     0.697     2.750
  4602.075     0.697     2.819
  4603.188     0.697     2.819
  4603.287     0.697     2.888
  4609.616     0.697     2.888
  4609.716     0.697     2.819
  4609.816     0.697     2.819
  4609.916     0.697     2.750
  4610.016     0.628     2.681
  4610.115     0.628     2.613
  4611.723     0.628     2.613
  4611.823     0.628     2.544
  4623.397     0.628     2.544
  4623.497     0.628     2.475
  4623.598     0.628     2.475
  4623.698     0.558     2.475
  4623.798     0.558     2.406
  4624.098     0.558     2.406
  4624.199     0.488     2.406
  4672.323     0.488     2.406
  4672.424     0.488     2.338
  4695.935     0.488     2.338
  4696.035     0.488     2.406
  4785.467     0.488     2.406
  4785.568     0.488     2.475
  4895.751     0.488     2.475
  4895.851     0.488     2.544
  4896.858     0.488     2.544
  4896.958     0.558     2.544
  4906.763     0.558     2.544
  4906.863     0.558     2.613
  4914.130     0.558     2.613
  4914.231     0.628     2.613
  5015.072     0.628     2.613
  5015.173     0.558     2.613
  5038.051     0.558     2.613
  5038.155     0.349     2.819
  5039.027     0.349     2.819
  5039.128     0.419     2.819
  5039.228     0.488     2.750
  5039.329     0.558     2.750
  5039.632     0.558     2.750
  5039.733     0.488     2.750
  5353.013     0.488     2.750
