     0.002    30.653     2.313
     0.090    30.653     2.313
     0.184    30.399     2.463
     0.286    30.399     2.614
     0.388    30.298     2.765
     0.491    31.365     9.099
     3.061    31.365     9.099
     3.162    31.518     9.099
     3.363    31.518     9.099
     3.464    31.518     8.998
     3.564    31.518     8.948
     3.766    31.518     8.948
     3.867    31.568     8.948
     3.968    31.568     8.948
     4.068    31.568     8.998
     4.976    31.568     8.998
     5.077    31.619     8.998
     6.492    31.619     8.998
     6.593    31.670     8.998
     6.696    31.670     8.998
     6.797    31.721     8.998
     6.898    31.772     8.998
     7.000    31.772     8.998
     7.100    31.874     8.998
     7.201    31.924     8.998
     7.402    31.924     8.998
     7.503    31.924     8.948
     7.605    31.975     8.948
     9.725    31.975     8.948
     9.826    32.026     8.948
    10.027    32.026     8.948
    10.130    32.026     8.998
    10.230    32.026     9.049
    10.935    32.026     9.049
    11.036    32.077     9.049
    11.136    32.077     8.998
    11.237    32.077     8.948
    11.339    32.077     8.898
    13.057    32.077     8.898
    13.157    32.077     8.998
    13.259    32.077     9.049
    13.865    32.077     9.049
    13.966    32.026     8.998
    14.067    32.026     8.898
    15.379    32.026     8.898
    15.480    31.975     8.898
    15.582    31.975     8.898
    15.683    31.975     8.948
    15.784    31.975     8.998
    15.986    31.975     8.998
    16.087    31.975     8.948
    17.500    31.975     8.948
    17.600    31.975     8.998
    17.702    31.975     8.998
    17.803    31.975     9.049
    35.250    31.975     9.049
    35.350    31.924     9.099
    35.552    31.924     9.099
    35.653    31.874     9.099
    35.754    31.874     9.199
    41.296    31.874     9.199
    41.396    31.874     9.300
    41.497    31.874     9.400
    41.597    31.874     9.451
    41.698    31.670     9.501
    42.805    31.670     9.501
    42.907    31.721     9.501
    43.007    31.772     9.501
    46.633    31.772     9.501
    46.733    31.924     9.501
    46.834    31.975     9.501
    49.353    31.975     9.501
    49.454    32.077     9.501
    49.654    32.077     9.501
    49.756    31.975     9.601
    49.857    31.874     9.601
    50.162    31.874     9.601
    50.267    31.924     9.752
    50.469    31.924     9.752
    50.569    31.924     9.702
    50.670    31.924     9.652
    50.771    31.975     9.601
    50.872    32.077     9.601
    51.175    32.077     9.601
    51.276    32.077     9.551
    51.377    32.077     9.501
    51.478    32.178     9.451
    52.786    32.178     9.451
    52.887    32.127     9.451
    53.994    32.127     9.451
    54.094    32.178     9.451
    59.031    32.178     9.451
    59.132    32.178     9.400
    59.937    32.178     9.400
    60.037    32.127     9.350
    66.102    32.127     9.350
    66.203    32.077     9.350
   129.585    32.077     9.350
   129.686    32.026     9.350
   129.787    32.026     9.350
   129.887    32.026     9.300
   129.988    32.026     9.250
   131.297    32.026     9.250
   131.397    32.026     9.199
   131.497    32.026     9.149
   131.598    32.077     9.099
   131.698    32.077     8.998
   131.799    32.077     8.898
   131.900    32.077     8.797
   132.001    32.077     8.747
   132.102    32.077     8.697
   132.203    32.077     8.596
   132.302    32.077     8.596
   132.403    32.127     8.596
   132.504    32.178     8.596
   132.603    32.230     8.646
   133.006    32.230     8.646
   133.107    32.230     8.596
   133.208    32.230     8.546
   133.610    32.230     8.546
   133.711    32.127     8.546
   134.116    32.127     8.546
   134.215    32.178     8.546
   134.317    32.230     8.697
   134.418    32.230     8.747
   134.517    32.230     8.847
   134.618    32.230     8.948
   134.718    32.280     9.099
   134.819    32.280     9.350
   134.919    32.331     9.350
   135.121    32.331     9.350
   135.222    32.331     9.451
   135.524    32.331     9.451
   135.624    32.331     9.350
   135.723    32.331     9.149
   135.825    32.331     8.998
   135.925    32.331     8.898
   136.027    32.331     8.898
   136.127    32.382     8.898
   136.231    32.433     8.898
   136.332    32.483     8.898
   136.433    32.483     8.898
   136.533    32.382     9.099
   136.633    32.382     9.149
   136.734    32.382     9.300
   136.834    32.280     9.400
   136.936    32.026     9.551
   137.038    31.924     9.652
   137.138    31.772     9.803
   137.239    31.670     9.953
   137.339    31.568    10.255
   137.441    31.518    10.355
   137.541    31.518    10.406
   137.641    31.518    10.557
   137.742    31.518    10.657
   137.842    31.518    10.707
   137.943    31.467    10.758
   138.144    31.467    10.758
   138.246    31.416    10.808
   138.345    31.365    10.909
   139.252    31.365    10.909
   139.352    31.315    11.009
   139.453    31.315    11.059
   139.554    31.212    11.109
   139.656    31.111    11.210
   139.756    31.060    11.210
   139.958    31.060    11.210
   140.058    30.959    11.311
   140.161    30.959    11.361
   140.261    30.908    11.411
   140.363    30.908    11.411
   140.463    30.806    11.562
   140.565    30.755    11.612
   141.269    30.755    11.612
   141.369    30.755    11.562
   141.469    30.755    11.562
   141.571    30.755    11.411
   141.670    30.755    11.361
   141.872    30.755    11.361
   141.972    30.653    11.361
   142.677    30.653    11.361
   142.778    30.704    11.311
   142.980    30.704    11.311
   143.083    30.704    11.260
   143.182    30.755    11.160
   143.386    30.755    11.160
   143.487    30.806    11.160
   143.588    30.908    11.160
   143.688    31.060    11.160
   143.789    31.111    11.160
   143.889    31.162    11.160
   145.300    31.162    11.160
   145.401    31.162    11.260
   145.502    31.111    11.311
   145.604    31.009    11.461
   145.704    30.908    11.562
   145.804    30.857    11.663
   145.905    30.857    11.763
   146.005    30.857    11.813
   146.107    30.857    11.964
   146.207    30.857    12.115
   146.308    30.857    12.266
   146.408    30.857    12.366
   146.509    30.857    12.467
   147.417    30.857    12.467
   147.518    30.857    12.668
   147.619    30.857    12.819
   147.719    30.857    12.919
   147.820    30.908    13.171
   147.920    30.908    13.171
   148.021    31.060    13.171
   148.123    31.212    13.221
   148.223    31.315    13.321
   148.323    31.467    13.422
   148.423    31.619    13.422
   148.526    31.721    13.472
   148.626    31.772    13.472
   149.029    31.772    13.472
   149.129    31.721    13.472
   149.229    31.568    13.472
   149.330    31.315    13.472
   149.431    31.264    13.472
   149.532    31.264    13.472
   149.631    31.315    13.472
   149.734    31.416    13.472
   149.834    31.467    13.472
   149.935    31.467    13.422
   150.036    31.518    13.422
   150.137    31.518    13.422
   150.237    31.518    13.371
   150.337    31.518    13.321
   150.437    31.518    13.221
   150.539    31.568    13.221
   150.639    31.619    13.221
   150.740    31.619    13.221
   150.840    31.619    13.171
   151.142    31.619    13.171
   151.243    31.619    13.020
   151.342    31.619    12.869
   151.444    31.619    12.718
   151.544    31.619    12.467
   151.644    31.568    12.266
   151.747    31.568    12.065
   151.847    31.568    11.813
   151.949    31.568    11.612
   152.049    31.568    11.512
   152.151    31.568    11.411
   152.252    31.568    11.210
   152.351    31.568    11.059
   152.452    31.568    10.858
   152.552    31.568    10.758
   152.653    31.568    10.607
   152.753    31.568    10.506
   153.359    31.568    10.506
   153.460    31.721    10.506
   153.559    31.772    10.707
   153.661    31.772    10.758
   153.761    31.670    10.858
   156.177    31.670    10.858
   156.278    31.619    10.959
   156.781    31.619    10.959
   156.881    31.670    10.959
   156.982    31.670    10.959
   157.082    31.721    10.959
   157.184    31.823    10.959
   157.486    31.823    10.959
   157.585    31.772    10.959
   157.686    31.721    10.959
   157.787    31.670    10.858
   157.888    31.568    10.808
   158.089    31.568    10.808
   158.191    31.568    10.707
   158.291    31.568    10.607
   158.392    31.568    10.557
   158.493    31.568    10.506
   158.593    31.568    10.355
   158.695    31.568    10.255
   158.795    31.467    10.205
   158.896    31.365    10.205
   158.997    31.315    10.205
   159.299    31.315    10.205
   159.400    31.315    10.154
   159.501    31.315    10.104
   159.601    31.315    10.054
   159.703    31.315     9.953
   159.803    31.315     9.853
   159.904    31.315     9.803
   160.004    31.315     9.803
   160.105    31.315     9.601
   160.207    31.365     9.350
   160.305    31.416     9.149
   160.407    31.416     9.149
   160.506    31.467     9.049
   160.608    31.721     8.797
   160.708    31.924     8.697
   160.810    32.026     8.646
   160.911    32.026     8.646
   161.012    32.230     8.395
   161.113    32.230     8.294
   161.213    32.331     8.094
   161.315    32.331     8.094
   161.415    32.331     7.993
   161.515    32.331     7.943
   161.616    32.382     7.842
   161.715    32.382     7.641
   161.816    32.382     7.641
   161.917    32.382     7.591
   162.924    32.382     7.591
   163.025    32.382     7.691
   163.126    32.382     7.742
   163.226    32.331     7.892
   163.327    32.280     7.993
   163.427    32.127     8.144
   163.528    32.077     8.144
   163.628    32.026     8.194
   164.334    32.026     8.194
   164.435    32.077     8.194
   164.536    32.230     8.194
   164.635    32.534     8.194
   164.737    32.839     8.194
   164.837    32.941     8.194
   164.938    33.093     8.244
   165.038    33.246     8.345
   165.139    33.348     8.445
   165.240    33.348     8.596
   166.146    33.348     8.596
   166.247    33.348     8.697
   166.347    33.348     8.797
   166.448    33.399     9.099
   166.547    33.449     9.350
   166.648    33.449     9.451
   166.750    33.500     9.702
   166.850    33.602     9.903
   166.951    33.602     9.953
   167.051    33.602     9.953
   167.151    33.602    10.154
   167.252    33.602    10.255
   167.354    33.602    10.355
   167.455    33.652    10.607
   167.555    33.755    10.707
   167.656    33.755    10.758
   169.064    33.755    10.758
   169.165    33.755    10.657
   169.266    33.704    10.657
   169.367    33.704    10.607
   169.970    33.704    10.607
   170.071    33.602    10.607
   170.374    33.602    10.607
   170.473    33.602    10.758
   170.575    33.652    10.909
   170.674    33.652    11.160
   170.775    33.652    11.361
   170.875    33.652    11.361
   170.976    33.704    11.461
   171.077    33.704    11.512
   171.177    33.704    11.562
   171.279    33.755    11.713
   171.379    33.755    11.763
   171.781    33.755    11.763
   171.883    33.704    11.763
   171.984    33.652    11.612
   172.084    33.652    11.612
   172.185    33.652    11.562
   172.286    33.652    11.562
   172.387    33.652    11.663
   172.488    33.652    11.763
   172.588    33.652    11.813
   172.687    33.602    11.863
   172.788    33.602    11.964
   173.191    33.602    11.964
   173.293    33.551    11.964
   174.298    33.551    11.964
   174.400    33.449    12.115
   174.499    33.399    12.266
   174.600    33.399    12.266
   174.700    33.399    12.316
   174.800    33.399    12.366
   174.902    33.297    12.467
   175.002    33.246    12.517
   175.204    33.246    12.517
   175.304    33.093    12.517
   178.828    33.093    12.517
   178.928    33.093    12.417
   179.231    33.093    12.417
   179.332    33.093    12.366
   179.432    33.093    12.266
   483.364    33.093    12.266
   483.466    33.246    12.266
   483.691    33.246    12.266
   483.768    33.246    12.165
   484.370    33.246    12.165
   484.471    33.246    12.115
   484.572    33.246    12.014
   484.673    33.246    12.014
   484.774    33.246    11.964
   487.390    33.246    11.964
   487.490    33.297    11.914
   487.592    33.348    11.914
   487.692    33.399    11.914
   487.793    33.551    11.914
   487.894    33.652    11.914
   487.994    33.652    11.914
   488.094    33.704    11.914
   488.194    33.755    11.914
   488.598    33.755    11.914
   488.699    33.755    11.964
   488.799    33.704    11.964
   489.404    33.704    11.964
   489.505    33.755    11.964
   491.923    33.755    11.964
   492.023    33.704    11.964
   492.123    33.652    12.014
   493.133    33.652    12.014
   493.234    33.602    12.014
   493.335    33.551    12.065
   493.435    33.551    12.065
   493.536    33.500    12.065
   493.638    33.399    12.065
   494.042    33.399    12.065
   494.142    33.348    12.065
   494.645    33.348    12.065
   494.746    33.246    12.065
   497.165    33.246    12.065
   497.266    33.195    12.065
   497.467    33.195    12.065
   497.568    33.144    12.065
   499.077    33.144    12.065
   499.177    33.093    12.014
   499.280    33.043    11.964
   499.380    32.992    11.964
   499.884    32.992    11.964
   499.985    32.941    11.964
   500.085    32.890    11.964
   500.187    32.839    11.964
   500.689    32.839    11.964
   500.790    32.839    12.014
   500.891    32.789    12.115
   500.991    32.789    12.115
   501.093    32.738    12.165
   501.497    32.738    12.165
   501.597    32.687    12.165
   501.698    32.636    12.215
   501.799    32.585    12.316
   501.898    32.534    12.417
   501.999    32.483    12.417
   502.100    32.483    12.417
   502.200    32.483    12.467
   502.301    32.382    12.567
   502.401    32.331    12.567
   502.504    32.127    12.869
   502.606    31.772    13.120
   502.705    31.772    13.221
   502.806    31.721    13.271
   502.906    31.670    13.321
   503.007    31.568    13.321
   503.108    31.518    13.422
   503.208    31.416    13.623
   503.311    31.212    13.673
   503.410    31.009    13.874
   503.512    30.806    14.025
   503.611    30.755    14.075
   503.714    30.653    14.126
   503.815    30.501    14.226
   503.914    30.349    14.327
   504.015    30.196    14.427
   504.115    30.043    14.528
   504.216    29.840    14.578
   504.317    29.637    14.779
   504.417    29.383    14.930
   504.519    29.027    15.181
   504.619    28.772    15.231
   504.720    28.671    15.231
   504.819    28.671    15.231
   504.920    28.518    15.231
   505.021    28.468    15.231
   505.121    28.315    15.282
   505.223    28.112    15.282
   505.323    27.959    15.282
   505.424    27.959    15.282
   505.524    27.909    15.282
   505.625    27.909    15.282
   505.726    27.756    15.332
   505.928    27.756    15.332
   506.028    27.909    15.332
   506.531    27.909    15.332
   506.633    27.806    15.634
   506.733    27.806    15.684
   506.834    27.756    15.684
   506.934    27.756    15.734
   507.137    27.756    15.734
   507.237    27.654    15.734
   507.339    27.603    15.734
   507.439    27.603    15.734
   507.540    27.553    15.785
   507.642    27.400    16.036
   507.742    27.400    16.187
   507.843    27.298    16.237
   507.942    27.197    16.237
   508.043    27.095    16.337
   508.144    26.943    16.438
   508.245    26.891    16.589
   508.346    26.790    16.639
   508.447    26.688    16.689
   513.688    26.688    16.689
   513.788    26.688    16.740
   513.889    26.383    16.991
   513.988    26.231    17.192
   514.090    26.028    17.293
   514.190    25.875    17.393
   514.292    25.621    17.594
   514.393    25.366    17.745
   514.494    25.214    17.846
   514.595    25.011    18.047
   514.696    24.807    18.147
   514.797    24.655    18.248
   514.897    24.655    18.248
   514.998    24.451    18.348
   515.099    24.401    18.348
   515.199    24.350    18.348
   515.300    24.299    18.399
   515.402    24.197    18.399
   515.503    24.045    18.399
   515.603    23.943    18.399
   515.703    23.791    18.399
   515.805    23.740    18.399
   515.904    23.638    18.348
   516.005    23.588    18.298
   516.105    23.485    18.248
   516.206    23.485    18.248
   516.309    23.384    18.248
   516.409    23.232    18.197
   516.510    23.181    18.197
   516.611    23.130    18.197
   516.712    23.079    18.197
   516.818    23.028    18.197
   516.920    23.028    18.197
   517.020    22.926    18.248
   517.120    22.825    18.248
   517.221    22.622    18.348
   517.321    22.570    18.348
   517.422    22.469    18.399
   517.522    22.215    18.499
   517.625    21.961    18.700
   517.725    21.910    18.751
   517.826    21.757    18.751
   517.926    21.605    18.700
   518.026    21.452    18.700
   518.128    21.300    18.700
   518.229    21.147    18.700
   518.329    20.995    18.700
   518.431    20.741    18.801
   518.530    20.639    18.851
   518.632    20.436    19.002
   518.731    20.181    19.153
   518.833    19.826    19.404
   518.932    19.622    19.555
   519.034    19.419    19.605
   519.134    18.911    19.555
   519.234    18.758    19.505
   519.335    18.605    19.454
   519.436    18.402    19.454
   519.536    18.249    19.454
   519.638    18.046    19.454
   519.738    17.843    19.454
   519.838    17.741    19.454
   519.939    17.538    19.454
   520.039    17.436    19.454
   520.140    17.030    19.454
   520.240    16.826    19.454
   520.341    16.521    19.454
   520.441    16.420    19.454
   520.543    16.318    19.454
   522.365    16.318    19.454
   522.466    16.064    19.404
   522.566    16.013    19.404
   522.668    15.911    19.404
   522.768    15.657    19.303
   522.869    15.301    19.102
   522.969    15.149    19.002
   523.070    15.047    18.951
   523.171    14.894    18.851
   523.272    14.894    18.700
   523.473    14.894    18.700
   523.573    14.894    18.650
   523.675    14.946    18.549
   524.378    14.946    18.549
   524.479    14.894    18.499
   524.580    14.742    18.499
   524.680    14.691    18.499
   524.780    14.640    18.499
   524.882    14.386    18.499
   524.981    14.284    18.499
   525.082    14.183    18.549
   525.384    14.183    18.549
   525.484    14.234    18.549
   525.585    14.284    18.549
   525.687    14.437    18.549
   526.693    14.437    18.549
   526.793    14.488    18.549
   526.895    14.539    18.549
   527.800    14.539    18.549
   527.899    14.590    18.650
   528.002    14.590    18.650
   528.105    14.640    18.700
   528.607    14.640    18.700
   528.708    14.539    18.700
   528.809    14.437    18.650
   528.909    14.386    18.650
   529.011    14.386    18.600
   529.111    14.386    18.600
   529.212    14.335    18.449
   529.313    14.132    18.399
   529.413    14.132    18.298
   529.514    14.081    18.197
   529.614    13.980    17.896
   529.715    13.776    17.795
   529.815    13.573    17.795
   529.915    13.369    17.695
   530.017    13.369    17.645
   530.118    13.369    17.393
   530.219    13.369    17.192
   530.319    13.369    17.041
   530.421    13.369    16.941
   530.522    13.369    16.639
   530.622    13.369    16.388
   530.723    13.369    16.287
   530.823    13.166    16.086
   530.924    12.962    15.885
   531.024    12.912    15.734
   531.125    12.861    15.583
   531.227    12.810    15.332
   531.327    12.658    15.181
   531.428    12.506    15.181
   531.528    12.353    15.181
   531.630    12.302    15.181
   531.731    12.200    15.181
   531.831    11.997    15.131
   531.931    11.794    14.980
   532.031    11.743    14.880
   532.155    11.743    14.629
   532.232    11.692    14.477
   532.332    11.590    14.327
   532.435    11.488    14.226
   532.535    11.387    14.126
   532.636    11.336    14.126
   533.443    11.336    14.126
   533.545    11.184    14.025
   533.646    10.828    13.723
   533.745    10.421    13.573
   533.846    10.370    13.573
   533.946    10.269    13.573
   534.249    10.269    13.573
   534.351    10.421    13.573
   534.451    10.726    13.623
   534.553    10.980    13.673
   534.652    10.980    13.673
   534.753    11.336    13.523
   534.855    11.540    13.422
   534.954    11.540    13.422
   535.055    11.590    13.422
   535.156    11.641    13.371
   535.257    11.641    13.321
   535.356    11.641    13.321
   535.458    11.641    13.221
   535.559    11.540    13.120
   535.660    11.488    13.070
   535.760    11.438    13.070
   535.860    11.234    13.070
   535.962    11.184    13.070
   536.062    11.184    13.070
   536.161    10.980    13.171
   536.263    10.878    13.371
   536.363    10.878    13.573
   536.465    10.980    13.673
   536.565    11.082    13.774
   536.667    11.234    13.925
   536.768    11.285    14.126
   536.868    11.336    14.226
   536.968    11.387    14.277
   537.069    11.387    14.277
   537.169    11.387    14.377
   537.271    11.387    14.477
   537.371    11.488    14.729
   537.473    11.540    14.829
   537.573    11.590    14.829
   537.676    11.590    14.930
   537.776    11.641    15.081
   537.876    11.692    15.231
   537.977    11.844    15.483
   538.077    11.895    15.684
   538.178    11.895    15.785
   538.279    11.895    15.935
   538.380    11.895    16.137
   538.480    11.997    16.388
   538.581    12.099    16.589
   538.684    12.099    16.639
   538.784    12.099    16.790
   538.884    12.099    16.790
   538.984    12.099    16.840
   539.085    12.099    16.941
   539.186    12.099    16.991
   539.387    12.099    16.991
   539.487    12.150    16.991
   539.589    12.150    17.041
   539.689    12.150    17.243
   539.791    12.150    17.343
   539.893    12.150    17.443
   539.992    12.150    17.443
   540.093    12.150    17.494
   540.193    12.048    17.494
   540.395    12.048    17.494
   540.496    12.048    17.544
   540.598    12.048    17.645
   540.699    12.048    17.695
   540.901    12.048    17.695
   541.002    12.048    17.795
   541.103    12.099    17.896
   542.409    12.099    17.896
   542.511    12.099    17.846
   542.611    12.099    17.795
   542.713    12.099    17.745
   542.813    12.099    17.594
   542.913    12.048    17.544
   543.015    11.997    17.494
   543.416    11.997    17.494
   543.517    12.099    17.494
   543.616    12.150    17.494
   544.424    12.150    17.494
   544.524    12.048    17.544
   544.625    11.946    17.544
   545.432    11.946    17.544
   545.532    11.997    17.544
   546.035    11.997    17.544
   546.136    12.099    17.544
   548.258    12.099    17.544
   548.357    12.150    17.494
   548.660    12.150    17.494
   548.762    12.150    17.393
   548.965    12.150    17.393
   549.065    12.200    17.393
   549.165    12.302    17.393
   549.267    12.302    17.393
   549.367    12.403    17.393
   549.771    12.403    17.393
   549.871    12.454    17.393
   549.971    12.556    17.393
   550.072    12.607    17.393
   550.173    12.709    17.393
   550.273    12.810    17.393
   550.374    12.912    17.393
   551.684    12.912    17.393
   551.785    13.166    17.544
   551.887    13.166    17.594
   551.986    13.217    17.645
   552.088    13.268    17.846
   552.189    13.318    17.997
   552.289    13.471    18.248
   552.390    13.471    18.348
   552.591    13.471    18.348
   552.691    13.522    18.348
   552.792    13.573    18.348
   552.892    13.674    18.348
   552.995    13.776    18.348
   553.096    13.776    18.348
   553.196    13.776    18.399
   553.298    13.827    18.449
   553.397    13.878    18.499
   553.498    13.928    18.549
   553.600    13.928    18.650
   553.700    13.980    18.700
   554.002    13.980    18.700
   554.103    14.030    18.751
   554.204    14.132    18.801
   554.305    14.183    18.951
   554.404    14.234    19.002
   554.606    14.234    19.002
   554.707    14.284    19.052
   554.808    14.284    19.102
   554.908    14.284    19.203
   555.008    14.284    19.253
   555.109    14.284    19.303
   555.210    14.284    19.303
   555.312    14.234    19.303
   555.613    14.234    19.303
   555.714    14.234    19.354
   556.217    14.234    19.354
   556.317    14.234    19.404
   558.331    14.234    19.404
   558.434    14.234    19.354
   558.533    14.234    19.354
   558.636    14.234    19.303
   558.736    14.335    19.303
   558.836    14.335    19.303
   558.937    14.386    19.303
   559.037    14.386    19.253
   559.139    14.386    19.253
   559.239    14.437    19.203
   559.340    14.437    19.153
   560.948    14.437    19.153
   561.050    14.437    19.102
   561.149    14.386    19.102
   561.251    14.335    19.052
   561.352    14.234    18.951
   561.452    14.081    18.951
   561.552    14.030    18.951
   579.789    14.030    18.951
   579.890    14.030    19.052
   580.090    14.030    19.052
   580.190    14.030    19.153
   580.292    13.980    19.153
   580.394    13.878    19.153
   580.594    13.878    19.153
   580.695    13.928    19.153
   580.796    13.928    19.153
   580.896    13.980    19.153
   580.997    13.980    19.153
   581.098    13.980    19.203
   581.199    13.928    19.303
   581.299    13.928    19.354
   581.904    13.928    19.354
   582.005    13.928    19.454
   582.104    13.928    19.454
   582.205    13.928    19.505
   582.306    14.030    19.756
   582.407    14.030    19.806
   582.508    14.081    19.856
   582.608    14.081    19.907
   582.909    14.081    19.907
   583.010    14.132    20.007
   583.110    14.183    20.108
   583.212    14.234    20.208
   583.313    14.335    20.359
   583.414    14.386    20.560
   583.514    14.386    20.711
   583.615    14.437    20.761
   583.716    14.488    20.862
   583.817    14.539    21.012
   584.222    14.539    21.012
   584.323    14.590    21.012
   584.624    14.590    21.012
   584.726    14.640    21.012
   584.926    14.640    21.012
   585.026    14.640    20.962
   585.127    14.640    20.962
   585.228    14.640    20.912
   585.934    14.640    20.912
   586.033    14.640    20.862
   586.134    14.640    20.811
   586.235    14.640    20.761
   586.335    14.640    20.761
   586.437    14.691    20.761
   587.041    14.691    20.761
   587.142    14.691    20.862
   587.243    14.640    20.862
   587.344    14.539    20.962
   587.444    14.539    21.012
   587.545    14.539    21.012
   587.647    14.539    21.063
   588.453    14.539    21.063
   588.554    14.590    21.163
   588.756    14.590    21.163
   588.855    14.691    21.314
   588.956    14.691    21.415
   589.157    14.691    21.415
   589.258    14.742    21.415
   589.358    14.843    21.415
   589.459    14.843    21.415
   589.560    14.894    21.415
   591.878    14.894    21.415
   591.978    14.946    21.415
   592.179    14.946    21.415
   592.281    14.996    21.465
   592.382    14.996    21.465
   592.484    14.996    21.515
   592.584    14.843    21.566
   593.793    14.843    21.566
   593.894    14.640    21.566
   594.399    14.640    21.566
   594.501    14.590    21.515
   594.702    14.590    21.515
   594.803    14.386    21.465
   594.901    14.335    21.415
   595.003    14.335    21.415
   595.104    14.234    21.415
   595.204    14.183    21.415
   595.508    14.183    21.415
   595.608    14.234    21.364
   595.710    14.234    21.314
   595.810    14.284    21.214
   596.012    14.284    21.214
   596.111    14.284    21.163
   596.424    14.284    21.163
   596.524    14.284    21.113
   596.626    14.234    21.113
   599.752    14.234    21.113
   599.852    14.183    21.113
   600.053    14.183    21.113
   600.153    14.132    21.163
   600.254    14.081    21.163
   600.356    14.030    21.163
   600.457    14.030    21.264
   600.557    14.030    21.264
   600.657    14.030    21.364
   600.758    14.030    21.465
   600.858    14.030    21.515
   600.959    14.030    21.566
   601.060    14.030    21.616
   601.160    14.030    21.616
   601.262    14.030    21.666
   601.363    14.030    21.666
   601.464    14.030    21.766
   601.563    14.030    21.817
   601.967    14.030    21.817
   602.067    14.030    21.867
   602.488    14.030    21.867
   602.589    13.980    21.867
   602.891    13.980    21.867
   602.992    13.928    21.968
   603.093    13.928    22.018
   603.294    13.928    22.018
   603.396    13.878    22.068
   604.904    13.878    22.068
   605.005    13.827    22.118
   605.105    13.827    22.118
   605.206    13.776    22.219
   605.308    13.776    22.370
   605.407    13.776    22.370
   605.508    13.674    22.470
   605.608    13.624    22.470
   605.710    13.624    22.520
   606.012    13.624    22.520
   606.112    13.573    22.520
   612.464    13.573    22.520
   612.562    13.624    22.571
   612.767    13.624    22.571
   612.865    13.624    22.621
   614.075    13.624    22.621
   614.176    13.624    22.722
   614.276    13.624    22.772
   614.378    13.624    22.822
   614.982    13.624    22.822
   615.082    13.624    22.923
   615.182    13.624    22.973
   615.283    13.725    23.023
   615.383    13.725    23.074
   615.484    13.878    23.074
   615.585    13.980    23.023
   615.686    14.081    22.973
   615.786    14.132    22.923
   616.392    14.132    22.923
   616.494    14.081    22.923
   616.595    14.030    22.923
   616.798    14.030    22.923
   616.897    13.980    22.923
   616.998    13.980    22.923
   617.099    13.928    22.973
   617.199    13.928    22.973
   617.300    13.827    23.074
   617.399    13.725    23.124
   617.501    13.674    23.174
   617.603    13.471    23.274
   617.703    13.268    23.426
   617.804    13.166    23.476
   617.904    13.115    23.476
   618.811    13.115    23.476
   618.910    12.912    23.526
   619.013    12.861    23.576
   619.113    12.810    23.727
   619.215    12.658    23.928
   619.316    12.454    24.129
   619.417    12.353    24.180
   619.519    12.200    24.330
   619.619    12.200    24.481
   619.720    12.150    24.632
   619.820    11.997    24.783
   619.921    11.844    24.934
   620.020    11.794    24.984
   620.122    11.692    25.034
   621.128    11.692    25.034
   621.229    11.488    25.235
   621.429    11.488    25.235
   621.529    11.488    25.336
   621.731    11.488    25.336
   621.832    11.387    25.386
   621.933    11.387    25.386
   622.033    11.336    25.386
   622.639    11.336    25.386
   622.740    11.285    25.386
   622.841    11.234    25.537
   622.941    11.234    25.537
   623.043    11.082    25.637
   623.143    11.031    25.688
   623.243    10.980    25.738
   623.345    10.929    25.788
   625.157    10.929    25.788
   625.258    10.777    25.838
   625.358    10.726    25.888
   625.458    10.726    25.939
   625.561    10.675    25.939
   625.660    10.625    25.989
   625.764    10.573    26.040
   625.866    10.472    26.140
   625.967    10.421    26.190
   626.067    10.370    26.240
   626.369    10.370    26.240
   626.470    10.218    26.240
   626.571    10.218    26.291
   626.672    10.167    26.291
   626.773    10.116    26.341
   628.483    10.116    26.341
   628.585     9.862    26.341
   628.686     9.760    26.341
   628.787     9.607    26.341
   628.887     9.201    26.442
   629.012     9.099    26.442
   629.089     8.744    26.442
   629.188     8.641    26.442
   629.290     8.489    26.492
   629.391     8.438    26.542
   629.491     8.388    26.542
   629.592     8.286    26.542
   629.692     8.082    26.542
   629.793     8.032    26.542
   629.893     7.981    26.542
   629.994     7.981    26.542
   630.095     7.879    26.542
   630.497     7.879    26.542
   630.601     7.676    26.492
   630.701     7.625    26.492
   631.001     7.625    26.492
   631.103     7.574    26.442
   631.203     7.574    26.442
   631.303     7.422    26.442
   631.404     7.422    26.442
   631.505     7.269    26.442
   631.604     7.167    26.391
   632.115     7.167    26.391
   632.215     7.116    26.391
   633.627     7.116    26.391
   633.729     7.015    26.391
   633.829     6.761    26.442
   633.932     6.659    26.492
   634.030     6.507    26.542
   634.131     6.354    26.542
   634.232     6.151    26.542
   634.333     5.998    26.643
   634.435     5.642    26.693
   634.535     5.439    26.693
   634.636     5.185    26.693
   634.737     5.185    26.693
   634.838     4.982    26.693
   634.938     4.676    26.743
   635.040     4.473    26.743
   635.140     3.965    26.743
   635.240     3.863    26.743
   635.342     3.711    26.743
   635.442     3.507    26.743
   635.543     3.457    26.743
   635.644     3.457    26.794
   635.745     3.457    26.844
   635.846     3.558    26.844
   635.948     3.711    26.844
   636.049     3.863    26.794
   636.148     3.965    26.794
   636.250     3.965    26.794
   636.350     4.016    26.794
   636.451     4.219    26.743
   636.552     4.270    26.743
   636.652     4.270    26.743
   636.754     4.270    26.592
   636.854     4.270    26.592
   636.954     4.372    26.592
   637.456     4.372    26.592
   637.557     4.423    26.592
   637.658     4.575    26.592
   637.759     4.626    26.592
   638.362     4.626    26.592
   638.463     4.524    26.592
   638.563     4.473    26.592
   638.664     4.270    26.743
   638.765     4.168    26.743
   638.865     4.016    26.844
   638.966     3.914    26.944
   639.066     3.711    26.994
   639.167     3.660    26.994
   640.880     3.660    26.994
   640.979     3.660    26.944
   641.080     3.711    26.944
   641.182     3.711    26.844
   641.282     3.812    26.794
   641.383     3.863    26.794
   641.483     3.914    26.794
   641.584     3.965    26.794
   641.685     4.016    26.794
   641.785     4.067    26.794
   642.388     4.067    26.794
   642.489     4.219    26.794
   642.590     4.270    26.794
   642.690     4.320    26.794
   642.791     4.473    26.743
   642.892     4.473    26.743
   642.992     4.524    26.693
   643.093     4.626    26.693
   643.598     4.626    26.693
   643.698     4.524    26.693
   643.799     4.473    26.693
   643.900     4.423    26.693
   644.001     4.320    26.693
   644.101     4.117    26.844
   644.201     4.016    26.944
   644.302     3.914    26.944
   646.317     3.914    26.944
   646.417     4.067    26.844
   646.519     4.219    26.743
   646.619     4.320    26.693
   646.720     4.372    26.592
   646.821     4.372    26.492
   646.921     4.372    26.341
   647.121     4.372    26.341
   647.223     4.372    26.291
   647.322     4.372    26.291
   647.424     4.423    26.240
   647.524     4.423    26.190
   647.624     4.423    26.140
   647.726     4.473    26.140
   648.936     4.473    26.140
   649.036     4.524    26.140
   649.136     4.575    26.140
   649.236     4.626    26.140
   649.337     4.676    26.140
   649.438     4.778    26.240
   649.539     4.778    26.240
   649.641     4.829    26.341
   649.743     4.880    26.341
   649.844     4.880    26.341
   649.944     4.931    26.391
   650.046     4.931    26.391
   650.146     5.032    26.442
   650.247     5.083    26.442
   650.348     5.185    26.492
   650.449     5.286    26.542
   650.550     5.338    26.542
   650.649     5.439    26.693
   650.751     5.541    26.693
   650.852     5.693    26.743
   650.952     5.795    26.743
   651.053     5.948    26.743
   651.152     6.049    26.743
   651.253     6.151    26.743
   651.353     6.253    26.743
   651.455     6.354    26.743
   651.556     6.456    26.743
   651.657     6.557    26.794
   651.759     6.761    26.794
   651.859     6.913    26.844
   651.960     7.015    26.844
   652.060     7.066    26.844
   652.967     7.066    26.844
   653.066     7.167    26.844
   653.168     7.269    26.743
   653.269     7.320    26.743
   653.370     7.320    26.743
   653.471     7.371    26.743
   653.570     7.371    26.743
   653.672     7.422    26.743
   653.772     7.523    26.743
   653.873     7.625    26.743
   653.974     7.676    26.743
   654.073     7.676    26.743
   654.175     7.778    26.743
   654.275     7.879    26.743
   654.376     7.930    26.743
   654.477     8.032    26.743
   654.576     8.133    26.743
   655.080     8.133    26.743
   655.181     8.184    26.743
   655.281     8.235    26.743
   655.384     8.286    26.743
   655.487     8.337    26.743
   655.990     8.337    26.743
   656.092     8.438    26.743
   656.191     8.641    26.743
   656.292     8.693    26.794
   656.393     8.744    26.894
   656.493     8.744    26.944
   656.595     8.845    26.994
   656.695     8.896    26.994
   656.796     8.997    26.994
   656.896     9.099    27.095
   656.997     9.150    27.146
   657.098     9.303    27.146
   657.197     9.353    27.146
   657.298     9.404    27.196
   657.398     9.404    27.196
   657.499     9.455    27.196
   657.601     9.506    27.196
   657.701     9.709    27.196
   657.802     9.862    27.196
   657.902    10.014    27.196
   658.002    10.167    27.196
   658.103    10.370    27.196
   658.204    10.573    27.196
   658.305    10.675    27.196
   659.715    10.675    27.196
   659.814    10.929    27.146
   659.916    10.980    27.146
   660.016    11.133    27.146
   660.116    11.234    27.146
   660.217    11.285    27.146
   660.418    11.285    27.146
   660.520    11.387    27.146
   660.620    11.488    27.146
   660.720    11.590    27.146
   660.820    11.641    27.146
   660.922    11.692    27.146
   661.324    11.692    27.146
   661.424    11.794    27.146
   661.524    11.844    27.146
   661.626    12.048    27.146
   661.726    12.150    27.146
   661.827    12.302    27.146
   661.927    12.302    27.146
   662.027    12.403    27.146
   662.129    12.454    27.146
   663.236    12.454    27.146
   663.337    12.506    27.146
   663.438    12.556    27.146
   663.549    12.607    27.146
   663.650    12.658    27.146
   663.752    12.810    27.146
   663.853    12.861    27.146
   663.953    12.912    27.146
   664.355    12.912    27.146
   664.455    13.014    27.146
   664.759    13.014    27.146
   664.859    13.115    27.146
   664.960    13.166    27.296
   665.060    13.217    27.296
   665.160    13.217    27.346
   665.261    13.268    27.346
   665.362    13.369    27.346
   665.462    13.471    27.346
   665.562    13.522    27.346
   665.665    13.522    27.346
   665.766    13.522    27.296
   665.866    13.573    27.296
   665.966    13.624    27.296
   666.066    13.674    27.246
   666.169    13.725    27.246
   666.270    13.776    27.246
   667.075    13.776    27.246
   667.180    13.827    27.346
   667.280    13.928    27.497
   667.382    13.980    27.497
   667.482    14.081    27.548
   667.584    14.183    27.548
   667.685    14.183    27.548
   667.785    14.335    27.548
   667.886    14.335    27.497
   667.985    14.386    27.447
   668.088    14.488    27.447
   668.391    14.488    27.447
   668.492    14.539    27.447
   668.592    14.539    27.447
   668.693    14.590    27.447
   668.793    14.590    27.447
   668.895    14.640    27.447
   668.994    14.691    27.447
   669.095    14.742    27.447
   669.196    14.793    27.447
   669.297    14.793    27.447
   669.399    14.843    27.447
   669.499    14.843    27.447
   669.601    14.946    27.447
   669.701    15.098    27.447
   670.203    15.098    27.447
   670.304    15.199    27.447
   670.404    15.454    27.447
   670.506    15.454    27.346
   670.606    15.505    27.346
   670.708    15.505    27.346
   670.809    15.860    27.346
   671.010    15.860    27.346
   671.109    15.911    27.346
   671.312    15.911    27.346
   671.411    15.911    27.397
   672.418    15.911    27.397
   672.519    15.962    27.397
   672.923    15.962    27.397
   673.024    16.369    27.196
   673.125    16.471    27.196
   673.225    16.521    27.146
   673.628    16.521    27.146
   673.729    16.623    27.146
   673.829    16.724    27.296
   673.930    16.724    27.346
   674.030    16.724    27.397
   674.131    16.724    27.447
   674.230    16.724    27.548
   674.331    16.724    27.698
   674.433    16.724    27.849
   674.532    16.724    27.950
   674.733    16.724    27.950
   674.834    16.724    28.000
   675.438    16.724    28.000
   675.539    16.775    28.000
   675.640    16.775    28.050
   676.143    16.775    28.050
   676.244    16.775    28.100
   676.345    16.826    28.151
   678.058    16.826    28.151
   678.159    16.877    28.151
   678.260    16.877    28.151
   678.359    16.928    28.151
   678.561    16.928    28.151
   678.661    16.979    28.201
   678.763    16.979    28.302
   678.863    16.979    28.503
   678.964    16.979    28.603
   679.063    16.979    28.603
   679.164    16.877    28.704
   682.588    16.877    28.704
   682.687    16.877    28.754
   682.789    16.826    28.854
   682.889    16.826    28.854
   682.989    16.826    28.955
   683.091    16.877    29.106
   683.190    16.877    29.106
   683.291    16.877    29.156
   688.224    16.877    29.156
   688.325    16.928    29.156
   688.425    16.979    29.156
   688.928    16.979    29.156
   689.027    16.928    29.257
   689.129    16.826    29.307
   689.229    16.775    29.357
   698.200    16.775    29.357
   698.301    16.775    29.408
   698.603    16.775    29.408
   698.704    16.775    29.458
   698.804    16.775    29.458
   698.904    16.775    29.609
   699.910    16.775    29.609
   700.012    16.826    29.609
   700.514    16.826    29.609
   700.614    16.826    29.508
   700.716    16.826    29.508
   700.817    16.826    29.458
   700.918    16.826    29.458
   701.018    16.724    29.458
   703.535    16.724    29.458
   703.637    16.724    29.408
   703.738    16.724    29.357
   704.644    16.724    29.357
   704.746    16.724    29.257
   705.952    16.724    29.257
   706.052    16.724    29.206
   706.153    16.724    29.156
   706.254    16.724    29.056
   706.354    16.724    28.905
   706.455    16.724    28.905
   706.556    16.724    28.804
   706.656    16.724    28.754
   706.757    16.724    28.754
   706.858    16.775    28.654
   706.958    16.775    28.654
   707.059    16.826    28.503
   707.160    16.877    28.402
   707.868    16.877    28.402
   707.968    16.928    28.352
   710.084    16.928    28.352
   710.185    16.928    28.251
   710.286    16.928    28.151
   710.387    16.928    28.050
   710.487    16.979    27.950
   710.588    16.979    27.900
   710.689    17.030    27.849
   711.293    17.030    27.849
   711.394    17.080    27.849
   711.696    17.080    27.849
   711.796    17.080    27.799
   711.896    17.080    27.799
   711.997    17.080    27.749
   712.098    17.080    27.698
   712.198    17.080    27.648
   712.298    17.080    27.598
   713.004    17.080    27.598
   713.104    17.080    27.497
   713.204    17.131    27.447
   713.307    17.131    27.296
   713.407    17.182    27.146
   714.112    17.182    27.146
   714.213    17.233    27.045
   715.621    17.233    27.045
   715.723    17.283    27.045
   718.237    17.283    27.045
   718.339    17.233    27.045
   718.440    17.182    27.045
   718.541    17.131    27.045
   718.642    17.080    27.045
   718.742    16.979    27.045
   718.843    16.877    27.045
   718.942    16.775    27.045
   719.044    16.724    27.045
   719.345    16.724    27.045
   719.446    16.674    26.994
   719.546    16.674    26.944
   719.646    16.674    26.894
   719.748    16.623    26.894
   719.849    16.623    26.844
   719.949    16.572    26.844
   720.050    16.572    26.794
   720.150    16.572    26.743
   720.251    16.521    26.693
   720.352    16.521    26.643
   720.452    16.471    26.592
   720.556    16.369    26.542
   720.656    16.216    26.442
   720.757    16.115    26.391
   720.857    16.013    26.341
   720.958    15.962    26.291
   721.058    15.911    26.240
   721.158    15.759    26.140
   721.260    15.657    26.140
   722.569    15.657    26.140
   722.670    15.505    26.140
   722.770    15.403    26.140
   722.872    15.403    26.140
   722.973    15.403    25.989
   723.073    15.403    25.939
   723.477    15.403    25.939
   723.578    15.301    25.888
   724.989    15.301    25.888
   725.090    15.199    25.888
   725.190    15.149    25.888
   725.291    15.149    25.838
   725.812    15.149    25.838
   725.895    15.098    25.788
   725.995    15.098    25.738
   726.096    15.098    25.738
   726.197    15.047    25.537
   726.297    15.047    25.386
   726.600    15.047    25.386
   726.700    14.996    25.286
   726.801    14.946    25.286
   727.203    14.946    25.286
   727.303    14.894    25.286
   729.818    14.894    25.286
   729.920    14.894    25.185
   730.019    14.894    25.134
   730.120    15.098    24.934
   730.222    15.149    24.883
   730.321    15.149    24.883
   730.423    15.199    24.883
   730.524    15.250    24.883
   731.330    15.250    24.883
   731.431    15.352    24.883
   732.438    15.352    24.883
   732.538    15.352    24.934
   732.640    15.352    25.034
   732.940    15.352    25.034
   733.041    15.352    25.084
   734.450    15.352    25.084
   734.552    15.250    25.185
   734.652    15.149    25.235
   734.753    14.946    25.386
   734.853    14.894    25.436
   735.759    14.894    25.436
   735.859    14.843    25.436
   735.961    14.793    25.436
   737.169    14.793    25.436
   737.270    14.793    25.486
   737.369    14.793    25.486
   737.470    14.843    25.537
   737.572    14.946    25.537
   737.672    14.996    25.587
   737.774    15.047    25.688
   737.875    15.047    25.888
   737.975    15.047    25.939
   738.177    15.047    25.939
   738.276    15.098    25.888
   738.378    15.098    25.838
   740.093    15.098    25.838
   740.193    15.250    25.888
   740.294    15.352    26.090
   740.394    15.403    26.190
   740.495    15.403    26.240
   740.595    15.505    26.291
   740.696    15.657    26.291
   740.797    15.759    26.291
   740.897    15.809    26.291
   740.999    15.911    26.291
   741.100    16.013    26.341
   741.201    16.115    26.442
   741.302    16.267    26.492
   741.402    16.420    26.643
   741.503    16.572    26.693
   741.602    16.724    26.693
   741.704    16.775    26.693
   741.805    16.877    26.693
   741.904    16.877    26.693
   742.005    16.979    26.693
   742.106    17.131    26.693
   742.208    17.335    26.693
   742.308    17.487    26.693
   742.912    17.487    26.693
   743.012    17.436    26.693
   743.113    17.436    26.693
   743.214    17.436    26.794
   743.315    17.436    26.794
   743.415    17.386    26.794
   743.516    17.233    26.844
   743.616    17.182    26.743
   744.019    17.182    26.743
   744.120    17.080    26.743
   745.024    17.080    26.743
   745.125    17.030    26.743
   745.226    16.877    26.743
   747.743    16.877    26.743
   747.845    16.877    26.794
   747.945    16.775    26.844
   748.046    16.724    26.894
   748.147    16.674    26.894
   751.673    16.674    26.894
   751.773    16.724    26.894
   751.874    16.826    26.944
   751.975    16.928    26.944
   752.075    16.928    26.944
   752.176    16.979    26.944
   752.276    17.030    27.095
   752.376    17.080    27.146
   752.578    17.080    27.146
   752.680    17.131    27.146
   752.780    17.233    27.146
   752.881    17.233    27.146
   752.981    17.283    27.146
   753.081    17.283    27.146
   753.182    17.335    27.146
   753.282    17.335    27.146
   753.383    17.386    27.146
   753.483    17.436    27.146
   753.584    17.436    27.196
   753.685    17.487    27.296
   753.786    17.538    27.346
   753.887    17.538    27.397
   753.986    17.538    27.397
   754.088    17.589    27.397
   754.189    17.589    27.447
   755.097    17.589    27.447
   755.197    17.589    27.397
   755.298    17.538    27.346
   755.399    17.538    27.346
   755.499    17.487    27.346
   756.607    17.487    27.346
   756.708    17.487    27.397
   756.808    17.487    27.397
   756.909    17.487    27.447
   757.009    17.487    27.598
   757.111    17.487    27.648
   757.211    17.487    27.698
   757.311    17.487    27.698
   757.414    17.487    27.749
   757.515    17.487    27.799
   757.615    17.487    27.849
   757.717    17.487    27.900
   757.817    17.487    27.950
   757.918    17.487    28.000
   758.019    17.487    28.050
   758.219    17.487    28.050
   758.330    17.487    28.151
   758.432    17.487    28.201
   758.532    17.487    28.302
   758.634    17.538    28.402
   758.734    17.589    28.452
   758.937    17.589    28.452
   759.037    17.639    28.553
   759.539    17.639    28.553
   759.641    17.639    28.603
   760.043    17.639    28.603
   760.143    17.690    28.704
   760.243    17.690    28.754
   760.344    17.690    28.955
   760.444    17.792    29.056
   760.545    17.792    29.206
   760.645    17.894    29.307
   760.948    17.894    29.307
   761.048    17.945    29.307
   761.148    18.046    29.307
   761.249    18.148    29.307
   761.351    18.301    29.357
   761.451    18.301    29.357
   761.552    18.301    29.408
   761.652    18.301    29.458
   761.955    18.301    29.458
   762.055    18.301    29.508
   762.155    18.301    29.508
   762.256    18.301    29.558
   762.356    18.301    29.659
   762.457    18.301    29.709
   762.559    18.301    29.759
   762.660    18.301    29.759
   762.761    18.301    29.810
   762.860    18.301    29.810
   762.962    18.301    29.860
   763.061    18.301    29.910
   763.163    18.199    29.910
   763.263    18.097    29.960
   763.363    18.097    30.011
   763.465    18.046    30.111
   763.665    18.046    30.111
   763.767    18.046    30.162
   763.865    18.046    30.212
   764.168    18.046    30.212
   764.270    18.097    30.363
   764.369    18.097    30.614
   764.470    18.097    30.714
   765.277    18.097    30.714
   765.378    18.097    30.765
   765.478    18.097    30.815
   765.579    18.046    30.815
