     2.941    23.740    14.829
     3.317    23.740    14.829
     3.417    24.096    14.829
     3.718    24.096    14.829
     3.819    23.994    14.829
    43.912    23.994    14.829
    44.014    23.943    14.779
    44.116    23.841    14.679
    44.518    23.841    14.679
    44.618    23.841    14.629
    44.718    23.841    14.629
    44.818    23.841    14.578
    45.524    23.841    14.578
    45.624    23.943    14.578
    46.026    23.943    14.578
    46.126    23.943    14.528
   124.028    23.943    14.528
   124.128    23.943    14.629
   124.229    23.943    14.629
   124.329    23.841    14.629
   124.431    23.638    14.578
   124.532    23.282    14.629
   124.632    22.876    14.679
   124.732    22.876    14.729
   124.832    22.825    14.829
   125.034    22.825    14.829
   125.135    22.825    14.930
   125.235    22.825    15.031
   177.260    22.825    15.031
   177.361    23.079    15.031
   177.460    23.181    15.081
   217.436    23.181    15.081
   217.538    23.232    14.980
   343.671    23.232    14.980
   343.772    23.536    14.629
   343.873    23.536    14.578
   343.973    23.435    14.528
   344.074    23.384    14.528
   344.174    23.384    14.528
   344.276    23.282    14.528
   367.919    23.282    14.528
   368.019    23.232    14.528
   368.120    23.232    14.528
   368.220    23.232    14.427
   368.321    23.232    14.377
   368.521    23.232    14.377
   368.622    23.181    14.377
   368.923    23.181    14.377
   369.025    23.130    14.477
   369.126    23.079    14.578
   369.226    23.079    14.729
   369.327    23.079    14.930
   369.427    23.181    15.131
   369.528    23.232    15.383
   369.628    23.232    15.483
   369.728    23.333    15.634
   369.830    23.435    15.935
   369.930    23.485    16.137
   370.031    23.485    16.187
   370.131    23.536    16.237
   370.232    23.740    16.438
   370.332    23.740    16.438
   370.433    23.791    16.438
   370.535    24.096    16.639
   370.634    24.096    16.790
   370.735    24.096    16.941
   370.836    24.147    17.091
   370.936    24.248    17.293
   371.037    24.553    17.544
   371.137    24.706    17.846
   371.238    24.706    18.047
   371.338    24.706    18.147
   371.942    24.706    18.147
   372.043    24.655    18.248
   372.143    24.655    18.298
   372.949    24.655    18.298
   373.048    24.451    18.600
   373.150    24.350    18.751
   373.251    24.350    18.751
   373.351    24.604    18.751
   373.453    24.655    18.751
   373.553    24.706    18.801
   373.654    24.858    18.801
   373.752    25.062    18.801
   373.854    25.163    18.801
   375.363    25.163    18.801
   375.463    25.722    18.801
   375.764    25.722    18.801
   375.865    26.587    18.700
   375.966    26.688    18.700
   376.067    26.688    18.751
   376.168    26.688    18.901
   378.581    26.688    18.901
   378.683    26.638    19.153
   378.783    26.638    19.153
   378.883    26.587    19.303
   378.984    26.485    19.454
   379.286    26.485    19.454
   379.387    26.332    19.655
   379.487    25.977    19.957
   379.587    25.926    20.108
   379.688    25.875    20.258
   379.788    25.824    20.460
   379.888    25.773    20.711
   379.990    25.722    20.811
   386.730    25.722    20.811
   386.832    25.570    20.962
   387.032    25.570    20.962
   387.133    25.417    21.012
   387.234    25.265    21.012
   387.335    25.113    20.962
   387.435    25.011    20.912
   387.536    25.011    20.912
   387.635    24.960    20.912
   387.736    24.909    20.912
   390.454    24.909    20.912
   390.555    25.163    20.711
   390.656    25.468    20.560
   390.756    25.468    20.560
   390.857    25.519    20.460
   390.958    25.621    20.158
   391.059    25.621    20.057
   391.160    25.519    19.957
   391.259    25.468    19.907
   391.361    25.417    19.806
   391.662    25.417    19.806
   391.762    25.570    20.007
   391.864    25.570    20.057
   392.064    25.570    20.057
   392.165    25.621    20.208
   392.266    25.621    20.258
   393.575    25.621    20.258
   393.675    25.722    20.409
   393.777    25.824    20.409
   394.279    25.824    20.409
   394.380    25.977    20.409
   394.681    25.977    20.409
   394.783    26.179    20.409
   394.882    26.231    20.409
   395.688    26.231    20.409
   395.789    26.536    20.409
   396.091    26.536    20.409
   396.191    26.688    20.309
   396.293    26.739    20.309
   396.895    26.739    20.309
   396.997    26.891    20.158
   397.097    27.197    19.856
   397.901    27.197    19.856
   398.003    26.891    20.007
   398.104    26.841    20.007
   398.607    26.841    20.007
   398.707    26.688    19.957
   398.807    26.638    19.957
   398.908    26.587    19.856
   399.008    26.536    19.756
   399.110    26.536    19.605
   399.211    26.536    19.454
   399.310    26.536    19.303
   400.718    26.536    19.303
   400.819    26.536    19.454
   400.919    26.536    19.605
   401.020    26.536    19.655
   401.121    26.536    19.655
   401.222    26.536    19.706
   401.322    26.536    19.856
   401.624    26.536    19.856
   401.724    26.332    19.856
   401.825    26.179    19.856
   401.926    26.028    19.806
   402.026    25.875    19.806
   402.126    25.824    19.806
   402.227    25.824    19.806
   402.329    25.621    19.806
   402.429    25.316    19.706
   403.234    25.316    19.706
   403.335    25.265    19.655
   403.434    25.163    19.605
   403.536    25.011    19.505
   403.635    24.960    19.505
   415.911    24.960    19.505
   416.012    24.909    19.505
   416.113    24.655    19.454
   416.315    24.655    19.454
   416.416    24.451    19.454
   416.515    24.197    19.454
   416.616    24.045    19.454
   416.716    23.841    19.454
   416.817    23.435    19.454
   416.918    23.435    19.454
   417.018    23.130    19.454
   417.119    22.926    19.454
   417.220    22.622    19.454
   417.321    22.367    19.454
   417.419    22.011    19.404
   417.522    21.808    19.354
   417.622    21.757    19.354
   417.722    21.707    19.354
   417.823    21.656    19.354
   418.425    21.656    19.354
   418.528    21.656    19.303
   418.728    21.656    19.303
   418.829    21.656    19.052
   419.030    21.656    19.052
   419.130    21.656    19.002
   419.231    21.656    19.002
   419.333    21.452    18.951
   419.432    21.147    18.901
   419.534    20.944    18.801
   419.633    20.537    18.650
   419.734    20.232    18.499
   419.835    20.029    18.449
   419.935    19.927    18.399
   420.036    19.826    18.298
   420.136    19.724    18.197
   420.540    19.724    18.197
   420.639    19.775    18.197
   421.042    19.775    18.197
   421.142    19.927    18.197
   421.343    19.927    18.197
   421.445    20.080    18.197
   421.546    20.130    18.147
   422.853    20.130    18.147
   422.954    19.927    18.047
   423.054    19.673    17.997
   423.155    19.368    17.795
   423.255    19.215    17.745
   423.356    19.164    17.745
   423.457    19.012    17.594
   423.557    18.656    17.243
   423.658    18.504    17.142
   423.960    18.504    17.142
   424.060    18.199    16.941
   424.162    17.894    16.891
   424.263    17.538    16.840
   424.364    17.182    16.790
   424.463    16.928    16.740
   424.565    16.826    16.689
   424.666    16.826    16.639
   424.765    16.826    16.539
   424.865    16.826    16.489
   427.784    16.826    16.489
   427.884    16.775    16.388
   427.985    16.826    16.237
   428.186    16.826    16.237
   428.287    16.775    16.137
   428.387    16.623    15.785
   428.488    16.572    15.785
   428.790    16.572    15.785
   428.890    16.572    15.383
   428.991    16.572    15.231
   429.091    16.572    15.181
   434.525    16.572    15.181
   434.626    16.572    15.131
   434.827    16.572    15.131
   434.927    16.369    15.131
   435.028    16.267    15.081
   435.128    16.064    14.930
   435.253    16.013    14.829
   435.330    16.013    14.779
   435.430    16.013    14.779
   435.531    16.013    14.729
   435.632    16.013    14.729
   435.732    16.013    14.629
   435.833    16.013    14.578
   437.744    16.013    14.578
   437.844    15.759    14.629
   437.945    15.708    14.629
   438.147    15.708    14.629
   438.248    15.657    14.477
   438.348    15.657    14.477
   438.449    15.352    14.226
   438.548    15.301    14.176
   438.650    15.301    14.176
   438.750    15.149    14.126
   439.756    15.149    14.126
   439.857    15.047    14.126
   440.864    15.047    14.126
   440.963    14.946    14.075
   441.065    14.946    14.025
   443.178    14.946    14.025
   443.279    14.437    14.075
   443.379    14.437    14.075
   443.480    14.081    14.075
   443.580    13.674    14.126
   443.680    13.522    14.126
   443.782    13.369    14.126
   443.882    13.115    14.126
   443.982    13.014    14.126
   444.084    12.861    14.126
   444.183    12.658    14.126
   444.285    12.556    14.126
   444.385    12.506    14.126
   444.485    12.200    14.277
   444.585    11.997    14.377
   444.687    11.946    14.377
   444.788    11.844    14.377
   444.889    11.692    14.377
   445.392    11.692    14.377
   445.493    11.794    14.427
   445.592    11.844    14.427
   445.693    11.895    14.427
   445.793    11.946    14.427
   445.895    11.946    14.427
   445.995    11.946    14.477
   446.096    11.946    14.578
   446.398    11.946    14.578
   446.498    11.997    14.327
   446.800    11.997    14.327
   446.901    11.997    14.176
   447.102    11.997    14.176
   447.204    11.997    14.327
   447.304    11.997    14.377
   447.405    11.997    14.377
   447.505    12.099    14.377
   447.807    12.099    14.377
   447.908    12.251    14.427
   448.007    12.454    14.477
   448.109    12.658    14.477
   448.210    12.759    14.578
   448.310    12.861    14.578
   448.411    13.115    14.578
   448.510    13.420    14.578
   448.611    13.420    14.528
   448.712    13.522    14.427
   448.813    13.522    14.377
   448.913    13.522    14.327
   449.014    13.522    14.327
   449.115    13.522    14.277
   449.316    13.522    14.277
   449.417    13.522    14.126
   449.516    13.471    14.126
   449.617    13.471    14.126
   449.718    13.471    14.075
   451.027    13.471    14.075
   451.127    13.522    13.975
   451.228    13.522    13.975
   451.329    13.522    13.925
   451.429    13.522    13.874
   451.529    13.522    13.774
   455.185    13.522    13.774
   455.285    13.522    13.925
   455.889    13.522    13.925
   455.990    13.471    14.126
   456.090    13.471    14.176
   456.191    13.471    14.226
   456.592    13.471    14.226
   456.693    13.573    14.226
   456.793    13.624    14.226
   456.894    13.725    14.277
   457.096    13.725    14.277
   457.197    13.827    14.277
   457.297    13.928    14.327
   457.397    14.030    14.377
   457.498    14.081    14.377
   457.599    14.132    14.477
   457.700    14.183    14.477
   457.800    14.234    14.477
   457.901    14.386    14.477
   458.001    14.488    14.477
   458.102    14.640    14.477
   458.204    14.742    14.477
   458.305    14.843    14.477
   458.406    14.946    14.477
   458.506    15.047    14.477
   458.606    15.149    14.477
   458.708    15.403    14.477
   458.807    15.555    14.477
   458.908    15.708    14.477
   459.008    16.064    14.477
   459.110    16.115    14.477
   459.210    16.216    14.477
   459.311    16.420    14.477
   459.412    16.471    14.477
   459.512    16.674    14.477
   459.612    16.877    14.477
   459.712    16.928    14.477
   459.813    16.979    14.477
   459.915    16.979    14.427
   460.014    17.080    14.427
   460.117    17.131    14.377
   460.216    17.283    14.327
   460.318    17.283    14.327
   460.418    17.335    14.277
   460.519    17.335    14.226
   460.719    17.335    14.226
   460.820    17.335    14.176
   460.920    17.335    14.075
   461.021    17.335    14.025
   461.122    17.436    13.975
   461.223    17.792    13.925
   461.324    17.792    13.925
   461.424    17.894    13.774
   461.525    17.995    13.673
   461.625    18.097    13.673
   461.725    17.945    13.673
   462.430    17.945    13.673
   462.530    18.148    13.673
   462.832    18.148    13.673
   462.932    18.402    13.623
   463.035    18.402    13.573
   463.135    18.402    13.523
   463.236    18.402    13.523
   463.337    18.707    13.472
   463.438    18.758    13.472
   463.638    18.758    13.472
   463.740    18.860    13.573
   463.840    18.911    13.623
   463.940    18.911    13.723
   464.243    18.911    13.723
   464.342    19.012    13.422
   464.444    19.012    13.422
   464.544    19.164    13.221
   464.644    19.164    13.221
   464.746    19.368    13.171
   464.845    19.368    13.171
   464.946    19.368    13.070
   465.048    19.368    12.969
   465.149    19.470    12.769
   465.250    19.520    12.718
   465.350    19.622    12.718
   465.451    19.622    12.718
   465.551    19.724    12.718
   466.356    19.724    12.718
   466.456    19.724    12.668
   466.556    19.724    12.567
   466.657    19.724    12.517
   467.865    19.724    12.517
   467.965    19.775    12.517
   468.066    19.775    12.517
   468.167    19.826    12.467
   468.268    19.826    12.467
   468.368    19.826    12.417
   468.468    19.826    12.266
   468.569    19.826    12.115
   468.669    19.826    12.014
   468.771    19.826    12.014
   468.871    19.826    11.914
   468.971    19.826    11.914
   469.073    19.826    11.863
   470.482    19.826    11.863
   470.583    19.876    11.813
   470.683    19.876    11.763
   470.884    19.876    11.763
   470.985    19.876    11.663
   471.086    19.876    11.562
   471.186    19.876    11.512
   471.387    19.876    11.512
   471.488    19.876    11.461
   471.589    19.927    11.411
   471.991    19.927    11.411
   472.091    19.978    11.411
   472.193    20.080    11.411
   473.400    20.080    11.411
   473.500    20.080    11.361
   473.601    20.080    11.311
   473.702    20.080    11.260
   473.904    20.080    11.260
   474.003    20.080    11.109
   474.104    20.080    11.059
   474.206    20.080    11.059
   474.305    20.080    11.009
   474.406    20.080    10.909
   486.582    20.080    10.909
   486.681    19.927    11.109
   486.782    19.876    11.160
   486.882    19.826    11.210
   486.984    19.826    11.260
   498.154    19.826    11.260
   498.254    18.758    11.461
   498.356    18.656    11.461
   498.456    18.656    11.461
   498.556    18.351    11.512
   498.657    18.301    11.512
   498.757    18.301    11.512
   498.858    17.945    11.763
   498.958    17.995    11.763
   499.059    18.148    11.763
   499.160    18.301    11.964
   499.260    18.351    12.014
   499.361    18.504    12.014
   499.461    18.504    12.014
   499.561    18.605    11.964
   499.662    18.707    11.964
   499.762    18.707    11.964
   499.864    18.809    11.863
   499.964    18.860    11.863
   500.065    18.860    11.863
   500.166    18.911    11.763
   500.266    18.911    11.713
   500.367    18.911    11.612
   500.568    18.911    11.612
   500.668    18.911    11.512
   500.777    18.911    11.461
   501.280    18.911    11.461
   501.380    18.911    11.411
   501.480    18.911    11.361
   501.581    18.961    11.311
   501.681    18.961    11.260
   501.782    18.961    11.260
   501.882    18.961    11.210
   502.688    18.961    11.210
   502.790    18.961    11.160
   502.890    18.860    11.160
   502.991    18.809    11.160
   503.091    18.860    11.160
   503.192    19.317    11.059
   504.399    19.317    11.059
   504.500    19.317    11.009
   504.600    19.317    10.959
   504.702    19.317    10.707
   504.802    19.317    10.557
   504.903    19.317    10.456
   505.002    19.317    10.255
   505.104    19.215    10.104
   505.205    19.215    10.104
   505.305    19.215    10.004
   505.406    19.215     9.803
   505.506    19.215     9.601
   505.607    19.215     9.551
   505.709    19.215     9.501
   505.808    19.215     9.400
   505.909    19.215     9.350
   506.008    19.215     9.350
   506.109    19.215     9.250
   506.210    19.215     9.049
   506.311    19.215     9.049
   506.412    19.215     8.998
   506.512    19.114     8.948
   506.613    19.164     8.847
   507.318    19.164     8.847
   507.417    19.215     8.797
   507.518    19.317     8.445
   507.619    19.419     8.294
   507.719    19.571     8.094
   507.820    19.571     8.094
   507.921    19.571     8.043
   508.022    19.571     7.993
   508.122    19.571     7.742
   508.223    19.571     7.591
   508.324    19.571     7.540
   508.424    19.520     7.440
   508.525    19.470     7.239
   508.625    19.470     7.189
   508.725    19.419     7.088
   508.826    19.317     7.088
   508.927    18.758     7.088
   509.027    18.656     7.038
   509.128    18.555     6.988
   509.832    18.555     6.988
   509.932    18.605     6.937
   510.036    18.605     6.837
   510.136    18.605     6.736
   510.237    18.605     6.535
   510.337    18.707     6.234
   510.438    18.707     6.234
   510.539    18.707     6.133
   510.639    18.707     5.781
   510.740    18.707     5.580
   510.840    18.707     5.480
   510.940    18.707     5.379
   511.041    18.707     5.278
   512.148    18.707     5.278
   512.249    18.758     4.926
   512.349    18.758     4.726
   512.550    18.758     4.726
   512.650    18.758     4.524
   512.750    18.758     4.323
   512.953    18.758     4.323
   513.052    18.758     4.223
   513.153    18.707     4.022
   517.279    18.707     4.022
   517.379    19.215     3.519
   517.481    19.927     3.217
   517.582    20.486     3.117
   517.681    20.792     3.117
   517.782    21.147     3.016
   517.883    21.452     3.016
   517.983    21.910     3.016
   518.083    22.113     3.016
   518.184    22.367     3.016
   518.286    22.520     2.966
   518.386    22.570     2.916
   518.487    22.723     2.866
   518.587    22.977     2.866
   518.687    23.181     2.714
   518.789    23.333     2.614
   518.889    23.588     2.564
   518.989    23.740     2.564
   519.090    23.841     2.514
   519.190    23.892     2.514
   519.292    24.096     2.463
   519.392    24.197     2.463
   519.493    24.197     2.463
   519.593    24.248     2.413
   519.693    24.299     2.413
   519.793    24.553     2.413
   519.894    25.163     2.413
   519.996    25.417     2.413
   520.097    25.671     2.413
   520.198    25.926     2.413
   520.500    25.926     2.413
   520.600    26.078     2.413
   520.700    26.231     2.413
   520.801    26.485     2.413
   520.901    26.739     2.413
   521.002    26.790     2.413
   521.103    26.994     2.413
   521.203    26.994     2.413
   521.303    27.197     2.363
   522.007    27.197     2.363
   522.109    27.247     2.463
   522.209    27.247     2.514
   522.812    27.247     2.514
   522.914    27.095     2.614
   523.014    27.095     2.664
   523.116    26.943     2.815
   523.215    26.943     2.815
   523.317    26.943     2.866
   523.618    26.943     2.866
   523.718    26.943     2.815
   523.819    26.943     2.765
   523.919    26.891     2.664
   524.021    26.891     2.463
   524.122    26.891     2.413
   525.529    26.891     2.413
   525.629    26.841     2.413
   533.779    26.841     2.413
   533.879    27.247     2.463
   533.980    27.654     2.514
   534.081    27.705     2.514
   534.181    27.705     2.514
   534.282    27.959     2.514
   534.383    27.959     2.514
   534.484    28.061     2.514
   534.583    28.061     2.514
   534.684    28.366     2.514
   537.300    28.366     2.514
   537.400    28.468     2.514
   537.501    28.823     2.664
   537.601    28.823     2.664
   537.702    28.874     2.664
   537.903    28.874     2.664
   538.003    28.976     2.664
   538.306    28.976     2.664
   538.408    28.976     2.514
   538.507    28.976     2.463
   538.608    29.027     2.413
   538.709    29.027     2.313
   538.809    29.027     2.313
   538.910    28.823     2.313
   539.010    28.823     2.313
   539.111    28.823     2.112
   539.514    28.823     2.112
   539.614    28.823     2.061
   539.714    28.823     2.112
   540.821    28.823     2.112
   540.922    28.874     2.061
   541.023    29.179     1.709
   541.124    29.179     1.709
   541.225    29.179     1.609
   541.326    29.230     1.408
   541.426    29.281     1.106
   541.527    29.281     1.056
   541.626    29.383     1.056
   541.727    29.891     1.006
   541.828    29.942     1.006
   541.928    29.942     1.006
   542.029    29.993     0.955
   542.130    29.993     0.704
   542.533    29.993     0.704
   542.632    29.993     0.654
   542.733    30.145     0.553
   542.833    30.399     0.553
   543.035    30.399     0.553
   543.135    30.399     0.603
   543.336    30.399     0.603
   543.440    30.603     0.553
   543.541    30.603     0.553
   543.640    30.653     0.553
   543.741    30.653     0.553
   543.841    30.755     0.503
   543.942    30.857     0.503
   544.042    30.857     0.503
   544.144    30.857     0.452
   544.244    30.959     0.452
   544.446    30.959     0.452
   544.546    31.009     0.452
   544.646    31.009     0.452
   544.747    31.009     0.352
   544.847    31.009     0.302
   545.954    31.009     0.302
   546.054    30.959     0.302
   546.155    30.959     0.302
   546.255    31.060     0.302
   546.356    31.212     0.302
   546.658    31.212     0.302
   546.758    31.365     0.352
   546.859    31.467     0.352
   546.960    31.518     0.352
   547.563    31.518     0.352
   547.664    31.670     0.352
   547.764    31.874     0.302
   547.865    31.924     0.302
   547.965    32.026     0.302
   548.066    32.178     0.302
   548.166    32.280     0.302
   548.268    32.433     0.302
   548.368    32.534     0.302
   548.469    32.585     0.302
   548.570    32.636     0.302
   548.669    32.636     0.302
   548.770    32.687     0.302
   548.871    32.738     0.302
   549.172    32.738     0.302
   549.274    32.839     0.352
   549.375    32.890     0.352
   567.183    32.890     0.352
   567.284    33.246     3.368
   567.384    33.246     0.654
   581.517    33.246     0.654
   581.617    33.348     0.654
   581.717    33.348     0.654
   581.819    33.399     0.654
   581.919    33.500     0.704
   582.020    33.551     0.804
   582.121    33.602     0.804
   582.222    33.652     0.804
   582.322    33.652     0.804
   582.422    33.755     0.854
   582.523    33.805     0.854
   582.624    33.856     0.905
   582.724    33.856     0.955
   582.825    33.907     1.006
   583.430    33.907     1.006
   583.531    33.958     1.106
   583.630    34.110     1.156
   583.731    34.212     1.206
   583.832    34.263     1.206
   583.932    34.263     1.206
   584.032    34.314     1.357
   584.132    34.314     1.357
   584.234    34.314     1.458
   584.335    34.314     1.558
   584.436    34.314     1.709
   584.537    34.314     1.810
   584.635    34.314     1.911
   584.736    34.364     2.011
   584.836    34.415     2.212
   584.938    34.466     2.313
   585.240    34.466     2.313
   585.340    34.517     2.313
   585.441    34.517     2.463
   585.542    34.517     2.463
   585.643    34.517     2.664
   585.744    34.517     2.916
   585.843    34.517     3.016
   585.945    34.517     3.016
   586.045    34.517     3.066
   586.347    34.517     3.066
   586.448    34.568     3.217
   586.850    34.568     3.217
   586.951    34.619     3.318
   587.051    34.619     3.469
   587.152    34.619     3.519
   587.252    34.619     3.569
   587.353    34.619     3.720
   587.455    34.619     3.820
   587.554    34.619     3.871
   587.655    34.619     4.022
   587.754    34.619     4.122
   587.855    34.568     4.273
   587.956    34.568     4.323
   588.057    34.619     4.424
   588.159    34.619     4.524
   588.259    34.619     4.574
   588.360    34.619     4.574
   588.462    34.670     4.726
   591.077    34.670     4.726
   591.178    34.670     4.876
   591.278    34.670     5.027
   591.378    34.670     5.077
   591.479    34.670     5.077
   591.580    34.670     5.178
   591.680    34.670     5.228
   591.982    34.670     5.228
   592.083    34.517     5.329
   592.685    34.517     5.329
   592.787    34.568     5.429
   592.886    34.619     5.429
   593.290    34.619     5.429
   593.392    34.771     5.580
   593.501    34.771     5.630
   594.407    34.771     5.630
   594.506    34.771     5.781
   594.607    34.873     6.032
   595.211    34.873     6.032
   595.312    34.873     6.284
   595.413    34.873     6.334
   597.828    34.873     6.334
   597.928    34.924     6.434
   598.029    34.924     6.535
   599.035    34.924     6.535
   599.135    34.924     6.736
   599.740    34.924     6.736
   599.840    34.974     6.837
   599.940    35.178     7.289
   600.042    35.178     7.390
   600.343    35.178     7.390
   600.444    35.178     7.189
   600.544    35.178     7.038
   600.746    35.178     7.038
   600.846    35.076     6.887
   604.064    35.076     6.887
   604.165    35.229     7.138
   604.266    35.229     7.189
   604.367    35.229     7.189
   604.467    35.229     7.239
   604.568    35.127     7.591
   604.669    35.127     7.742
   604.768    35.127     7.892
   604.969    35.127     7.892
   605.071    35.127     7.993
   605.172    35.127     8.194
   605.273    35.127     8.345
   605.373    35.127     8.445
   605.474    35.127     8.546
   605.575    35.127     8.697
   605.674    35.127     8.797
   605.776    35.127     8.948
   605.876    35.127     9.049
   605.976    34.924     9.250
   606.078    34.822     9.400
   606.178    34.568     9.652
   606.278    34.415     9.953
   606.378    34.364    10.104
   606.480    34.364    10.154
   606.582    34.364    10.205
   609.398    34.364    10.205
   609.498    34.517    10.557
   609.598    34.568    10.657
   609.700    34.619    10.758
   609.799    34.670    11.059
   609.900    34.771    11.210
   610.002    34.771    11.361
   610.102    34.771    11.411
   610.203    34.771    11.512
   611.007    34.771    11.512
   611.107    34.771    11.612
   611.208    34.822    11.612
   611.309    34.822    11.713
   612.315    34.822    11.713
   612.416    34.873    11.964
   612.516    34.873    12.065
   612.617    34.873    12.266
   612.717    34.873    12.467
   612.818    34.873    12.718
   612.918    34.873    12.819
   613.020    34.873    13.020
   613.121    34.873    13.171
   613.221    34.873    13.422
   613.322    34.873    13.472
   613.422    34.822    13.623
   613.924    34.822    13.623
   614.025    34.822    13.673
   614.127    34.822    13.874
   614.227    34.822    13.975
   614.328    34.822    14.126
   614.428    34.822    14.277
   614.528    34.822    14.277
   614.628    34.974    14.528
   614.729    35.025    14.629
   615.233    35.025    14.629
   615.334    35.025    14.779
   615.434    35.025    14.880
   615.534    35.025    15.181
   615.635    35.025    15.433
   615.735    35.025    15.583
   615.835    35.025    15.935
   615.937    35.025    16.337
   616.540    35.025    16.337
   616.640    35.025    16.539
   616.741    35.025    16.740
   617.044    35.025    16.740
   617.144    35.076    17.041
   617.345    35.076    17.041
   617.446    35.076    17.243
   617.545    35.076    17.393
   617.646    35.076    17.544
   617.748    35.076    17.745
   617.847    35.076    17.896
   617.949    35.076    17.896
   618.049    35.076    18.047
   618.150    35.025    18.248
   618.251    35.025    18.348
   618.350    35.025    18.348
   618.452    34.974    18.399
   618.551    34.974    18.399
   618.652    34.974    18.549
   618.752    34.924    18.751
   618.954    34.924    18.751
   619.054    34.873    18.901
   619.155    34.873    19.002
   619.255    34.873    19.153
   619.357    34.822    19.303
   619.458    34.822    19.354
   620.061    34.822    19.354
   620.162    34.873    19.555
   620.262    34.873    19.856
   620.363    34.873    19.907
   620.463    34.873    19.957
   620.564    34.873    20.108
   620.665    34.873    20.258
   620.766    34.873    20.258
   620.866    34.873    20.460
   620.967    34.873    20.661
   621.068    34.873    20.811
   621.169    34.873    20.862
   621.269    34.873    20.962
   621.370    34.873    21.113
   621.469    34.873    21.264
   621.570    34.873    21.314
   621.670    34.873    21.465
   621.771    34.822    21.515
   621.872    34.822    21.616
   621.972    34.822    21.817
   622.073    34.822    21.917
   624.186    34.822    21.917
   624.287    34.619    22.068
   624.587    34.619    22.068
   624.688    34.568    22.118
   626.399    34.568    22.118
   626.500    34.415    22.219
   626.600    34.263    22.370
   626.701    34.263    22.370
   626.801    34.008    22.520
   626.902    33.805    22.671
   627.002    33.704    22.722
   627.103    33.652    22.772
   627.204    33.602    22.822
   627.305    33.500    22.923
   627.406    33.449    23.074
   627.505    33.399    23.174
   627.606    33.348    23.325
   627.708    33.348    23.426
   627.807    33.297    23.576
   627.909    33.195    23.777
   628.008    33.043    23.928
   628.109    32.789    24.230
   628.211    32.636    24.431
   628.310    32.534    24.582
   628.412    32.230    24.783
   628.513    32.178    24.833
   628.615    32.178    24.833
   628.714    32.178    25.084
   628.815    32.178    25.084
   628.916    32.178    25.286
   629.017    32.178    25.386
   629.117    32.127    25.486
   629.218    32.026    25.738
   634.248    32.026    25.738
   634.347    31.823    26.140
   634.448    31.772    26.291
   634.548    31.772    26.291
   634.649    31.467    26.140
   634.750    31.365    26.140
   634.850    31.315    26.240
   634.951    30.755    26.240
   635.051    30.755    26.240
   635.152    30.653    26.291
   635.253    30.399    26.442
   635.354    30.349    26.442
   635.453    30.349    26.341
   635.554    30.196    26.391
   635.655    30.145    26.391
   635.755    30.043    26.391
   638.974    30.043    26.391
   639.075    29.637    26.391
   639.175    29.484    26.391
   639.276    29.484    26.391
   639.377    29.027    26.442
   639.477    28.976    26.442
   639.578    28.976    26.442
   639.678    28.569    26.693
   639.779    28.468    26.743
   639.879    28.468    26.743
   639.980    28.061    26.743
   640.082    27.909    26.743
   640.181    27.909    26.743
   640.283    27.705    26.743
   640.382    27.400    26.743
   640.584    27.400    26.743
   640.684    26.129    26.743
   640.784    25.977    26.794
   641.086    25.977    26.794
   641.186    25.875    26.894
   641.288    25.824    26.994
   641.389    25.671    27.095
   641.489    25.621    27.196
   641.588    25.570    27.296
   641.993    25.570    27.296
   642.093    25.621    27.296
   642.195    25.621    27.296
   642.295    25.519    27.196
   642.395    25.519    27.196
   642.497    25.417    27.196
   642.596    25.265    27.196
   642.797    25.265    27.196
   642.898    24.960    27.246
   642.999    24.807    27.246
   643.602    24.807    27.246
   643.703    23.892    27.196
   645.614    23.892    27.196
   645.714    23.638    27.146
   645.815    23.384    27.146
   645.916    23.384    27.146
   646.017    23.181    27.146
   646.117    23.130    27.196
   646.318    23.130    27.196
   646.419    23.028    27.296
   646.520    22.926    27.346
   646.620    22.825    27.397
   646.719    22.825    27.447
   646.821    22.825    27.447
   646.922    22.723    27.447
   647.023    22.622    27.548
   647.224    22.622    27.548
   647.325    22.316    27.548
   647.425    22.266    27.548
   647.625    22.266    27.548
   647.726    22.215    27.548
   647.828    22.011    27.548
   648.029    22.011    27.548
   648.129    21.910    27.548
   648.230    21.808    27.548
   648.934    21.808    27.548
   649.035    21.452    27.497
   649.237    21.452    27.497
   649.336    21.096    27.397
   649.437    21.045    27.397
   650.845    21.045    27.397
   650.946    20.944    27.397
   651.046    20.792    27.397
   651.147    20.639    27.397
   651.248    20.588    27.397
   651.348    20.486    27.397
   651.450    20.385    27.397
   651.549    20.232    27.397
   651.649    20.181    27.447
   652.253    20.181    27.447
   652.355    19.927    27.598
   652.455    19.826    27.648
   652.555    19.826    27.648
   652.656    19.826    27.698
   653.058    19.826    27.698
   653.158    19.520    27.648
   653.762    19.520    27.648
   653.863    19.368    27.648
   653.963    19.267    27.598
   654.064    19.267    27.548
   654.667    19.267    27.548
   654.768    19.114    27.548
   659.195    19.114    27.548
   659.306    19.012    27.648
   659.408    19.012    27.698
   659.507    18.961    27.698
   659.608    18.911    27.698
   660.614    18.911    27.698
   660.714    18.860    27.749
   661.118    18.860    27.749
   661.218    18.809    27.799
   661.319    18.707    27.799
   661.822    18.707    27.799
   661.921    18.656    27.950
   662.526    18.656    27.950
   662.626    18.504    28.050
   662.727    18.402    28.050
   665.545    18.402    28.050
   665.644    18.199    28.050
   665.746    18.046    28.050
   665.845    17.894    27.950
   665.947    17.894    27.900
   666.047    17.843    27.799
   666.148    17.741    27.749
   666.750    17.741    27.749
   666.852    17.690    27.849
   666.952    17.639    28.000
   667.154    17.639    28.000
   667.254    17.538    28.100
   667.355    17.538    28.151
   667.556    17.538    28.151
   667.657    17.538    28.452
   667.757    17.538    28.553
   668.058    17.538    28.553
   668.160    17.538    28.603
   668.260    17.538    28.654
   668.361    17.538    28.654
   668.461    17.589    28.804
   668.562    17.436    29.056
   669.267    17.436    29.056
