     0.094    21.460     2.180
     1.868    21.460     2.180
     1.970    21.358     2.180
     2.071    21.256     2.180
     2.172    21.256     2.180
     2.273    21.205     2.180
     2.375    21.154     2.180
     2.476    21.103     2.180
     2.575    21.052     2.180
     5.437    21.052     2.180
     5.537    21.001     2.180
     5.638    20.849     2.180
     5.739    20.747     2.180
     5.839    20.594     2.230
     5.940    20.441     2.280
     6.042    20.339     2.331
     6.253    20.136     2.381
     6.354    20.085     2.431
     6.454    20.033     2.431
     6.555    19.983     2.481
     6.656    19.881     2.481
     6.756    19.881     2.532
     7.261    19.881     2.532
     7.361    19.881     2.632
     7.665    19.881     2.632
     7.766    19.728     2.632
     7.866    19.677     2.632
     7.967    19.626     2.632
     8.671    19.626     2.632
     8.772    19.575     2.683
     8.876    19.422     2.834
     8.976    19.422     2.884
     9.989    19.422     2.884
    10.089    19.372     2.934
    10.191    19.372     2.934
    10.293    19.372     3.035
    10.393    19.372     3.136
    10.494    19.372     3.136
    10.593    19.372     3.186
    27.344    19.372     3.186
    27.445    19.372     3.236
    27.646    19.372     3.236
    27.747    19.372     3.286
    27.847    19.372     3.337
    27.949    19.372     3.437
    28.049    19.372     3.538
    28.150    19.372     3.639
    42.454    19.372     3.639
    42.554    19.422     3.639
    42.655    19.422     3.639
    42.755    19.474     3.639
    43.863    19.474     3.639
    43.964    19.474     3.689
    44.767    19.474     3.689
    44.869    19.474     3.740
    44.968    19.474     3.790
    45.070    19.474     3.840
    45.171    19.474     3.840
    45.271    19.474     3.891
    45.372    19.575     3.941
    45.472    19.575     4.041
    53.126    19.575     4.041
    53.226    19.524     4.041
    53.326    19.474     4.041
    53.427    19.422     4.041
    53.527    19.321     4.041
    53.630    19.321     4.041
    53.730    19.270     4.041
    53.831    19.219     4.041
    53.931    19.168     4.041
    54.133    19.168     4.041
    54.233    19.117     4.041
    54.837    19.117     4.041
    54.937    19.117     4.092
    55.038    19.066     4.192
    55.139    19.066     4.293
    55.540    19.066     4.293
    55.641    19.066     4.344
   142.730    19.066     4.344
   142.832    18.964     4.344
   142.931    18.913     4.394
   143.032    18.761     4.444
   143.133    18.710     4.495
   143.233    18.608     4.595
   143.335    18.455     4.645
   143.434    18.353     4.645
   143.535    18.302     4.696
   143.635    18.302     4.847
   143.737    18.302     4.947
   146.855    18.302     4.947
   146.957    18.302     5.098
   147.057    18.302     5.149
   152.189    18.302     5.149
   152.290    18.302     5.098
   152.389    18.302     5.048
   197.806    18.302     5.048
   197.910    18.251     4.897
   198.012    18.251     4.847
   200.728    18.251     4.847
   200.829    18.099     4.847
   200.929    18.047     4.847
   391.665    18.047     4.847
   391.767    19.117     6.457
   391.866    19.117     6.457
   391.968    19.117     6.507
   392.572    19.117     6.507
   392.673    19.066     6.507
   392.772    19.015     6.608
   392.975    19.015     6.608
   393.075    19.015     6.658
   393.176    19.015     6.709
   393.980    19.015     6.709
   394.082    18.964     6.709
   394.182    18.964     6.709
   394.282    18.913     6.759
   394.483    18.913     6.759
   394.583    18.913     6.859
   394.785    18.913     6.859
   394.887    18.913     6.910
   395.792    18.913     6.910
   395.893    18.913     6.960
   396.194    18.913     6.960
   396.295    18.913     7.010
   396.395    18.913     7.061
   396.496    18.913     7.061
   396.597    18.913     7.162
   396.697    18.913     7.262
   396.798    18.913     7.262
   396.898    18.913     7.413
   396.999    18.913     7.464
   397.100    18.913     7.564
   397.201    18.913     7.614
   397.302    18.913     7.665
   397.402    18.913     7.765
   397.502    18.913     7.765
   397.603    18.913     7.816
   398.208    18.913     7.816
   398.308    18.913     7.715
   398.408    18.862     7.564
   398.508    18.862     7.413
   398.608    18.862     7.313
   399.012    18.862     7.313
   399.113    18.811     7.313
   399.213    18.761     7.363
   399.313    18.761     7.413
   400.923    18.761     7.413
   401.023    18.710     7.665
   401.727    18.710     7.665
   401.828    18.811     7.614
   401.929    18.964     7.514
   402.029    19.015     7.413
   402.131    19.015     7.262
   402.231    19.015     7.111
   402.332    19.015     6.960
   402.432    19.015     6.960
   402.532    19.066     6.910
   402.633    19.219     6.809
   402.733    19.474     6.709
   402.834    19.524     6.658
   402.935    19.524     6.558
   403.036    19.575     6.507
   403.136    19.575     6.306
   403.237    19.575     6.205
   403.437    19.575     6.205
   403.538    19.677     6.004
   403.639    19.728     6.004
   403.739    19.830     6.004
   403.840    19.881     6.004
   403.940    20.033     6.004
   404.042    20.033     6.004
   404.143    20.033     5.954
   405.954    20.033     5.954
   406.056    19.983     5.853
   406.155    19.881     5.853
   406.255    19.830     5.753
   406.356    19.779     5.753
   406.457    19.728     5.652
   406.558    19.677     5.652
   406.658    19.626     5.601
   406.759    19.575     5.551
   406.859    19.422     5.501
   406.961    19.372     5.450
   407.463    19.372     5.450
   407.563    19.372     5.400
   407.664    19.372     5.350
   408.066    19.372     5.350
   408.167    19.372     5.249
   408.268    19.372     5.149
   408.368    19.372     5.048
   408.469    19.372     4.947
   408.569    19.321     4.897
   408.671    19.270     4.746
   408.770    19.117     4.696
   408.871    19.066     4.645
   408.973    18.964     4.645
   409.073    18.913     4.545
   409.173    18.913     4.545
   409.273    18.913     4.444
   409.977    18.913     4.444
   410.078    19.015     4.444
   410.180    19.015     4.444
   410.279    19.066     4.444
   410.380    19.066     4.444
   410.481    19.168     4.444
   410.582    19.474     4.444
   410.684    19.677     4.444
   410.783    19.728     4.444
   410.884    19.728     4.444
   410.985    19.830     4.444
   411.086    19.830     4.444
   411.185    19.932     4.444
   411.285    19.983     4.394
   411.387    20.033     4.394
   411.487    20.136     4.394
   411.790    20.136     4.394
   411.890    20.136     4.344
   411.991    20.238     4.344
   412.091    20.339     4.344
   412.191    20.696     4.344
   412.292    20.950     4.344
   412.393    21.256     4.344
   412.493    21.358     4.344
   412.594    21.409     4.344
   412.694    21.460     4.344
   412.796    21.460     4.344
   412.895    21.510     4.344
   412.997    21.663     4.344
   413.097    21.816     4.344
   413.198    22.020     4.344
   413.299    22.121     4.344
   413.803    22.121     4.344
   413.902    22.580     4.344
   414.004    22.733     4.344
   415.010    22.733     4.344
   415.109    22.784     4.344
   416.015    22.784     4.344
   416.115    22.936     4.344
   416.216    22.988     4.344
   417.625    22.988     4.344
   417.726    23.089     4.495
   417.825    23.140     4.545
   417.927    23.140     4.545
   418.026    23.191     4.595
   418.127    23.293     4.696
   418.227    23.293     4.796
   418.328    23.344     4.847
   418.429    23.446     4.847
   418.530    23.446     4.897
   418.833    23.446     4.897
   418.934    23.496     4.897
   419.134    23.496     4.897
   419.235    23.548     4.897
   419.335    23.599     4.897
   419.435    23.751     4.897
   419.536    23.853     4.897
   419.638    23.955     4.897
   419.738    24.006     4.897
   419.839    24.057     4.897
   419.938    24.159     4.897
   420.643    24.159     4.897
   420.745    24.159     4.947
   420.846    24.210     4.998
   420.946    24.311     5.048
   421.047    24.311     5.149
   421.147    24.413     5.199
   421.247    24.515     5.199
   421.348    24.515     5.199
   421.448    24.566     5.199
   421.549    24.566     5.249
   421.650    24.668     5.249
   421.751    24.668     5.300
   421.852    24.719     5.350
   421.952    24.770     5.450
   422.053    24.770     5.501
   422.153    24.770     5.551
   422.254    24.770     5.601
   422.454    24.770     5.601
   422.555    24.770     5.702
   422.655    24.770     5.753
   422.757    24.871     5.803
   422.857    24.923     5.853
   422.958    25.024     5.904
   423.059    25.075     6.004
   423.159    25.228     6.105
   423.260    25.228     6.155
   423.361    25.228     6.256
   423.461    25.228     6.407
   423.562    25.228     6.507
   423.662    25.228     6.558
   423.764    25.228     6.608
   425.574    25.228     6.608
   425.674    25.228     6.658
   425.774    25.228     6.658
   425.876    25.228     6.709
   425.977    25.228     6.809
   426.079    25.228     6.960
   426.180    25.075     7.262
   426.280    24.974     7.464
   426.381    24.871     7.665
   426.481    24.617     7.866
   426.581    24.464     8.168
   426.682    24.260     8.319
   426.783    24.210     8.319
   427.085    24.210     8.319
   427.186    24.057     8.319
   427.285    24.057     8.369
   427.386    23.955     8.470
   427.486    23.853     8.520
   427.588    23.751     8.571
   428.192    23.751     8.571
   428.293    23.649     8.571
   430.204    23.649     8.571
   430.306    23.496     8.621
   430.407    23.242     8.722
   430.509    23.089     8.822
   430.811    23.089     8.822
   430.911    22.835     9.023
   432.119    22.835     9.023
   432.220    22.682     9.174
   432.319    22.631     9.174
   435.036    22.631     9.174
   435.137    22.580     9.275
   435.237    22.529     9.376
   435.338    22.427     9.527
   435.438    22.376     9.627
   440.369    22.376     9.627
   440.470    22.478     9.577
   440.571    22.580     9.577
   440.772    22.580     9.577
   440.874    22.580     9.527
   440.974    22.631     9.527
   441.275    22.631     9.527
   441.376    22.682     9.527
   441.880    22.682     9.527
   441.980    22.631     9.527
   442.092    22.427     9.778
   442.191    22.376     9.929
   442.896    22.376     9.929
   442.996    22.376     9.980
   443.098    22.274    10.131
   443.197    22.172    10.231
   443.298    22.071    10.382
   443.398    21.969    10.584
   443.499    21.867    10.785
   443.600    21.816    10.986
   443.700    21.816    10.986
   443.802    21.816    11.037
   443.901    21.816    11.037
   444.005    21.816    11.137
   444.104    21.867    11.238
   444.205    21.867    11.338
   444.307    21.867    11.490
   444.406    21.867    11.490
   444.507    21.867    11.590
   444.607    21.918    11.691
   444.708    21.918    11.842
   444.809    21.918    11.993
   444.909    21.918    12.144
   445.010    21.918    12.345
   445.110    21.918    12.446
   445.210    21.918    12.848
   445.312    21.918    12.999
   445.412    21.918    13.150
   445.513    21.918    13.301
   445.614    21.918    13.553
   445.714    21.918    13.603
   445.815    21.918    13.654
   445.916    21.867    13.754
   446.017    21.663    13.905
   446.117    21.460    14.005
   446.217    21.358    14.106
   446.317    21.205    14.207
   446.418    21.154    14.207
   446.519    20.950    14.358
   446.620    20.849    14.358
   446.721    20.797    14.358
   446.822    20.797    14.358
   446.923    20.747    14.358
   447.123    20.747    14.358
   447.224    20.594    14.358
   447.324    20.339    14.358
   447.425    20.238    14.358
   447.525    20.186    14.358
   447.626    20.136    14.358
   447.727    20.085    14.358
   447.827    19.983    14.358
   447.928    19.932    14.358
   448.029    19.779    14.358
   448.129    19.677    14.358
   448.229    19.626    14.358
   448.331    19.575    14.358
   450.041    19.575    14.358
   450.142    19.270    14.459
   450.243    19.219    14.509
   450.344    19.219    14.509
   450.444    19.168    14.509
   450.544    19.117    14.509
   450.645    19.066    14.509
   450.745    19.015    14.509
   450.846    18.964    14.509
   450.946    18.710    14.509
   451.047    18.608    14.509
   451.148    18.353    14.509
   451.249    18.099    14.660
   451.350    17.997    14.760
   451.449    17.742    14.861
   451.550    17.640    14.912
   451.650    17.539    15.012
   451.752    17.436    15.012
   451.852    17.386    15.063
   453.461    17.386    15.063
   453.562    17.335    15.063
   453.662    17.335    15.113
   453.764    17.335    15.264
   453.864    17.283    15.314
   453.965    17.283    15.364
   454.065    17.283    15.415
   454.165    17.233    15.616
   454.266    17.182    15.767
   454.366    17.131    15.818
   454.468    17.131    15.868
   454.567    17.080    15.968
   455.070    17.080    15.968
   455.171    17.029    16.019
   455.272    16.927    16.069
   455.373    16.825    16.169
   455.473    16.520    16.371
   455.573    16.265    16.673
   455.675    16.061    16.824
   455.775    16.011    16.824
   455.875    15.909    16.824
   455.977    15.807    16.824
   456.077    15.756    16.824
   456.177    15.705    16.824
   456.278    15.705    16.824
   456.378    15.654    16.824
   456.479    15.603    16.824
   456.881    15.603    16.824
   456.982    15.552    16.874
   457.083    15.501    16.924
   457.184    15.400    17.025
   457.284    15.247    17.076
   457.384    15.247    17.076
   457.485    15.196    17.126
   457.586    15.145    17.176
   457.686    15.094    17.227
   457.786    14.992    17.377
   457.888    14.992    17.528
   457.988    14.992    17.629
   458.089    14.941    17.830
   458.189    14.890    18.132
   458.289    14.890    18.384
   458.391    14.890    18.434
   458.491    14.890    18.585
   458.592    14.890    18.736
   458.691    14.890    18.787
   458.793    14.890    18.837
   458.893    14.890    18.837
   458.995    14.941    18.937
   459.097    14.941    18.988
   459.197    14.941    18.988
   459.297    14.941    19.088
   459.701    14.941    19.088
   459.802    14.941    19.189
   459.902    14.839    19.592
   460.004    14.636    20.045
   460.104    14.585    20.246
   460.205    14.585    20.246
   460.305    14.585    20.296
   461.010    14.585    20.296
   461.109    14.585    20.346
   465.235    14.585    20.346
   465.336    14.534    20.397
   465.437    14.381    20.497
   465.538    14.381    20.598
   465.639    14.381    20.598
   465.739    14.330    20.598
   465.940    14.330    20.598
   466.041    14.330    20.649
   466.243    14.330    20.649
   466.343    14.330    20.699
   466.443    14.279    20.749
   466.544    14.228    20.850
   466.646    14.228    20.900
   466.747    14.177    20.950
   466.848    14.177    21.001
   466.948    14.177    21.051
   467.049    14.177    21.051
   467.148    14.177    21.152
   467.250    14.177    21.152
   467.351    14.177    21.252
   467.451    14.177    21.303
   467.552    14.177    21.353
   467.652    14.177    21.353
   467.752    14.177    21.454
   467.853    14.177    21.504
   467.954    14.177    21.555
   468.055    14.177    21.605
   468.154    14.177    21.605
   468.256    14.177    21.655
   468.356    14.177    21.705
   468.457    14.177    21.756
   473.087    14.177    21.756
   473.187    14.228    21.705
   473.289    14.228    21.655
   473.389    14.228    21.655
   473.489    14.228    21.555
   473.590    14.228    21.504
   473.690    14.228    21.403
   473.791    14.228    21.303
   473.892    14.228    21.252
   473.992    14.279    21.152
   474.395    14.279    21.152
   474.494    14.279    21.252
   474.596    14.279    21.303
   474.696    14.279    21.353
   474.797    14.279    21.353
   474.897    14.279    21.403
   474.999    14.330    21.403
   475.099    14.432    21.403
   475.200    14.483    21.454
   476.911    14.483    21.454
   477.011    14.585    21.555
   477.110    14.636    21.655
   477.212    14.737    21.705
   477.312    14.789    21.806
   477.413    14.941    21.856
   477.514    14.941    21.906
   477.614    15.043    21.906
   477.715    15.094    21.906
   477.815    15.196    21.906
   477.916    15.247    21.906
   478.620    15.247    21.906
   478.721    15.400    21.906
   478.821    15.450    21.906
   478.923    15.552    21.906
   479.023    15.705    22.007
   479.122    15.756    22.108
   479.224    15.756    22.209
   479.325    15.858    22.259
   479.426    15.960    22.410
   479.526    16.061    22.510
   479.627    16.164    22.561
   479.728    16.214    22.611
   479.829    16.316    22.661
   479.929    16.418    22.661
   480.029    16.571    22.661
   480.130    16.672    22.712
   480.230    16.775    22.813
   480.331    16.876    22.813
   480.432    17.029    22.863
   480.532    17.131    22.913
   480.633    17.182    23.114
   480.733    17.233    23.265
   480.835    17.335    23.265
   480.936    17.335    23.366
   481.036    17.436    23.416
   482.243    17.436    23.416
   482.343    17.539    23.618
   482.444    17.691    23.769
   482.545    17.691    23.869
   482.645    17.691    23.869
   482.746    17.742    23.919
   482.847    17.793    23.919
   482.948    17.844    23.919
   486.974    17.844    23.919
   487.073    17.844    23.819
   487.174    17.844    23.567
   487.274    17.844    23.467
   487.375    17.844    23.316
   487.476    17.640    23.265
   487.576    17.589    23.215
   487.677    17.539    23.215
   487.778    17.539    23.215
   487.879    17.539    23.165
   492.606    17.539    23.165
   492.708    17.539    23.114
   492.809    17.539    23.064
   515.060    17.539    23.064
   515.159    17.640    23.014
   561.060    17.640    23.014
   561.160    17.487    22.913
   561.261    17.386    22.913
   561.360    17.386    22.913
   561.462    17.233    22.863
   561.562    17.182    22.813
   561.662    17.182    22.661
   561.763    17.182    22.460
   561.864    17.131    22.460
   561.965    17.080    22.460
   562.367    17.080    22.460
   562.467    16.978    22.410
   562.567    16.825    22.410
   562.669    16.571    22.410
   562.770    16.469    22.410
   562.869    16.418    22.410
   562.970    16.367    22.309
   563.071    16.316    22.259
   563.172    16.316    22.158
   563.675    16.316    22.158
   563.775    16.316    21.906
   563.876    16.265    21.856
   563.977    16.265    21.756
   564.077    16.265    21.655
   564.178    16.214    21.605
   564.479    16.214    21.605
   564.579    16.164    21.555
   564.681    16.112    21.555
   564.781    16.112    21.555
   564.882    16.061    21.454
   564.982    15.960    21.403
   565.083    15.909    21.403
   573.131    15.909    21.403
   573.231    15.960    21.504
   573.332    15.960    21.555
   573.434    16.061    21.605
   573.533    16.164    21.605
   573.635    16.265    21.605
   573.735    16.316    21.605
   573.836    16.469    21.605
   573.938    16.469    21.605
   574.036    16.520    21.605
   574.742    16.520    21.605
   574.843    16.622    21.555
   574.943    16.723    21.555
   575.044    16.723    21.454
   575.748    16.723    21.454
   575.849    16.825    21.454
   576.754    16.825    21.454
   576.855    16.927    21.454
   576.955    17.029    21.454
   577.057    17.131    21.454
   577.155    17.233    21.454
   577.257    17.335    21.454
   577.860    17.335    21.454
   577.961    17.233    21.454
   578.062    17.080    21.403
   578.363    17.080    21.403
   578.464    17.080    21.353
   578.565    17.080    21.303
   578.665    17.131    21.303
   578.766    17.233    21.303
   578.867    17.283    21.303
   578.967    17.335    21.202
   579.268    17.335    21.202
   579.369    17.335    21.303
   579.470    17.335    21.303
   579.570    17.335    21.353
   579.671    17.335    21.403
   579.772    17.335    21.454
   579.873    17.335    21.504
   579.973    17.335    21.655
   580.073    17.335    21.756
   580.174    17.335    21.806
   580.274    17.386    21.906
   580.375    17.386    21.957
   583.996    17.386    21.957
   584.098    17.335    21.957
   584.198    17.335    21.906
   584.298    17.283    21.906
   584.398    17.233    21.856
   584.499    17.029    21.806
   584.600    16.876    21.806
   584.700    16.723    21.806
   585.103    16.723    21.806
   585.204    16.672    21.756
   585.304    16.571    21.756
   585.404    16.469    21.756
   588.322    16.469    21.756
   588.423    16.571    21.756
   588.523    16.672    21.756
   588.624    16.775    21.856
   588.726    16.775    21.906
   588.826    16.775    21.957
   588.927    16.775    22.007
   589.027    16.775    22.007
   589.127    16.825    22.007
   589.228    16.825    22.058
   589.528    16.825    22.058
   589.631    16.825    22.108
   589.832    16.825    22.108
   589.932    16.876    22.158
   590.032    16.978    22.259
   590.133    16.978    22.259
   590.233    17.029    22.259
   590.334    17.080    22.309
   590.435    17.131    22.410
   590.940    17.131    22.410
   591.040    17.131    22.561
   591.140    17.131    22.611
   591.945    17.131    22.611
   592.046    17.386    22.611
   592.146    17.436    22.661
   592.549    17.436    22.661
   592.650    17.436    22.813
   592.751    17.436    22.964
   593.152    17.436    22.964
   593.254    17.436    23.014
   593.354    17.436    23.064
   593.454    17.487    23.215
   593.555    17.487    23.366
   593.656    17.487    23.366
   593.756    17.640    23.416
   593.857    17.793    23.416
   593.958    17.844    23.416
   594.058    17.793    23.416
   594.158    17.640    23.416
   594.561    17.640    23.416
   594.661    17.640    23.517
   594.762    17.640    23.618
   594.862    17.640    23.668
   594.963    17.691    23.769
   595.064    17.946    23.819
   595.164    18.047    23.819
   595.265    18.099    23.819
   595.365    18.150    23.819
   595.466    18.251    23.919
   595.566    18.353    23.970
   595.667    18.455    24.121
   595.768    18.506    24.272
   595.868    18.506    24.473
   595.970    18.557    24.473
   596.070    18.608    24.473
   597.129    18.608    24.473
   597.229    18.658    24.473
   597.329    18.710    24.473
   597.430    18.710    24.473
   597.531    18.761    24.473
   599.744    18.761    24.473
   599.844    18.862    24.725
   600.045    18.862    24.725
   600.147    18.913    24.775
   600.247    19.015    24.876
   600.549    19.015    24.876
   600.650    19.117    24.977
   600.750    19.168    24.977
   600.850    19.219    25.128
   600.950    19.219    25.278
   601.051    19.219    25.329
   601.152    19.270    25.379
   601.253    19.372    25.480
   601.353    19.474    25.580
   601.454    19.575    25.631
   601.555    19.677    25.681
   601.654    19.779    25.681
   601.755    19.779    25.731
   601.857    19.881    25.731
   601.956    19.932    25.731
   602.057    19.983    25.782
   602.157    20.085    25.782
   602.259    20.186    25.832
   602.360    20.238    25.882
   602.460    20.288    25.882
   603.972    20.288    25.882
   604.086    20.339    25.983
   604.187    20.339    25.983
   604.287    20.339    26.033
   604.388    20.390    26.033
   604.488    20.390    26.083
   604.589    20.441    26.134
   604.689    20.492    26.234
   604.790    20.594    26.386
   604.890    20.645    26.436
   604.990    20.797    26.486
   605.092    20.899    26.537
   605.192    21.052    26.587
   605.292    21.052    26.738
   605.394    21.256    26.788
   605.494    21.409    26.788
   605.595    21.561    26.889
   605.696    21.663    26.889
   605.797    21.765    26.889
   605.897    21.816    26.889
   605.998    21.918    26.889
   606.099    22.020    26.889
   606.198    22.172    26.889
   606.300    22.274    26.889
   606.401    22.325    26.889
   606.501    22.376    26.889
   606.602    22.427    26.889
   606.702    22.427    26.889
   606.803    22.478    26.889
   608.816    22.478    26.889
   608.915    22.529    26.889
   609.015    22.580    26.889
   609.116    22.631    26.889
   609.217    22.784    26.889
   609.318    22.936    26.889
   609.418    23.038    26.889
   609.519    23.293    26.889
   609.620    23.446    26.889
   609.720    23.599    26.889
   609.821    23.649    26.889
   609.920    23.853    26.889
   610.021    23.955    26.889
   610.122    24.006    26.889
   610.223    24.159    26.889
   610.323    24.311    26.838
   610.424    24.515    26.838
   610.525    24.617    26.838
   610.626    24.719    26.838
   610.726    24.821    26.838
   610.826    24.923    26.838
   610.926    25.075    26.788
   611.029    25.177    26.788
   611.140    25.381    26.788
   611.240    25.737    26.788
   611.341    26.145    26.788
   611.442    26.501    26.788
   611.542    26.603    26.788
   611.644    26.705    26.788
   611.743    26.807    26.788
   611.844    26.909    26.788
   611.953    27.112    26.788
   612.053    27.265    26.788
   612.155    27.469    26.788
   612.255    27.621    26.738
   612.356    27.774    26.687
   612.456    27.978    26.637
   612.558    28.334    26.537
   612.657    28.640    26.537
   612.758    28.793    26.537
   612.859    29.098    26.537
   612.959    29.302    26.537
   613.060    29.404    26.537
   613.159    29.506    26.537
   613.261    29.608    26.537
   613.362    29.862    26.537
   613.462    29.913    26.537
   613.563    29.964    26.537
   614.568    29.964    26.537
   614.669    29.811    26.486
   614.770    29.811    26.386
   614.869    29.811    26.386
   614.971    29.760    26.386
   615.086    29.760    26.386
   615.187    29.760    26.335
   615.287    29.709    26.285
   615.389    29.659    26.234
   615.488    29.608    26.234
   615.590    29.556    26.184
   615.689    29.251    26.134
   615.790    29.200    26.134
   615.890    29.149    26.134
   615.991    29.098    26.134
   616.194    29.098    26.134
   616.294    29.098    26.083
   616.395    29.098    26.033
   616.495    29.098    26.033
   616.596    29.149    26.033
   617.905    29.149    26.033
   618.005    29.200    26.033
   618.106    29.302    26.033
   618.206    29.353    26.033
   619.717    29.353    26.033
   619.817    29.251    26.033
   619.917    29.200    26.033
   620.019    29.149    26.033
   620.119    29.149    26.033
   620.220    29.098    26.033
   621.227    29.098    26.033
   621.327    28.945    26.083
   621.429    28.844    26.083
   621.530    28.793    26.134
   622.132    28.793    26.134
   622.233    28.691    26.134
   622.333    28.487    26.184
   622.836    28.487    26.184
   622.937    28.334    26.234
   624.768    28.334    26.234
   624.868    28.131    26.234
   624.969    28.080    26.285
   625.070    28.029    26.335
   625.170    27.876    26.386
   625.271    27.723    26.436
   625.371    27.570    26.537
   625.473    27.418    26.587
   625.573    27.367    26.637
   625.673    27.265    26.637
   625.774    27.163    26.687
   625.874    27.163    26.788
   626.177    27.163    26.788
   626.277    27.112    26.788
   626.377    26.909    26.889
   626.478    26.705    26.889
   626.578    26.654    26.939
   626.679    26.552    26.989
   626.780    26.399    27.090
   626.880    26.298    27.090
   626.982    26.246    27.090
   627.585    26.246    27.090
   627.686    26.195    27.090
   627.786    26.093    27.090
   627.886    26.093    27.090
   627.987    26.042    27.090
   628.087    25.941    27.090
   628.189    25.890    27.090
   628.288    25.839    27.090
   628.793    25.839    27.090
   628.893    25.788    27.090
   628.993    25.686    27.090
   629.095    25.635    27.090
   629.195    25.585    27.090
   629.296    25.534    27.090
   629.396    25.482    27.090
   631.208    25.482    27.090
   631.309    25.381    27.141
   631.408    25.228    27.141
   631.510    25.126    27.141
   631.611    24.974    27.141
   631.711    24.871    27.141
   631.811    24.719    27.141
   631.912    24.515    27.141
   632.012    24.464    27.141
   632.113    24.413    27.141
   632.214    24.311    27.141
   632.315    24.159    27.141
   632.416    24.107    27.141
   632.517    24.057    27.141
   632.617    24.057    27.141
   632.718    24.006    27.141
   632.818    23.955    27.141
   632.918    23.853    27.141
   633.019    23.853    27.141
   633.120    23.751    27.141
   633.221    23.751    27.141
   633.322    23.700    27.141
   633.421    23.599    27.141
   633.523    23.548    27.141
   633.823    23.548    27.141
   633.925    23.496    27.141
   634.025    23.446    27.141
   634.125    23.344    27.141
   634.427    23.344    27.141
   634.529    23.293    27.141
   634.629    23.140    27.141
   634.730    23.089    27.141
   634.829    22.988    27.141
   635.332    22.988    27.141
   635.434    22.733    27.141
   635.534    22.631    27.141
   635.736    22.631    27.141
   635.838    22.427    27.141
   635.939    22.376    27.141
   636.039    22.224    27.141
   636.140    22.121    27.141
   636.239    22.020    27.141
   636.340    21.867    27.141
   636.441    21.765    27.141
   636.541    21.714    27.141
   637.044    21.714    27.141
   637.146    21.663    27.141
   637.347    21.663    27.141
   637.447    21.613    27.141
   637.548    21.613    27.141
   637.649    21.510    27.141
   637.749    21.460    27.141
   637.949    21.460    27.141
   638.051    21.409    27.141
   638.152    21.358    27.141
   638.252    21.307    27.141
   638.656    21.307    27.141
   638.757    21.256    27.141
   638.857    21.154    27.141
   638.958    21.103    27.141
   639.461    21.103    27.141
   639.562    21.001    27.141
   639.661    20.950    27.141
   639.762    20.849    27.090
   640.064    20.849    27.090
   640.164    20.797    27.090
   640.267    20.696    27.090
   640.366    20.645    27.090
   641.273    20.645    27.090
   641.373    20.747    27.090
   641.474    20.797    27.090
   641.574    21.001    27.090
   641.675    21.154    27.040
   641.775    21.256    27.040
   641.876    21.307    27.040
   641.976    21.409    27.040
   642.077    21.561    26.989
   642.178    21.613    26.939
   643.083    21.613    26.939
   643.184    21.613    26.889
   643.588    21.613    26.889
   643.688    21.613    26.838
   643.789    21.613    26.788
   643.990    21.613    26.788
   644.091    21.510    26.738
   644.192    21.460    26.738
   644.292    21.409    26.738
   644.393    21.358    26.738
   644.493    21.358    26.738
   644.593    21.307    26.738
   644.695    21.256    26.738
   645.197    21.256    26.738
   645.297    21.358    26.537
   645.399    21.358    26.486
   645.499    21.358    26.436
   645.600    21.358    26.386
   646.204    21.358    26.386
   646.305    21.409    26.386
   646.406    21.561    26.386
   646.506    21.714    26.335
   646.607    21.816    26.335
   646.706    21.918    26.285
   646.808    21.918    26.285
   646.907    21.969    26.285
   647.008    21.969    26.285
   647.110    22.020    26.285
   647.712    22.020    26.285
   647.814    21.816    26.234
   647.914    21.561    26.184
   648.016    21.510    26.184
   648.116    21.358    26.184
   648.217    21.154    26.184
   648.318    21.001    26.234
   648.418    20.899    26.285
   648.519    20.797    26.285
   648.619    20.696    26.285
   648.719    20.543    26.335
   648.820    20.441    26.386
   648.921    20.339    26.436
   650.430    20.339    26.436
   650.532    20.186    26.486
   650.632    20.136    26.486
   650.734    20.136    26.486
   650.832    20.085    26.486
   650.934    19.983    26.486
   651.034    19.881    26.486
   652.241    19.881    26.486
   652.342    20.033    26.486
   652.443    20.085    26.486
   652.744    20.085    26.486
   652.845    20.136    26.486
   654.858    20.136    26.486
   654.959    20.033    26.486
   655.060    19.983    26.436
   655.160    19.881    26.436
   655.261    19.830    26.436
   655.362    19.575    26.436
   655.463    19.474    26.436
   655.563    19.422    26.436
   655.763    19.422    26.436
   655.864    19.321    26.436
   655.965    19.270    26.436
   656.066    19.168    26.386
   656.167    19.066    26.386
   656.267    19.066    26.386
   656.368    18.964    26.386
   656.569    18.964    26.386
   656.668    18.862    26.386
   656.770    18.761    26.436
   656.870    18.608    26.587
   656.971    18.506    26.637
   657.072    18.404    26.738
   657.172    18.404    26.738
   657.274    18.353    26.788
   657.373    18.251    26.838
   657.475    18.150    26.889
   657.574    18.099    26.939
   660.594    18.099    26.939
   660.694    17.946    27.040
   661.802    17.946    27.040
   661.902    18.047    27.040
   664.417    18.047    27.040
   664.519    17.946    27.090
   664.618    17.793    27.191
   664.719    17.742    27.342
   664.820    17.691    27.392
   664.920    17.640    27.543
   665.021    17.487    27.694
   665.121    17.386    27.795
   665.223    17.386    27.845
   665.323    17.386    27.895
   665.424    17.386    27.946
   665.525    17.386    27.996
   665.624    17.487    28.046
   665.725    17.487    28.046
   665.825    17.539    28.096
   665.926    17.539    28.147
   666.027    17.539    28.197
   666.128    17.539    28.197
   666.230    17.539    28.298
   666.430    17.539    28.298
   666.531    17.539    28.348
   666.631    17.539    28.398
   666.732    17.539    28.398
   666.832    17.539    28.449
   667.436    17.539    28.449
   667.536    17.539    28.550
   667.637    17.539    28.701
   668.443    17.539    28.701
   668.543    17.589    28.801
   668.643    17.589    28.851
   668.743    17.589    28.952
   668.844    17.589    29.103
   668.946    17.640    29.153
   669.045    17.640    29.153
   669.147    17.640    29.204
   669.247    17.691    29.204
   669.548    17.691    29.204
   669.649    17.742    29.204
   669.950    17.742    29.204
   670.051    17.793    29.305
   670.152    17.793    29.405
   670.253    17.793    29.405
   670.353    17.793    29.506
   670.454    17.793    29.506
   670.554    17.793    29.556
   670.856    17.793    29.556
   670.957    17.793    29.606
   671.057    17.793    29.606
   671.159    17.793    29.707
   671.260    17.793    29.707
   671.361    17.844    29.757
   672.366    17.844    29.757
   672.467    17.895    29.757
   672.667    17.895    29.757
   672.768    17.895    29.808
   672.869    17.895    29.808
   672.969    17.895    29.908
   673.070    17.895    29.959
   673.170    17.895    30.009
   673.272    17.895    30.059
   673.372    17.946    30.059
   673.473    17.997    30.059
   673.572    17.997    30.110
   673.675    18.047    30.210
   673.775    18.099    30.210
   674.480    18.099    30.210
   674.579    18.099    30.260
   675.887    18.099    30.260
   675.989    18.150    30.260
   676.088    18.200    30.260
   682.629    18.200    30.260
   682.729    18.200    30.210
   682.829    18.200    30.160
   682.930    18.200    30.059
   683.032    18.200    30.059
   683.132    18.302    30.059
   683.233    18.302    29.959
   683.333    18.302    29.808
   683.434    18.302    29.556
   683.534    18.302    29.455
   683.634    18.302    29.455
   683.736    18.302    29.405
   683.836    18.302    29.305
   683.936    18.302    29.153
   684.036    18.302    29.053
   684.137    18.302    28.902
   684.239    18.302    28.851
   686.252    18.302    28.851
   686.355    18.302    29.002
   686.455    18.302    29.053
   686.556    18.302    29.204
   686.858    18.302    29.204
   686.958    18.302    29.305
   687.058    18.404    29.355
   687.159    18.455    29.455
   687.260    18.506    29.506
   687.361    18.557    29.506
   687.763    18.557    29.506
   687.864    18.557    29.656
   687.964    18.557    29.858
   688.065    18.557    29.959
   688.970    18.557    29.959
   689.071    18.557    30.009
   689.172    18.557    30.160
   689.274    18.557    30.361
   689.374    18.557    30.462
   689.474    18.557    30.512
   689.574    18.557    30.562
   704.264    18.557    30.562
