     3.210     1.373     3.114
   125.730     1.373     3.114
   125.830     1.269     3.114
   125.930     1.269     3.114
   126.030     1.269     3.014
   126.130     1.217     2.913
   126.230     1.171     2.863
   126.340     1.015     2.763
   126.440     0.865     2.763
   126.540     0.814     2.763
   126.740     0.814     2.763
   126.840     0.814     2.662
   126.940     0.814     2.612
   130.560     0.814     2.612
   130.660     0.814     2.562
   131.170     0.814     2.562
   131.270     0.762     2.462
   131.370     0.762     2.462
   131.470     0.762     2.411
   135.790     0.762     2.411
   135.900     0.710     2.361
   136.200     0.710     2.361
   136.300     0.710     2.311
   139.620     0.710     2.311
   139.720     0.664     2.261
   139.820     0.664     2.211
   163.170     0.664     2.211
   163.270     0.508     2.160
   163.370     0.508     2.160
   163.470     0.508     2.110
   163.570     0.664     2.060
   163.670     0.710     1.960
   163.770     0.710     1.909
   163.870     0.710     1.859
   163.970     0.710     1.809
   164.070     0.710     1.759
   166.990     0.710     1.759
   167.090     0.664     1.708
   167.190     0.612     1.708
   167.490     0.612     1.708
   167.600     0.508     1.759
   167.700     0.508     1.759
   167.800     0.508     1.859
   168.000     0.508     1.859
   168.100     0.508     1.909
   168.200     0.508     2.010
   168.300     0.508     2.010
   168.400     0.560     2.010
   168.500     0.560     2.010
   168.600     0.612     2.010
   169.110     0.612     2.010
   169.200     0.612     2.060
   169.410     0.612     2.060
   169.510     0.612     2.110
   169.610     0.612     2.110
   169.710     0.612     2.160
   170.210     0.612     2.160
   170.310     0.710     2.160
   170.410     0.762     2.160
   170.510     0.762     2.160
   170.610     0.762     2.060
   173.440     0.762     2.060
   173.540     0.762     2.010
   184.810     0.762     2.010
   184.910     0.612     1.960
   185.110     0.612     1.960
   185.210     0.612     1.909
   185.310     0.612     1.909
   185.420     0.664     1.909
   185.520     0.664     1.809
   185.620     0.710     1.708
   185.720     0.710     1.708
   185.820     0.710     1.658
   185.920     0.762     1.658
   186.020     0.762     1.608
   186.120     0.762     1.608
   186.220     0.762     1.558
   186.620     0.762     1.558
   186.720     0.814     1.508
   188.230     0.814     1.508
   188.330     0.814     1.457
   188.430     0.814     1.457
   188.530     0.814     1.307
   188.730     0.814     1.307
   188.840     0.917     1.307
   188.940     0.917     1.307
   189.040     0.964     1.307
   189.140     1.067     1.106
   189.240     1.067     1.106
   189.340     1.171     1.056
   189.440     1.269     1.056
   189.540     1.321     1.056
   189.740     1.321     1.056
   189.840     1.321     1.006
   190.440     1.321     1.006
   190.550     1.425     1.006
   190.650     1.477     1.006
   190.750     1.523     0.955
   190.850     1.523     0.905
   196.380     1.523     0.905
   196.480     1.575     0.905
   196.780     1.575     0.905
   196.880     1.627     0.905
   197.990     1.627     0.905
   198.090     1.731     0.905
   198.290     1.731     0.905
   198.390     1.731     0.955
   199.000     1.731     0.955
   199.100     1.777     0.955
   199.200     1.829     0.955
   199.300     1.881     0.955
   199.400     1.933     0.955
   200.910     1.933     0.955
   201.010     2.031     0.955
   201.410     2.031     0.955
   201.510     2.083     0.955
   203.620     2.083     0.955
   203.720     2.135     1.056
   206.840     2.135     1.056
   206.940     2.187     1.056
   207.650     2.187     1.056
   207.750     2.187     1.006
   208.050     2.187     1.006
   208.150     2.239     1.006
   208.350     2.239     1.006
   208.450     2.285     1.006
   209.760     2.285     1.006
   209.860     2.285     0.955
   210.870     2.285     0.955
   210.970     2.389     0.955
   224.960     2.389     0.955
   225.060     2.389     0.905
   285.530     2.389     0.905
   285.630     2.239     0.905
   285.730     2.187     0.905
   285.830     2.187     0.905
   285.930     2.239     0.905
   286.030     2.239     0.905
   286.130     2.285     0.905
   286.230     2.441     0.805
   286.330     2.493     0.805
   286.430     2.544     0.805
   364.790     2.544     0.805
   364.890     2.643     0.754
   365.190     2.643     0.754
   365.300     2.643     0.704
   602.600     2.643     0.704
   602.700     2.798     0.604
   606.830     2.798     0.604
   606.930     2.746     0.554
   607.030     2.746     0.554
   607.130     2.695     0.554
   607.830     2.695     0.554
   607.940     2.643     0.654
   608.030     2.643     0.704
   610.360     2.643     0.704
   610.460     2.591     0.704
   610.560     2.493     0.704
   610.660     2.493     0.704
   610.760     2.493     0.654
   610.860     2.544     0.604
   611.770     2.544     0.604
   611.870     2.493     0.604
   613.480     2.493     0.604
   613.580     2.441     0.604
   614.080     2.441     0.604
   614.190     2.389     0.604
   614.490     2.389     0.604
   614.590     2.337     0.654
   616.700     2.337     0.654
   616.800     2.337     0.704
   616.900     2.337     0.704
   617.000     2.285     0.704
   617.100     2.187     0.704
   632.900     2.187     0.704
   633.000     2.187     0.604
   633.310     2.187     0.604
   633.420     2.187     0.554
   633.720     2.187     0.554
   633.820     2.187     0.503
   634.120     2.187     0.503
   634.220     2.239     0.503
   634.620     2.239     0.503
   634.720     2.285     0.503
   635.630     2.285     0.503
   635.730     2.389     0.503
   662.490     2.389     0.503
   662.590     2.389     0.554
   662.690     2.389     0.554
   662.800     2.389     0.604
   662.900     2.389     0.604
   663.000     2.441     0.604
   663.300     2.441     0.604
   663.400     2.493     0.604
   686.040     2.493     0.604
   686.140     2.544     0.604
   738.560     2.544     0.604
   738.660     2.643     0.604
   738.760     2.746     0.604
   738.860     2.798     0.604
   738.960     2.845     0.654
   739.060     2.948     0.754
   739.260     2.948     0.754
   739.360     3.000     0.754
   739.470     3.098     0.754
   739.670     3.098     0.754
   739.770     3.098     0.805
   739.870     3.098     0.805
   739.970     3.098     0.905
   747.320     3.098     0.905
   747.420     3.202     0.905
   747.520     3.202     0.905
   747.620     3.254     0.955
   748.420     3.254     0.955
   748.520     3.352     1.006
   775.490     3.352     1.006
   775.590     3.456     1.056
   776.290     3.456     1.056
   776.400     3.508     1.056
   776.500     3.508     1.106
   776.600     3.508     1.106
   776.700     3.612     1.106
   804.770     3.612     1.106
   804.870     3.710     1.106
   805.170     3.710     1.106
   805.280     3.814     1.106
   805.380     3.866     1.106
   826.300     3.866     1.106
   826.400     3.866     1.006
   826.910     3.866     1.006
   827.010     3.912     1.006
   827.110     3.964     1.006
   827.810     3.964     1.006
   827.920     3.912     1.006
   863.130     3.912     1.006
   863.230     3.912     0.955
   875.910     3.912     0.955
   876.010     3.912     0.905
  1032.220     3.912     0.905
  1032.320     3.306     0.654
  1032.720     3.306     0.654
  1032.820     3.456     0.654
  1036.140     3.456     0.654
  1036.240     3.508     0.604
  1454.140     3.508     0.604
  1454.240     3.658     0.353
  1524.830     3.658     0.353
  1524.930     3.560     0.503
  1525.230     3.560     0.503
  1525.330     3.508     0.503
  1528.350     3.508     0.503
  1528.450     3.508     0.554
  2617.900     3.508     0.554
  2618.000     3.560     0.554
  2618.400     3.560     0.554
  2618.500     3.560     0.503
  2618.600     3.560     0.453
  2619.110     3.560     0.453
  2619.210     3.612     0.453
  2619.410     3.612     0.453
  2619.510     3.658     0.453
  2619.610     3.762     0.453
  2619.710     3.814     0.453
  2619.810     3.814     0.453
  2619.910     3.866     0.503
  2620.010     4.016     0.604
  2664.490     4.016     0.604
  2664.590     3.964     0.604
  2664.690     3.964     0.604
  2664.790     3.658     0.855
  2664.990     3.658     0.855
  2665.090     3.612     0.905
  2665.200     3.508     0.905
  2665.300     3.456     0.905
  2665.400     3.404     0.905
  2665.500     3.404     0.905
  2665.600     3.352     0.955
  2665.700     3.150     0.955
  2665.800     3.000     1.006
  2665.900     3.000     1.006
  2666.000     2.948     1.006
  2666.500     2.948     1.006
  2666.600     2.896     1.006
  2666.910     2.896     1.006
  2667.010     2.798     1.006
  2667.110     2.798     1.056
  2667.210     2.798     1.056
  2667.310     2.695     1.056
  2667.810     2.695     1.056
  2667.910     2.643     1.056
  2670.230     2.643     1.056
  2670.330     2.591     1.056
  2670.430     2.591     1.056
  2670.530     2.544     1.106
  2670.630     2.493     1.156
  2670.730     2.441     1.206
  2670.830     2.441     1.206
  2670.930     2.389     1.257
  2671.030     2.285     1.307
  2671.230     2.285     1.307
  2671.330     2.187     1.407
  2674.350     2.187     1.407
  2674.450     2.135     1.407
  2676.060     2.135     1.407
  2676.160     2.031     1.407
  2678.280     2.031     1.407
  2678.380     1.933     1.457
  2678.480     1.731     1.508
  2678.580     1.627     1.508
  2678.980     1.627     1.508
  2679.080     1.627     1.457
  2679.180     1.627     1.457
  2679.280     1.777     1.457
  2679.380     1.829     1.457
  2679.480     1.829     1.457
  2679.590     1.881     1.357
  2679.690     1.933     1.357
  2681.800     1.933     1.357
  2681.900     1.269     1.357
  2682.000     1.171     1.407
  2682.700     1.171     1.407
  2682.810     1.217     1.407
  2682.910     1.321     1.407
  2684.210     1.321     1.407
  2684.310     1.373     1.407
  2684.410     1.373     1.357
  2684.520     1.425     1.257
  2684.620     1.425     1.257
  2684.720     1.425     1.206
  2684.820     1.425     1.206
  2684.920     1.425     1.156
  2685.020     1.425     1.106
  2685.320     1.425     1.106
  2685.420     1.477     1.106
  2685.520     1.523     1.106
  2687.230     1.523     1.106
  2687.330     1.425     1.206
  2687.430     1.373     1.257
  2687.530     1.373     1.257
  2687.640     1.321     1.257
  2687.840     1.321     1.257
  2687.940     1.373     1.257
  2688.340     1.373     1.257
  2688.440     1.425     1.257
  2688.540     1.425     1.307
  2688.640     1.425     1.357
  2688.940     1.425     1.357
  2689.040     1.477     1.357
  2689.140     1.523     1.357
  2689.240     1.575     1.357
  2689.340     1.575     1.357
  2689.450     1.627     1.357
  2692.360     1.627     1.357
  2692.460     1.777     1.357
  2692.560     1.881     1.357
  2692.660     1.881     1.357
  2692.770     1.881     1.407
  2692.870     1.985     1.407
  2693.070     1.985     1.407
  2693.170     2.031     1.457
  2693.270     2.135     1.457
  2693.370     2.135     1.457
  2693.470     2.239     1.508
  2693.570     2.337     1.508
  2693.670     2.389     1.508
  2694.580     2.389     1.508
  2694.680     2.441     1.508
  2695.180     2.441     1.508
  2695.280     2.493     1.558
  2695.380     2.493     1.558
  2695.480     2.591     1.558
  2695.580     2.746     1.558
  2695.680     2.896     1.608
  2695.780     2.896     1.658
  2695.890     2.896     1.658
  2695.990     2.948     1.658
  2696.390     2.948     1.658
  2696.490     3.000     1.708
  2699.410     3.000     1.708
  2699.510     2.896     1.708
  2699.710     2.896     1.708
  2699.810     2.845     1.708
  2699.910     2.798     1.658
  2700.010     2.746     1.608
  2700.110     2.695     1.508
  2700.210     2.591     1.508
  2700.310     2.493     1.457
  2700.410     2.493     1.457
  2700.510     2.441     1.457
  2700.610     2.441     1.407
  2700.720     2.441     1.357
  2700.820     2.441     1.257
  2701.220     2.441     1.257
  2701.320     2.389     1.257
  2701.420     2.389     1.156
  2701.720     2.389     1.156
  2701.820     2.389     1.106
  2701.920     2.389     1.056
  2702.930     2.389     1.056
  2703.030     2.389     1.106
  2703.130     2.389     1.206
  2703.930     2.389     1.206
  2704.040     2.389     1.307
  2704.140     2.389     1.307
  2704.240     2.239     1.357
  2704.740     2.239     1.357
  2704.840     2.239     1.508
  2704.940     2.187     1.558
  2705.240     2.187     1.558
  2705.340     2.135     1.608
  2705.440     2.083     1.608
  2705.640     2.083     1.608
  2705.750     2.083     1.658
  2706.250     2.083     1.658
  2706.350     2.031     1.759
  2711.380     2.031     1.759
  2711.480     2.031     1.809
  2724.460     2.031     1.809
  2724.560     2.031     1.859
  2725.870     2.031     1.859
  2725.970     2.031     1.909
  2726.170     2.031     1.909
  2726.270     2.083     1.909
  2727.280     2.083     1.909
  2727.380     2.187     1.909
  2727.480     2.187     1.909
  2727.580     2.187     1.809
  2728.280     2.187     1.809
  2728.380     2.187     1.859
  2739.960     2.187     1.859
  2740.060     2.389     1.759
  2740.460     2.389     1.759
  2740.560     2.389     1.608
  2740.760     2.389     1.608
  2740.860     2.337     1.608
  2740.960     2.285     1.608
  2741.160     2.285     1.608
  2741.260     2.239     1.608
  2741.570     2.239     1.608
  2741.670     2.187     1.658
  2741.970     2.187     1.658
  2742.070     2.135     1.708
  2743.380     2.135     1.708
  2743.480     2.239     1.708
  2743.580     2.337     1.708
  2743.680     2.441     1.708
  2743.780     2.493     1.708
  2743.880     2.591     1.708
  2743.980     2.695     1.708
  2744.080     2.798     1.708
  2744.180     2.845     1.608
  2744.280     2.845     1.508
  2744.380     2.845     1.457
  2744.480     2.845     1.457
  2744.580     2.948     1.457
  2744.690     3.000     1.457
  2744.790     3.052     1.457
  2744.890     3.052     1.457
  2744.990     3.052     1.508
  2745.090     3.052     1.558
  2745.690     3.052     1.558
  2745.790     3.052     1.608
  2745.890     3.000     1.608
  2745.990     3.000     1.658
  2750.320     3.000     1.658
  2750.420     2.948     1.608
  2750.520     2.948     1.558
  2750.720     2.948     1.558
  2750.820     2.845     1.508
  2750.920     2.798     1.508
  2751.020     2.746     1.508
  2751.530     2.746     1.508
  2751.630     2.695     1.457
  2751.730     2.643     1.357
  2751.830     2.643     1.307
  2751.930     2.544     1.307
  2752.030     2.285     1.307
  2752.130     2.187     1.307
  2752.940     2.187     1.307
  2753.040     2.239     1.307
  2757.560     2.239     1.307
  2757.660     2.187     1.357
  2758.070     2.187     1.357
  2758.170     2.187     1.407
  2758.370     2.187     1.407
  2758.470     2.135     1.407
  2758.570     2.083     1.407
  2758.670     2.083     1.457
  2758.900     2.083     1.457
  2758.970     2.083     1.508
  2759.070     2.083     1.508
  2759.170     2.031     1.508
  2759.480     2.031     1.508
  2759.580     2.031     1.608
  2760.380     2.031     1.608
  2760.480     2.031     1.658
  2764.810     2.031     1.658
  2764.910     2.031     1.708
  2767.630     2.031     1.708
  2767.730     2.031     1.759
  2768.130     2.031     1.759
  2768.230     1.985     1.809
  2768.730     1.985     1.809
  2768.830     1.985     1.859
  2770.440     1.985     1.859
  2770.540     1.985     1.960
  2770.640     1.985     2.010
  2771.150     1.985     2.010
  2771.250     2.031     2.060
  2771.350     2.083     2.060
  2771.450     2.083     2.110
  2771.650     2.083     2.110
  2771.750     2.083     2.261
  3388.060     2.083     2.261
  3388.160     2.493     2.261
  3388.260     2.591     2.261
  3388.360     2.643     2.211
  3388.460     2.798     2.010
  3388.560     2.798     1.909
  3388.670     2.643     1.909
  3388.770     2.643     1.909
  3388.870     2.695     1.909
  3388.970     2.695     1.909
  3389.070     2.746     1.909
  3389.170     2.746     1.909
  3389.270     2.798     1.909
  3393.390     2.798     1.909
  3393.490     2.695     1.909
  3393.600     2.643     1.859
  3393.800     2.643     1.859
  3393.900     2.643     1.809
  3394.000     2.695     1.809
  3395.910     2.695     1.809
  3396.010     2.695     1.909
  3396.310     2.695     1.909
  3396.410     2.643     1.960
  3398.020     2.643     1.960
  3398.120     2.643     2.060
  3398.220     2.643     2.110
  3972.490     2.643     2.110
  3972.590     2.695     2.110
  3972.890     2.695     2.110
  3972.990     2.695     2.010
  3973.190     2.695     2.010
  3973.290     2.746     2.010
  3978.020     2.746     2.010
  3978.120     2.695     2.010
  3978.220     2.643     2.060
  3978.520     2.643     2.060
  3978.620     2.643     2.211
  3980.440     2.643     2.211
  3980.540     2.591     2.261
  3984.670     2.591     2.261
  3984.770     2.441     2.311
  3985.370     2.441     2.311
  3985.470     2.441     2.361
  3990.400     2.441     2.361
  3990.500     2.643     2.211
  3991.210     2.643     2.211
  3991.310     2.643     2.110
  3991.410     2.643     2.060
  3991.610     2.643     2.060
  3991.710     2.643     1.960
  3991.810     2.591     1.909
  3992.820     2.591     1.909
  3992.920     2.845     1.909
  3993.020     2.896     1.859
  3993.120     2.896     1.809
  3993.220     2.896     1.708
  3993.820     2.896     1.708
  3993.920     2.798     1.608
  3994.020     2.798     1.558
  3994.430     2.798     1.558
  3994.530     2.845     1.558
  3995.530     2.845     1.558
  3995.630     2.746     1.558
  3996.040     2.746     1.558
  3996.140     2.746     1.658
  3997.850     2.746     1.658
  3997.950     2.695     1.859
  3999.250     2.695     1.859
  3999.360     2.746     1.909
  4001.770     2.746     1.909
  4001.870     2.746     1.960
  4002.470     2.746     1.960
  4002.570     2.798     1.960
  4002.880     2.798     1.960
  4002.980     2.798     2.010
  4004.490     2.798     2.010
  4004.590     2.845     2.010
  4004.690     2.896     2.110
  4004.790     2.896     2.160
  4004.990     2.896     2.160
  4005.090     2.896     2.211
  4005.190     2.896     2.311
  4005.290     2.948     2.411
  4005.800     2.948     2.411
  4005.900     2.948     2.361
  4006.500     2.948     2.361
  4006.600     2.896     2.361
  4006.800     2.896     2.361
  4006.900     2.845     2.361
  4007.000     2.798     2.462
  4007.100     2.746     2.462
  4007.200     2.746     2.462
  4007.300     2.695     2.512
  4007.410     2.591     2.512
  4007.910     2.591     2.512
  4008.010     2.591     2.612
  4008.610     2.591     2.612
  4008.710     2.544     2.662
  4008.810     2.493     2.662
  4008.910     2.441     2.662
  4009.010     2.389     2.713
  4009.110     2.285     2.763
  4009.220     2.239     2.763
  4017.770     2.239     2.763
  4017.870     2.135     2.913
  4020.890     2.135     2.913
  4020.990     2.135     2.964
  4021.190     2.135     2.964
  4021.290     2.135     2.913
  4021.690     2.135     2.913
  4021.790     2.187     2.913
  4021.890     2.187     2.913
  4021.990     2.187     2.863
  4022.090     2.187     2.863
  4022.190     2.187     2.813
  4025.310     2.187     2.813
  4025.410     2.239     2.863
  4025.520     2.285     2.863
  4025.610     2.285     2.913
  4025.720     2.285     2.913
  4025.820     2.239     2.964
  4025.920     2.239     3.014
  4026.620     2.239     3.014
  4026.720     2.083     3.064
  4027.730     2.083     3.064
  4027.830     2.031     3.064
  4028.230     2.031     3.064
  4028.330     1.933     3.064
  4028.630     1.933     3.064
  4028.730     1.829     3.064
  4028.830     1.829     3.064
  4028.940     1.829     3.014
  4030.340     1.829     3.014
  4030.440     1.777     3.014
  4031.150     1.777     3.014
  4031.250     1.679     3.014
  4031.650     1.679     3.014
  4031.750     1.575     3.014
  4251.510     1.575     3.014
  4251.610     1.523     3.064
  4251.710     1.425     3.114
  4251.810     1.425     3.114
  4251.910     1.269     3.169
  4252.110     1.269     3.169
  4252.210     1.119     3.169
  4252.420     1.119     3.169
  4252.520     1.067     3.169
  4253.920     1.067     3.169
  4254.030     1.015     3.169
  4254.330     1.015     3.169
  4254.430     1.015     3.114
  4254.530     1.015     3.064
  4254.630     0.964     3.064
  4254.730     0.917     3.064
  4254.830     0.865     3.114
  4254.930     0.814     3.114
  4255.030     0.814     3.114
  4255.130     0.762     3.114
  4255.840     0.762     3.114
  4255.940     0.710     3.114
  4260.870     0.710     3.114
  4260.970     0.710     3.064
  4261.070     0.710     3.014
  4261.170     0.710     3.014
  4261.270     0.710     2.964
  4323.250     0.710     2.964
  4323.350     0.710     2.863
  4323.550     0.710     2.863
  4323.650     0.710     2.763
  4323.760     0.710     2.763
  4323.860     0.710     2.713
  4323.960     0.710     2.512
  4324.060     0.664     2.512
  4324.160     0.664     2.512
  4324.260     0.664     2.411
  4324.560     0.664     2.411
  4324.660     0.664     2.361
  4324.760     0.664     2.311
  4324.860     0.664     2.261
  4325.260     0.664     2.261
  4325.370     0.664     2.211
  4328.180     0.664     2.211
  4328.280     0.664     2.160
  4328.490     0.664     2.160
  4328.590     0.664     2.110
  4328.690     0.664     2.060
  4328.790     0.664     2.010
  4330.300     0.664     2.010
  4330.400     0.560     2.060
  4330.500     0.508     2.110
  4336.540     0.508     2.110
  4336.640     0.508     2.160
  4336.740     0.560     2.160
  4336.940     0.560     2.160
  4337.040     0.710     2.160
  4337.140     0.710     2.110
  4337.340     0.710     2.110
  4337.440     0.762     2.110
  4337.640     0.762     2.110
  4337.740     0.762     1.960
  4337.840     0.762     1.909
  4338.250     0.762     1.909
  4338.350     0.762     1.960
  4338.750     0.762     1.960
  4338.850     0.814     1.960
  4338.950     0.865     1.960
  4340.360     0.865     1.960
  4340.460     0.964     2.010
  4340.760     0.964     2.010
  4340.860     1.015     2.010
  4340.960     1.015     2.010
  4341.060     1.067     2.110
  4341.160     1.067     2.110
  4341.260     1.067     2.160
  4341.370     1.067     2.211
  4341.570     1.067     2.211
  4341.670     1.171     2.211
  4341.770     1.171     2.211
  4341.870     1.217     2.211
  4341.970     1.321     2.211
  4342.670     1.321     2.211
  4342.770     1.373     2.211
  4343.580     1.373     2.211
  4343.680     1.425     2.211
  4343.780     1.477     2.261
  4343.880     1.523     2.261
  4343.980     1.575     2.261
  4344.080     1.575     2.261
  4344.180     1.731     2.261
  4344.280     1.829     2.261
  4344.380     2.031     2.261
  4344.480     2.031     2.261
  4344.590     2.083     2.261
  4345.490     2.083     2.261
  4345.590     2.135     2.261
  4345.690     2.187     2.261
  4346.500     2.187     2.261
  4346.600     2.239     2.261
  4346.700     2.389     2.261
  4346.800     2.389     2.261
  4346.900     2.493     2.261
  4347.000     2.544     2.261
  4347.300     2.544     2.261
  4347.400     2.643     2.261
  4347.500     2.746     2.261
  4347.600     2.798     2.261
  4347.910     2.798     2.261
  4348.010     2.845     2.261
  4348.110     2.845     2.261
  4348.210     2.845     2.311
  4348.810     2.845     2.311
  4348.910     2.948     2.311
  4349.010     2.948     2.261
  4349.110     3.000     2.261
  4349.210     3.052     2.261
  4349.310     3.098     2.261
  4349.620     3.098     2.261
  4349.720     3.150     2.261
  4349.820     3.150     2.261
  4349.920     3.202     2.261
  4350.120     3.202     2.261
  4350.220     3.306     2.211
  4350.320     3.404     2.010
  4350.420     3.404     2.010
  4350.520     3.404     1.960
  4351.630     3.404     1.960
  4351.730     3.404     2.010
  4352.830     3.404     2.010
  4352.940     3.456     2.010
  4353.340     3.456     2.010
  4353.440     3.508     2.060
  4353.640     3.508     2.060
  4353.740     3.612     2.060
  4355.850     3.612     2.060
  4355.950     3.658     2.060
  4356.260     3.658     2.060
  4356.380     3.814     2.060
  4356.460     3.866     2.060
  4356.560     3.964     2.110
  4356.660     4.016     2.160
  4357.360     4.016     2.160
  4357.460     4.068     2.160
  4358.570     4.068     2.160
  4358.670     4.068     2.211
  4358.870     4.068     2.211
  4358.970     4.068     2.261
  4359.480     4.068     2.261
  4359.580     4.166     2.311
  4359.680     4.218     2.311
  4359.880     4.218     2.311
  4359.980     4.322     2.311
  4362.190     4.322     2.311
  4362.290     4.374     2.311
  4363.500     4.374     2.311
  4363.600     4.425     2.311
  4363.700     4.425     2.261
  4364.210     4.425     2.261
  4364.310     4.472     2.261
  4364.910     4.472     2.261
  4365.010     4.524     2.261
  4365.120     4.524     2.211
  4365.220     4.524     2.110
  4365.320     4.524     2.060
  4365.520     4.524     2.060
  4365.620     4.524     2.010
  4369.640     4.524     2.010
  4369.740     4.575     2.010
  4369.940     4.575     2.010
  4370.040     4.627     2.010
  4370.150     4.627     2.010
  4370.250     4.627     1.960
  4370.350     4.627     1.909
  4370.450     4.627     1.859
  4370.550     4.627     1.809
  4370.650     4.627     1.759
  4370.750     4.627     1.708
  4370.850     4.627     1.658
  4370.950     4.679     1.558
  4371.050     4.679     1.558
  4371.150     4.725     1.558
  4372.560     4.725     1.558
  4372.660     4.829     1.558
  4372.760     4.979     1.558
  4372.860     5.031     1.508
  4372.960     5.031     1.508
  4373.060     5.135     1.508
  4373.160     5.135     1.508
  4373.260     5.187     1.508
  4373.370     5.285     1.508
  4373.470     5.337     1.508
  4373.570     5.441     1.508
  4373.670     5.539     1.508
  4373.770     5.643     1.508
  4373.870     5.747     1.508
  4373.970     5.747     1.508
  4374.070     5.793     1.508
  4374.170     5.793     1.407
  4374.270     5.793     1.357
  4374.370     5.793     1.257
  4377.190     5.793     1.257
  4377.290     5.949     1.106
  4377.390     6.001     1.106
  4377.490     6.001     1.106
  4377.590     6.254     0.955
  4377.690     6.353     0.905
  4377.790     6.404     0.905
  4377.890     6.404     0.905
  4377.990     6.456     0.905
  4378.090     6.560     0.905
  4378.190     6.658     0.905
  4378.290     6.658     0.905
  4378.390     6.762     0.905
  4378.800     6.762     0.905
  4378.900     6.860     0.905
  4379.000     6.860     0.955
  4379.100     6.912     0.955
  4379.200     6.912     0.955
  4379.300     6.860     0.905
  4379.400     6.860     0.855
  4379.600     6.860     0.855
  4379.700     6.964     0.855
  4379.800     6.964     0.855
  4379.900     7.016     0.855
  4380.000     7.068     0.905
  4380.100     7.270     0.905
  4382.220     7.270     0.905
  4382.320     7.270     0.955
  4382.420     7.270     0.955
  4382.520     7.270     1.006
  4382.820     7.270     1.006
  4382.920     7.374     1.006
  4383.120     7.374     1.006
  4383.220     7.472     0.955
  4384.030     7.472     0.955
  4384.130     7.576     0.955
  4384.230     7.628     0.955
  4386.240     7.628     0.955
  4386.340     7.524     0.955
  4386.440     7.420     1.056
  4386.650     7.420     1.056
  4386.750     7.374     1.056
  4386.850     7.374     1.056
  4386.950     7.374     0.955
  4387.050     7.322     0.955
  4387.150     7.270     0.955
  4387.250     7.218     1.006
  4387.350     7.114     1.006
  4387.450     7.114     1.056
  4387.550     7.114     1.056
  4387.650     7.114     1.106
  4387.750     7.114     1.156
  4387.850     7.114     1.156
  4387.950     7.114     1.257
  4388.250     7.114     1.257
  4388.360     7.114     1.307
  4388.760     7.114     1.307
  4388.860     7.114     1.457
  4388.960     7.016     1.608
  4390.570     7.016     1.608
  4390.670     6.860     1.608
  4393.180     6.860     1.608
  4393.280     6.912     1.608
  4393.380     6.912     1.608
  4393.490     6.964     1.608
  4394.390     6.964     1.608
  4394.490     7.068     1.608
  4394.590     7.068     1.608
  4394.690     7.166     1.608
  4396.700     7.166     1.608
  4396.810     7.166     1.658
  4397.110     7.166     1.658
  4397.210     7.166     1.708
  4397.310     7.166     1.759
  4398.010     7.166     1.759
  4398.110     7.166     1.809
  4421.260     7.166     1.809
  4421.360     7.166     1.759
  4421.560     7.166     1.759
  4421.660     7.322     1.608
  4421.760     7.472     1.508
  4422.470     7.472     1.508
  4422.570     7.524     1.508
  4425.080     7.524     1.508
  4425.180     7.524     1.558
  4425.280     7.472     1.558
  4428.200     7.472     1.558
  4428.300     7.420     1.558
  4428.400     7.374     1.608
  4428.500     7.374     1.658
  4428.600     7.322     1.708
  4428.910     7.322     1.708
  4429.010     7.322     1.809
  4429.110     7.322     1.859
  4429.210     7.322     1.909
  4431.920     7.322     1.909
  4432.030     7.420     1.809
  4432.130     7.420     1.809
  4432.230     7.472     1.759
  4433.360     7.472     1.759
  4433.460     7.524     1.759
  4433.660     7.524     1.759
  4433.760     7.576     1.759
  4433.860     7.628     1.759
  4433.960     7.726     1.759
  4434.160     7.726     1.759
  4434.260     7.778     1.759
  4434.360     7.830     1.759
  4438.080     7.830     1.759
  4438.190     7.882     1.759
  4438.490     7.882     1.759
  4438.590     7.882     1.708
  4438.890     7.882     1.708
  4438.990     7.882     1.658
  4439.190     7.882     1.658
  4439.290     7.928     1.558
  4451.360     7.928     1.558
  4451.470     7.882     1.508
  4451.570     7.882     1.508
  4451.670     7.830     1.508
  4451.770     7.830     1.407
  4451.870     7.830     1.407
  4451.970     7.726     1.357
  4452.070     7.674     1.307
  4452.170     7.674     1.257
  4452.270     7.674     1.206
  4452.470     7.674     1.206
  4452.570     7.674     1.156
  4456.400     7.674     1.156
  4456.500     7.628     1.156
  4457.300     7.628     1.156
  4457.400     7.674     1.257
  4457.500     7.830     1.307
  4457.610     7.928     1.307
  4457.710     8.285     1.307
  4457.810     8.285     1.307
  4457.910     8.337     1.307
  4458.010     8.389     1.307
  4458.110     8.441     1.307
  4458.210     8.539     1.307
  4458.410     8.539     1.307
  4458.510     8.591     1.307
  4458.610     8.643     1.307
  4458.910     8.643     1.307
  4459.010     8.643     1.357
  4459.110     8.643     1.407
  4459.210     8.643     1.407
  4459.320     8.643     1.457
  4459.420     8.643     1.457
  4459.520     8.695     1.457
  4459.620     8.695     1.508
  4459.720     8.741     1.508
  4459.920     8.741     1.508
  4460.020     8.793     1.508
  4460.120     8.845     1.508
  4460.220     8.897     1.508
  4460.320     8.995     1.558
  4460.620     8.995     1.558
  4460.720     9.099     1.558
  4460.820     9.151     1.608
  4462.640     9.151     1.608
  4462.740     9.255     1.608
  4462.940     9.255     1.608
  4463.040     9.301     1.608
  4463.240     9.301     1.608
  4463.340     9.353     1.608
  4463.440     9.405     1.608
  4465.370     9.405     1.608
  4465.480     9.405     1.809
  4465.580     9.405     1.859
  4465.680     9.405     1.859
  4465.780     9.457     1.859
  4465.880     9.457     1.859
  4465.980     9.509     1.859
  4466.080     9.711     1.859
  4466.180     9.809     1.859
  4467.290     9.809     1.859
  4467.390     9.809     1.909
  4469.300     9.809     1.909
  4469.400     9.861     1.859
  4469.500     9.913     1.859
  4469.900     9.913     1.859
  4470.000     9.861     1.859
  4476.240     9.861     1.859
  4476.340     9.861     1.809
  4476.540     9.861     1.809
  4476.640     9.861     1.759
  4476.740     9.809     1.759
  4476.940     9.809     1.759
  4477.050     9.763     1.759
  4477.150     9.659     1.759
  4477.650     9.659     1.759
  4477.750     9.607     1.759
  4481.570     9.607     1.759
  4481.670     9.607     1.809
  4481.770     9.607     1.909
  4481.870     9.607     2.010
  4482.080     9.607     2.010
  4482.180     9.809     2.010
  4482.280     9.861     2.010
  4482.380     9.913     2.060
  4483.180     9.913     2.060
  4483.280     9.964     2.110
  4486.800     9.964     2.110
  4486.900     9.964     2.160
  4487.210     9.964     2.160
  4487.310     9.861     2.311
  4487.410     9.861     2.361
  4487.510     9.913     2.361
  4487.810     9.913     2.361
  4487.910     9.913     2.411
  4488.010     9.913     2.411
  4488.110     9.964     2.411
  4488.210    10.016     2.311
  4488.410    10.016     2.311
  4488.520    10.016     2.361
  4488.720    10.016     2.361
  4488.820    10.114     2.411
  4488.920    10.218     2.411
  4495.860    10.218     2.411
  4495.960    10.063     2.562
  4496.560    10.063     2.562
  4496.660    10.270     2.462
  4496.770    10.322     2.462
  4559.480    10.322     2.462
  4559.580    10.830     2.462
  4559.780    10.830     2.462
  4559.880    10.876     2.462
  4559.980    10.928     2.462
  4561.090    10.928     2.462
  4561.190    10.980     2.562
  4561.590    10.980     2.562
  4561.690    11.032     2.562
  4561.790    11.032     2.562
  4561.890    11.032     2.512
  4561.990    11.032     2.361
  4562.090    11.032     2.311
  4563.500    11.032     2.311
  4563.600    11.032     2.261
  4570.140    11.032     2.261
  4570.240    11.032     2.211
  4570.340    11.032     2.211
  4570.440    11.084     2.211
  4571.550    11.084     2.211
  4571.650    11.136     2.211
  4571.750    11.234     2.211
  4571.850    11.338     2.211
  4571.950    11.338     2.211
  4572.050    11.390     2.160
  4572.150    11.436     2.160
  4572.250    11.540     2.160
  4572.350    11.540     2.160
  4572.450    11.592     2.160
  4572.560    11.643     2.160
  4572.760    11.643     2.160
  4572.860    11.690     2.160
  4573.060    11.690     2.160
  4573.160    11.690     2.211
  4573.560    11.690     2.211
  4573.660    11.742     2.211
  4573.760    11.794     2.211
  4573.860    12.151     2.160
  4573.960    12.503     2.160
  4574.770    12.503     2.160
  4574.870    12.457     2.160
  4574.970    12.405     2.160
  4575.070    12.405     2.060
  4575.470    12.405     2.060
  4575.570    12.405     1.960
  4575.670    12.353     1.960
  4575.770    12.301     1.960
  4578.090    12.301     1.960
  4578.190    12.301     2.010
  4586.440    12.301     2.010
  4586.540    12.249     2.010
  4587.450    12.249     2.010
  4587.550    12.249     2.110
  4589.060    12.249     2.110
  4589.160    12.203     2.110
  4589.260    12.099     2.160
  4590.360    12.099     2.160
  4590.460    12.099     2.110
  4590.570    12.099     2.060
  4590.770    12.099     2.060
  4590.870    12.047     2.060
  4590.970    12.047     1.960
  4591.070    12.047     1.658
  4591.370    12.047     1.658
  4591.470    12.047     1.608
  4592.280    12.047     1.608
  4592.380    12.099     1.608
  4594.990    12.099     1.608
  4595.090    12.099     1.508
  4598.110    12.099     1.508
  4598.210    12.099     1.457
  4598.310    12.099     1.457
  4598.430    12.099     1.407
  4598.510    12.099     1.357
  4598.610    12.099     1.357
  4598.710    12.151     1.357
  4598.810    12.151     1.357
  4598.910    12.151     1.307
  4599.020    12.151     1.257
  4600.530    12.151     1.257
  4600.630    12.249     1.206
  4600.730    12.555     1.006
  4600.830    12.659     0.855
  4600.930    12.757     0.855
  4601.030    12.757     0.754
  4601.130    12.809     0.754
  4601.230    12.809     0.754
  4601.330    12.809     0.704
  4601.530    12.809     0.704
  4601.630    12.809     0.604
  4601.730    12.809     0.604
  4601.830    12.809     0.554
  4601.930    12.809     0.403
  4602.240    12.809     0.403
  4602.340    12.861     0.403
  4602.440    12.913     0.403
  4602.740    12.913     0.403
  4602.840    12.965     0.403
  4603.650    12.965     0.403
  4603.740    12.809     0.403
  4603.840    12.809     0.403
  4603.950    12.711     0.453
  4604.050    12.659     0.453
  4604.150    12.503     0.604
  4604.250    12.301     0.654
  4604.350    12.099     0.704
  4604.450    11.944     0.805
  4605.360    11.944     0.805
  4605.460    11.995     0.805
  4605.560    12.099     0.704
  4605.660    12.099     0.704
  4605.760    12.203     0.604
  4606.560    12.203     0.604
  4606.660    12.203     0.654
  4606.760    12.203     0.704
  4607.170    12.203     0.704
  4607.270    12.203     0.754
  4608.170    12.203     0.754
  4608.270    12.203     0.805
  4608.880    12.203     0.805
  4608.980    12.203     0.855
  4615.410    12.203     0.855
  4615.520    12.099     0.905
  4617.330    12.099     0.905
  4617.430    12.099     0.955
  4623.970    12.099     0.955
  4624.070    12.099     1.006
  4624.170    12.099     1.106
  4624.270    12.099     1.106
  4624.370    12.151     1.257
  4624.470    12.151     1.407
  4624.570    12.151     1.457
  4624.670    12.151     1.508
  4624.770    12.151     1.608
  4624.870    12.151     1.658
  4628.800    12.151     1.658
  4628.900    12.151     1.708
  4629.000    12.151     1.708
  4629.100    12.151     1.809
  4629.200    12.203     1.809
  4629.300    12.203     1.809
  4629.400    12.405     1.809
  4629.700    12.405     1.809
  4629.800    12.503     1.859
  4629.900    12.607     1.859
  4632.420    12.607     1.859
  4632.520    12.607     1.909
  4632.620    12.353     2.110
  4632.920    12.353     2.110
  4633.020    12.405     2.110
  4633.120    12.457     2.060
  4663.210    12.457     2.060
  4663.310    12.457     1.809
  4663.410    12.457     1.809
  4663.510    12.457     1.759
  4663.610    12.457     1.708
  4663.710    12.457     1.608
  4663.810    12.503     1.558
  4663.910    12.555     1.558
  4664.010    12.555     1.558
  4664.120    12.555     1.407
  4666.230    12.555     1.407
  4666.330    12.659     1.407
  4666.530    12.659     1.407
  4666.630    12.607     1.608
  4666.730    12.099     1.909
  4666.830    12.047     1.960
  4666.930    12.151     1.960
  4667.540    12.151     1.960
  4667.640    12.099     1.960
  4667.740    11.944     2.010
  4669.250    11.944     2.010
  4669.350    11.897     2.010
  4669.450    11.742     2.060
  4669.550    11.643     2.060
  4669.650    11.592     2.110
  4669.750    11.390     2.211
  4669.850    11.286     2.211
  4671.560    11.286     2.211
  4671.660    11.286     2.160
  4671.760    11.286     2.110
  4671.870    11.286     2.060
  4671.970    11.286     2.010
  4672.370    11.286     2.010
  4672.470    11.390     2.010
  4672.670    11.390     2.010
  4672.770    11.436     2.010
  4672.870    11.436     2.010
  4672.970    11.488     2.010
  4673.170    11.488     2.010
  4673.270    11.540     2.010
  4760.020    11.540     2.010
  4760.120    11.436     2.060
  4760.220    11.436     2.060
  4760.320    11.436     2.110
  4760.420    11.436     2.160
  4760.520    11.436     2.160
  4760.620    11.436     2.261
  4760.720    11.436     2.311
  4761.730    11.436     2.311
  4761.830    11.338     2.261
  4761.930    11.338     2.211
  5195.700    11.338     2.211
  5195.800    11.338     2.261
  5196.000    11.338     2.261
  5196.100    11.338     2.361
  5196.200    11.286     2.361
  5196.710    11.286     2.361
  5196.810    11.234     2.411
  5197.510    11.234     2.411
  5197.610    11.234     2.462
  5202.640    11.234     2.462
  5202.740    11.338     2.462
  5202.840    11.338     2.462
  5202.940    11.390     2.462
  5203.050    11.390     2.512
  5203.150    11.390     2.512
  5203.250    11.488     2.512
  5204.960    11.488     2.512
  5205.060    11.436     2.512
  5205.360    11.436     2.512
  5205.460    11.390     2.512
  5205.560    11.390     2.512
  5205.660    11.338     2.562
  5207.070    11.338     2.562
  5207.170    11.338     2.662
  5207.370    11.338     2.662
  5207.470    11.286     2.713
  5208.080    11.286     2.713
  5208.180    11.234     2.713
  5210.890    11.234     2.713
  5210.990    11.136     2.713
  5211.600    11.136     2.713
  5211.700    11.136     2.662
  5211.800    11.136     2.612
  5211.900    11.136     2.562
  5212.500    11.136     2.562
  5212.600    11.136     2.512
  5227.090    11.136     2.512
  5227.190    11.084     2.612
  5227.290    11.084     2.662
  5227.390    11.084     2.713
  5227.500    11.032     2.763
  5227.600    10.928     2.763
  5227.720    10.928     2.813
  5227.800    10.876     2.813
  5228.100    10.876     2.813
  5228.200    10.876     2.964
  5228.300    10.830     2.964
  5228.400    10.778     2.964
  5229.010    10.778     2.964
  5229.110    10.674     2.913
  5229.210    10.622     2.913
  5229.410    10.622     2.913
  5229.510    10.726     2.913
  5229.610    10.778     2.913
  5231.120    10.778     2.913
  5231.220    10.778     2.863
  5231.320    10.778     2.763
  5231.420    10.778     2.662
  5232.130    10.778     2.662
  5232.230    10.830     2.713
  5232.330    10.876     2.713
  5233.840    10.876     2.713
  5233.940    10.876     2.612
  5234.040    10.876     2.562
  5234.140    10.876     2.462
  5234.240    10.876     2.361
  5237.860    10.876     2.361
  5237.960    10.876     2.311
  5238.060    10.876     2.311
  5238.160    10.876     2.261
  5239.770    10.876     2.261
  5239.870    10.876     2.361
  5240.280    10.876     2.361
  5240.380    10.876     2.411
  5240.480    10.928     2.462
  5240.580    10.928     2.512
  5240.680    10.928     2.512
  5240.780    10.928     2.562
  5241.080    10.928     2.562
  5241.180    10.928     2.662
  5241.680    10.928     2.662
  5241.790    10.876     2.713
  5241.890    10.876     2.713
  5241.990    10.876     2.813
  5242.090    10.876     2.813
  5242.190    10.876     2.863
  5242.290    10.876     2.913
  5242.890    10.876     2.913
  5242.990    10.928     2.964
  5243.090    10.980     2.964
  5243.190    10.980     2.964
  5243.290    10.980     3.014
  5243.400    10.980     3.014
  5243.500    10.980     3.064
  5243.600    10.980     3.114
  5243.700    10.980     3.114
  5243.800    10.980     3.169
  5243.900    10.980     3.219
  5278.540    10.980     3.219
  5278.640    10.876     3.219
  5278.740    10.876     3.219
  5278.840    10.830     3.219
  5278.940    10.830     3.169
  5279.040    10.830     3.114
  5279.240    10.830     3.114
  5279.340    10.830     3.014
  5279.440    10.830     2.964
  5279.540    10.830     2.913
  5281.580    10.830     2.913
  5281.680    10.830     3.064
  5283.690    10.830     3.064
  5283.790    10.830     2.964
  5283.890    10.830     2.913
  5284.400    10.830     2.913
  5284.500    10.830     2.863
  5284.600    10.830     2.863
  5284.700    10.830     2.813
  5284.800    10.830     2.763
  5284.900    10.830     2.763
  5285.000    10.830     2.713
  5285.100    10.778     2.662
  5285.200    10.778     2.662
  5285.300    10.726     2.662
  5285.710    10.726     2.662
  5285.810    10.622     2.662
  5292.440    10.622     2.662
  5292.540    10.524     2.763
  5292.950    10.524     2.763
  5293.050    10.368     2.813
  5293.550    10.368     2.813
  5293.650    10.322     2.863
  5324.340    10.322     2.863
  5324.440    10.166     2.913
  5324.640    10.166     2.913
  5324.740    10.063     3.064
  5324.840    10.063     3.114
  5324.940    10.063     3.169
  5325.040    10.063     3.219
  5327.050    10.063     3.219
  5327.150    10.063     3.114
  5327.250    10.063     3.114
  5327.350    10.114     3.114
  5327.450    10.114     2.913
  5332.990    10.114     2.913
  5333.090    10.114     2.763
  5333.290    10.114     2.763
  5333.390    10.166     2.763
  5333.490    10.166     2.763
  5333.590    10.368     2.612
  5333.690    10.420     2.562
  5333.790    10.472     2.512
  5341.240    10.472     2.512
  5341.340    10.368     2.562
  5341.440    10.322     2.612
  5341.540    10.322     2.612
  5341.640    10.270     2.612
  5341.740    10.218     2.612
  5341.940    10.218     2.612
  5342.040    10.166     2.612
  5342.150    10.166     2.662
