     3.100     2.591     8.144
   322.960     2.591     8.144
   323.060     2.591     8.395
   323.160     2.695     8.697
   323.360     2.695     8.697
   323.460     2.591     8.697
   323.670     2.591     8.697
   323.770     2.591     8.747
   323.870     2.441     8.797
   323.970     2.389     8.847
   325.170     2.389     8.847
   325.270     2.389     8.948
   325.370     2.389     8.948
   325.480     2.285     9.249
   325.580     2.135     9.600
   325.680     1.985     9.751
   325.780     1.829    10.052
   325.880     1.933    10.052
   327.290     1.933    10.052
   327.390     1.881    10.052
   328.490     1.881    10.052
   328.590     1.829    10.052
   329.000     1.829    10.052
   329.100     1.777    10.153
   329.200     1.777    10.203
   329.300     1.777    10.203
   329.400     1.731    10.203
   329.500     1.627    10.253
   329.600     1.477    10.504
   329.700     1.477    10.705
   329.800     1.425    10.705
   330.000     1.425    10.705
   330.100     1.425    10.860
   330.200     1.425    10.910
   330.810     1.425    10.910
   330.910     1.425    10.961
   331.410     1.425    10.961
   331.510     1.425    11.011
   331.610     1.425    11.011
   331.710     1.425    11.212
   331.810     1.425    11.362
   331.910     1.425    11.563
   332.010     1.373    11.663
   332.110     1.373    11.764
   332.220     1.373    11.915
   332.320     1.373    12.015
   332.420     1.373    12.166
   332.520     1.373    12.366
   332.620     1.373    12.417
   332.720     1.373    12.417
   332.820     1.373    12.467
   332.920     1.321    12.617
   333.020     1.321    12.768
   333.120     1.269    12.818
   333.220     1.269    12.868
   333.320     1.269    12.868
   333.420     1.269    13.019
   333.520     1.269    13.170
   333.620     1.269    13.371
   333.730     1.269    13.471
   333.830     1.269    13.622
   333.930     1.321    13.772
   334.030     1.477    13.772
   334.130     1.523    13.822
   334.230     1.575    13.973
   334.330     1.575    14.073
   334.430     1.627    14.073
   334.530     1.679    14.073
   334.630     1.777    14.073
   334.730     1.777    14.224
   334.830     1.829    14.224
   334.930     1.881    14.375
   335.030     1.881    14.525
   335.130     1.881    14.681
   335.230     2.031    14.731
   335.330     2.135    14.731
   335.440     2.239    14.881
   335.540     2.389    15.082
   335.640     2.695    15.132
   335.740     2.948    15.183
   335.840     2.948    15.183
   335.940     3.150    15.233
   336.040     3.306    15.233
   336.140     3.352    15.233
   336.240     3.404    15.233
   336.640     3.404    15.233
   336.740     3.560    15.283
   336.840     3.560    15.283
   336.940     3.612    15.283
   337.550     3.612    15.283
   337.650     3.658    15.283
   337.750     3.710    15.283
   337.850     3.762    15.283
   337.950     3.814    15.283
   352.140     3.814    15.283
   352.240     3.814    15.484
   352.340     3.814    15.484
   352.440     3.814    15.534
   352.540     3.814    15.584
   421.970     3.814    15.584
   422.070     3.866    15.584
   422.170     3.912    15.584
   522.590     3.912    15.584
   522.690     4.166    15.434
   522.790     4.374    15.333
   522.900     4.374    15.333
   522.990     4.425    15.333
   523.100     4.627    15.333
   523.200     4.679    15.283
   523.300     4.679    15.132
   523.400     4.679    14.982
   523.500     4.881    14.831
   523.600     5.031    14.831
   523.700     5.083    14.831
   523.800     5.337    14.831
   523.900     5.337    14.781
   524.000     5.337    14.731
   524.100     5.337    14.681
   524.200     5.337    14.525
   524.300     5.389    14.475
   524.400     5.493    14.475
   524.500     5.591    14.475
   524.600     5.643    14.274
   524.710     5.643    14.124
   524.810     5.695    14.023
   524.910     5.793    13.873
   525.010     5.845    13.772
   525.110     5.845    13.672
   525.210     5.845    13.622
   525.310     5.897    13.622
   525.410     5.949    13.622
   526.010     5.949    13.622
   526.110     5.897    13.622
   526.210     5.897    13.622
   526.320     5.793    13.772
   526.420     5.949    13.772
   526.520     5.949    13.772
   526.620     6.001    13.722
   526.720     6.001    13.672
   526.920     6.001    13.672
   527.020     6.254    13.672
   527.320     6.254    13.672
   527.420     6.306    13.571
   527.520     6.306    13.521
   527.620     6.353    13.521
   527.820     6.353    13.521
   527.930     6.353    13.421
   528.030     6.456    13.421
   528.130     6.456    13.320
   528.230     6.560    13.270
   528.330     6.762    13.170
   528.430     6.964    13.069
   528.530     7.016    12.969
   528.630     7.114    12.969
   528.730     7.114    12.818
   528.930     7.114    12.818
   529.030     7.166    12.768
   535.170     7.166    12.768
   535.270     7.270    12.868
   535.370     7.270    12.868
   535.470     7.420    12.868
   535.570     7.472    12.868
   535.670     7.628    12.868
   535.770     7.778    12.868
   535.880     7.882    12.868
   535.980     8.135    12.868
   536.080     8.337    12.919
   536.180     8.389    12.919
   536.280     8.441    12.969
   536.380     8.487    12.969
   536.480     8.539    12.969
   536.580     8.539    12.969
   536.680     8.695    13.019
   536.780     8.741    13.019
   536.880     8.845    13.019
   536.980     8.949    13.019
   537.080     9.047    12.969
   537.180     9.353    12.969
   537.280     9.353    12.969
   537.380     9.457    12.969
   537.490     9.659    12.969
   537.590     9.711    12.969
   537.790     9.711    12.969
   537.890     9.809    12.969
   537.990     9.913    12.969
   538.090     9.964    12.969
   538.490     9.964    12.969
   538.590    10.063    12.969
   540.810    10.063    12.969
   540.910    10.016    12.969
   541.010     9.964    12.969
   541.110     9.964    12.969
   541.210     9.861    12.969
   541.610     9.861    12.969
   541.710    10.063    13.120
   541.820    10.166    13.170
   541.920    10.166    13.170
   542.020    10.270    13.220
   542.120    10.270    13.220
   542.220    10.270    13.371
   542.320    10.420    13.521
   542.420    10.524    13.772
   542.520    10.726    13.822
   542.620    10.830    13.973
   542.720    10.928    13.973
   542.820    11.084    13.973
   542.920    11.234    13.973
   543.020    11.234    13.973
   543.120    11.436    13.973
   543.220    11.436    13.973
   543.320    11.592    13.973
   543.420    11.794    13.973
   543.530    11.995    13.973
   543.620    12.047    13.973
   543.730    12.099    13.973
   543.830    12.099    13.973
   543.930    12.203    14.023
   544.030    12.353    14.174
   544.130    12.405    14.224
   545.130    12.405    14.224
   545.230    12.503    14.224
   545.340    12.555    14.224
   547.050    12.555    14.224
   547.150    12.555    14.274
   547.250    12.555    14.425
   547.350    12.555    14.475
   547.450    12.555    14.525
   547.550    12.555    14.525
   547.650    12.555    14.580
   547.750    12.555    14.630
   547.850    12.555    14.681
   547.950    12.659    14.831
   548.050    12.659    14.932
   548.250    12.659    14.932
   548.360    12.607    15.132
   548.860    12.607    15.132
   548.960    12.711    15.132
   549.060    12.809    15.183
   549.160    12.809    15.183
   549.260    12.861    15.283
   549.360    12.965    15.283
   549.460    13.219    15.434
   549.560    13.317    15.434
   549.660    13.317    15.434
   549.760    13.317    15.534
   549.870    13.317    15.685
   549.970    13.317    15.785
   550.070    13.571    15.886
   550.170    13.623    16.137
   550.270    13.623    16.337
   550.370    13.623    16.438
   550.470    13.778    16.538
   550.570    13.980    16.538
   550.670    14.084    16.538
   550.770    14.234    16.538
   550.870    14.234    16.538
   550.970    14.338    16.538
   551.070    14.384    16.588
   551.170    14.488    16.639
   551.270    14.742    16.739
   551.370    15.048    16.940
   551.480    15.302    17.040
   551.580    15.607    17.091
   551.680    15.809    17.241
   551.780    16.115    17.291
   551.880    16.219    17.342
   551.980    16.219    17.392
   552.080    16.219    17.442
   552.790    16.219    17.442
   552.890    16.219    17.542
   552.990    16.219    17.542
   553.090    16.265    17.743
   553.190    16.265    17.944
   553.290    16.265    18.045
   553.490    16.265    18.045
   553.590    16.317    18.095
   553.690    16.317    18.195
   553.790    16.317    18.296
   553.890    16.317    18.451
   553.990    16.317    18.652
   554.090    16.317    18.702
   554.190    16.369    18.802
   554.290    16.421    18.852
   554.400    16.421    18.852
   554.490    16.519    19.003
   554.600    16.571    19.204
   554.700    16.571    19.355
   555.300    16.571    19.355
   555.400    16.623    19.355
   555.500    16.727    19.355
   555.600    16.877    19.355
   555.700    16.981    19.455
   555.900    16.981    19.455
   556.000    17.033    19.505
   556.110    17.079    19.806
   556.210    17.079    20.007
   556.310    17.286    20.108
   556.410    17.540    20.108
   560.030    17.540    20.108
   560.130    17.488    20.007
   560.230    17.436    19.957
   560.330    17.384    19.857
   560.430    17.384    19.656
   560.630    17.384    19.656
   560.730    17.183    19.907
   561.440    17.183    19.907
   561.540    17.183    19.857
   565.960    17.183    19.857
   566.060    17.234    19.806
   566.160    17.234    19.756
   566.470    17.234    19.756
   566.570    17.131    20.007
   566.670    17.131    20.208
   566.770    17.131    20.258
   566.870    17.131    20.258
   566.970    17.131    20.308
   567.070    17.131    20.409
   567.170    17.131    20.459
   567.370    17.131    20.459
   567.470    17.131    20.560
   567.570    17.131    20.610
   567.670    17.234    20.610
   567.770    17.333    20.660
   567.870    17.333    20.811
   567.970    17.333    20.861
   568.080    17.333    20.911
   568.180    17.384    21.112
   568.280    17.384    21.262
   568.380    17.384    21.363
   568.480    17.540    21.664
   568.580    17.638    21.815
   568.680    17.638    22.016
   568.780    17.638    22.066
   568.880    17.742    22.221
   568.980    17.742    22.422
   569.080    17.742    22.673
   569.180    17.742    22.974
   569.280    17.742    23.175
   569.380    17.742    23.175
   569.480    17.794    23.225
   569.580    17.846    23.376
   569.690    17.846    23.577
   569.790    17.846    23.727
   569.890    17.846    23.978
   569.990    17.846    24.079
   570.090    17.846    24.229
   570.190    17.794    24.330
   570.290    17.794    24.480
   570.390    17.794    24.581
   570.490    17.892    24.882
   570.590    17.944    24.932
   570.690    17.944    25.083
   570.790    18.048    25.133
   570.890    18.048    25.334
   570.990    18.048    25.434
   571.090    18.048    25.535
   571.190    18.048    25.685
   571.290    18.048    25.786
   571.400    18.048    25.786
   571.500    18.198    25.786
   571.600    18.250    25.786
   571.700    18.250    25.786
   571.800    17.944    25.786
   572.200    17.944    25.786
   572.300    18.100    25.736
   572.400    18.146    25.736
   572.500    18.250    25.736
   572.600    18.354    25.736
   572.700    18.354    25.736
   572.810    18.400    25.736
   572.900    18.654    25.736
   573.000    18.654    25.736
   573.110    18.758    25.736
   573.210    18.862    25.836
   573.510    18.862    25.836
   573.610    19.012    25.936
   573.710    19.115    25.991
   573.810    19.317    26.041
   573.910    19.519    26.041
   574.010    19.519    26.092
   574.110    19.571    26.142
   574.210    19.675    26.292
   574.310    19.825    26.292
   574.410    19.929    26.343
   574.520    20.131    26.343
   574.620    20.333    26.343
   574.720    20.385    26.343
   574.820    20.535    26.343
   575.620    20.535    26.343
   575.720    20.437    26.292
   575.820    20.437    26.292
   575.920    20.437    26.242
   576.020    20.333    26.142
   576.730    20.333    26.142
   576.830    20.281    26.142
   577.030    20.281    26.142
   577.130    20.131    26.142
   577.230    20.131    25.991
   577.330    20.131    25.991
   577.430    20.131    25.936
   577.530    20.131    25.936
   577.630    20.027    25.936
   578.640    20.027    25.936
   578.740    19.981    25.936
   578.840    19.825    26.142
   579.340    19.825    26.142
   579.440    19.825    26.242
   583.570    19.825    26.242
   583.670    19.727    26.142
   590.110    19.727    26.142
   590.210    19.675    26.142
   590.310    19.623    26.192
   590.410    19.623    26.192
   590.510    19.467    26.242
   590.610    19.369    26.343
   590.720    19.369    26.393
   590.820    19.317    26.543
   591.020    19.317    26.543
   591.120    19.063    26.594
   591.220    19.063    26.644
   591.320    19.063    26.644
   591.420    19.063    26.694
   591.820    19.063    26.694
   591.920    18.913    26.744
   592.020    18.758    26.845
   592.120    18.758    26.845
   592.220    18.452    27.046
   596.150    18.452    27.046
   596.250    18.452    27.096
   596.350    18.452    27.146
   597.050    18.452    27.146
   597.150    18.452    27.297
   597.250    18.452    27.397
   597.360    18.452    27.397
   597.460    18.452    27.447
   597.560    18.400    27.447
   597.660    18.400    27.447
   597.760    18.400    27.548
   597.860    18.354    27.548
   600.880    18.354    27.548
   600.980    18.913    27.046
   601.080    18.960    27.046
   601.380    18.960    27.046
   601.480    18.862    26.995
   601.580    18.810    26.995
   601.780    18.810    26.995
   601.880    18.758    26.845
   601.980    18.758    26.795
   602.490    18.758    26.795
   602.590    18.654    26.795
   602.690    18.556    26.795
   602.790    18.452    26.744
   602.890    18.452    26.694
   602.990    18.452    26.694
   603.090    18.400    26.644
   603.190    18.400    26.543
   603.290    18.400    26.493
   603.390    18.400    26.393
   603.490    18.452    26.393
   603.590    18.504    26.343
   603.690    18.758    26.292
   603.790    18.758    26.292
   603.890    18.862    26.292
   604.800    18.862    26.292
   604.900    18.960    26.292
   605.000    19.115    26.292
   605.100    19.115    26.292
   605.200    19.167    26.242
   605.300    19.265    26.242
   605.400    19.467    26.142
   605.500    19.519    25.886
   605.600    19.623    25.786
   605.710    19.675    25.786
   605.810    19.421    26.041
   606.010    19.421    26.041
   606.110    19.421    25.991
   606.410    19.421    25.991
   606.510    19.519    26.041
   606.610    19.571    25.886
   606.710    19.571    25.836
   607.110    19.571    25.836
   607.210    19.571    26.041
   608.420    19.571    26.041
   608.520    19.571    26.192
   610.430    19.571    26.192
   610.530    19.467    26.343
   610.640    19.467    26.343
   610.740    19.467    26.493
   610.840    19.467    26.493
   610.940    19.421    26.594
   611.040    19.421    26.594
   611.140    19.265    26.744
   611.240    19.213    26.744
   611.340    19.213    26.795
   611.440    19.115    26.845
   611.840    19.115    26.845
   611.940    18.862    26.995
   612.040    18.862    26.995
   612.140    18.862    27.096
   612.240    18.810    27.146
   612.350    18.758    27.297
   613.350    18.758    27.297
   613.450    18.758    27.347
   614.060    18.758    27.347
   614.160    18.608    27.397
   614.260    18.504    27.397
   614.760    18.504    27.397
   614.860    18.400    27.447
   614.960    18.354    27.648
   615.060    18.354    27.648
   615.160    18.302    27.648
   616.070    18.302    27.648
   616.170    18.302    27.598
   616.270    18.302    27.497
   616.370    18.302    27.447
   616.570    18.302    27.447
   616.670    18.146    27.497
   616.770    18.146    27.497
   616.870    17.892    27.598
   617.380    17.892    27.598
   617.480    17.892    27.648
   617.980    17.892    27.648
   618.080    17.996    27.548
   618.180    17.996    27.397
   618.280    17.944    27.347
   618.380    17.944    27.297
   618.480    17.944    27.297
   618.580    17.944    27.347
   618.790    17.944    27.347
   618.890    17.944    27.447
   618.990    17.944    27.548
   619.190    17.944    27.548
   619.290    17.944    27.598
   619.390    17.944    27.749
   619.490    17.944    27.799
   619.590    17.892    27.799
   619.790    17.892    27.799
   619.890    17.892    28.000
   619.990    17.892    28.200
   620.090    17.892    28.301
   620.190    17.892    28.351
   620.290    17.892    28.351
   620.400    17.892    28.251
   620.500    17.944    28.150
   620.600    17.944    28.050
   620.700    17.944    28.050
   620.800    17.944    28.150
   620.900    17.846    28.351
   621.100    17.846    28.351
   621.200    17.846    28.502
   621.300    17.944    28.602
   621.400    17.944    28.652
   621.500    17.944    28.702
   621.600    17.944    28.753
   621.700    17.944    28.753
   621.810    17.944    28.803
   621.910    17.944    28.954
   622.010    17.944    29.104
   622.110    17.944    29.255
   622.210    17.944    29.305
   622.810    17.944    29.305
   622.910    17.846    29.305
   623.310    17.846    29.305
   623.410    17.794    29.456
   623.520    17.690    29.606
   623.620    17.690    29.757
   624.320    17.690    29.757
   624.420    17.690    29.707
   624.520    17.690    29.656
   625.330    17.690    29.656
   625.430    17.742    29.656
   625.530    17.794    29.656
   625.730    17.794    29.656
   625.830    17.794    29.707
   625.930    17.794    29.812
   626.030    17.690    29.862
