     1.036    11.438     0.352
     1.137    11.540     0.553
     1.238    11.540     0.704
     1.339    11.590     0.804
     3.366    11.590     0.804
     3.465    11.488     0.804
     3.567    11.438     0.804
     4.878    11.438     0.804
     4.982    11.387     0.804
     5.792    11.387     0.804
     5.892    11.387     0.754
    19.320    11.387     0.754
    19.420    11.336     0.704
   131.378    11.336     0.704
   131.478    11.387     0.704
   131.578    11.438     0.704
   131.780    11.438     0.704
   131.880    11.438     0.654
   160.088    11.438     0.654
   160.189    11.438     0.603
   160.290    11.438     0.553
   160.391    11.387     0.553
   197.684    11.387     0.553
   197.785    11.285     0.503
   496.682    11.285     0.503
   496.782    11.234     0.503
   498.291    11.234     0.503
   498.351    11.285     0.503
   511.973    11.285     0.503
   512.073    11.234     0.503
   512.174    11.184     0.503
   512.275    11.133     0.503
   512.375    11.133     0.503
   512.476    11.082     0.503
   513.181    11.082     0.503
   513.281    11.082     0.553
   513.786    11.082     0.553
   513.887    11.082     0.603
   514.190    11.082     0.603
   514.290    11.133     0.654
   514.694    11.133     0.654
   514.794    11.133     0.704
   514.895    11.133     0.754
   516.509    11.133     0.754
   516.610    11.031     0.704
  1654.763    11.031     0.704
  1654.863    11.082     0.804
  1654.964    11.082     0.854
  1655.266    11.082     0.854
  1655.367    11.082     0.905
  1656.071    11.082     0.905
  1656.171    11.082     0.955
  1657.989    11.082     0.955
  1658.090    11.082     1.006
  1658.191    10.980     1.106
  1658.291    10.929     1.206
  1658.392    10.929     1.257
  1658.492    10.929     1.307
  1658.895    10.929     1.307
  1658.996    10.929     1.357
  1659.098    10.980     1.357
  1659.500    10.980     1.357
  1659.602    11.031     1.357
  1664.133    11.031     1.357
  1664.235    11.082     1.458
  1664.335    11.082     1.508
  1664.536    11.082     1.508
  1664.637    11.133     1.609
  1665.039    11.133     1.609
  1665.140    11.184     1.609
  1665.240    11.234     1.609
  1674.199    11.234     1.609
  1674.300    11.234     1.911
  1678.226    11.234     1.911
  1678.326    11.133     1.860
  1678.427    11.082     1.860
  1678.729    11.082     1.860
  1678.829    11.082     1.911
  1678.930    11.082     1.961
  1679.030    11.082     2.011
  1679.131    11.082     2.112
  1679.533    11.082     2.112
  1679.634    11.133     2.112
  1679.735    11.184     2.112
  1679.835    11.285     2.112
  1680.542    11.285     2.112
  1680.643    11.336     2.112
  1680.743    11.438     2.112
  1681.850    11.438     2.112
  1681.950    11.387     2.112
  1682.051    11.387     2.112
  1682.152    11.336     2.112
  1686.285    11.336     2.112
  1686.388    11.336     2.162
  1686.489    11.336     2.262
  1686.591    11.336     2.363
  1686.793    11.336     2.363
  1686.895    11.387     2.363
  1686.995    11.438     2.363
  1687.096    11.438     2.313
  1687.197    11.488     2.313
  1687.296    11.540     2.313
  1687.498    11.540     2.313
  1687.599    11.540     2.262
  1687.698    11.540     2.212
  1687.799    11.590     2.212
  1687.901    11.641     2.162
  1688.001    11.641     2.112
  1688.202    11.641     2.112
  1688.303    11.692     2.112
  1688.404    11.692     2.112
  1688.504    11.743     2.112
  1688.605    11.794     2.112
  1688.704    11.794     2.112
  1688.806    11.895     2.112
  1689.310    11.895     2.112
  1689.410    11.844     2.162
  1689.512    11.794     2.162
  1689.613    11.743     2.212
  1699.683    11.743     2.212
  1699.782    11.692     2.212
  1699.985    11.692     2.212
  1700.085    11.641     2.212
  1700.186    11.641     2.262
  1700.287    11.590     2.262
  1700.388    11.540     2.313
  1700.488    11.488     2.313
  1700.589    11.438     2.313
  1700.890    11.438     2.313
  1700.991    11.387     2.363
  1701.092    11.387     2.413
  1708.456    11.387     2.413
  1708.557    11.387     2.463
  1708.959    11.387     2.463
  1709.059    11.438     2.463
  1709.159    11.488     2.463
  1709.262    11.540     2.463
  1709.766    11.540     2.463
  1709.865    11.540     2.413
  1709.966    11.540     2.413
  1710.068    11.540     2.363
  1710.168    11.590     2.363
  1710.269    11.590     2.313
  1710.771    11.590     2.313
  1710.871    11.540     2.313
  1710.972    11.488     2.313
  1711.072    11.438     2.313
  1713.894    11.438     2.313
  1713.996    11.387     2.313
  1715.405    11.387     2.313
  1715.506    11.336     2.313
  1718.933    11.336     2.313
  1719.033    11.387     2.313
  1719.135    11.438     2.313
  1719.236    11.540     2.313
  1719.335    11.540     2.262
  1720.242    11.540     2.262
  1720.342    11.590     2.262
  1720.645    11.590     2.262
  1720.745    11.590     2.212
  1726.402    11.590     2.212
  1726.503    11.540     2.212
  1726.604    11.488     2.212
  1726.704    11.488     2.212
  1726.804    11.438     2.262
  1726.904    11.336     2.262
  1727.005    11.234     2.363
  1731.539    11.234     2.363
  1731.641    11.133     2.413
  1731.741    11.133     2.413
  1731.841    11.133     2.514
  1734.462    11.133     2.514
  1734.563    11.133     2.564
  1993.646    11.133     2.564
  1993.746    11.133     2.664
  1993.847    11.133     2.664
  1993.948    11.133     2.714
  1994.048    11.133     2.765
  1994.451    11.133     2.765
  1994.552    11.133     2.916
  1994.652    11.133     2.966
  1994.854    11.133     2.966
  1994.955    11.184     2.966
  1995.055    11.184     2.966
  1995.156    11.234     2.966
  2241.252    11.234     2.966
  2241.351    11.184     2.966
  2241.453    11.133     2.966
  2243.066    11.133     2.966
  2243.166    11.133     3.066
  2243.267    11.133     3.117
  2246.185    11.133     3.117
  2246.286    11.234     3.167
  2246.388    11.336     3.167
  2246.488    11.336     3.167
  2246.589    11.387     3.167
  2250.413    11.387     3.167
  2250.514    11.438     3.167
  2250.715    11.438     3.167
  2250.816    11.438     3.217
  2251.321    11.438     3.217
  2251.422    11.438     3.268
  2253.036    11.438     3.268
  2253.136    11.387     3.318
  2253.236    11.336     3.368
  2253.338    11.336     3.418
  2253.539    11.336     3.418
  2253.641    11.336     3.469
  2254.043    11.336     3.469
  2254.142    11.336     3.519
  2254.244    11.336     3.569
  2258.877    11.336     3.569
  2258.977    11.234     3.569
  2259.078    11.133     3.569
  2259.180    11.082     3.569
  2259.280    11.082     3.569
  2259.381    11.031     3.569
  2259.482    10.980     3.519
  2259.583    10.980     3.469
  2259.684    10.980     3.469
  2259.784    10.980     3.418
  2261.597    10.980     3.418
  2261.697    10.878     3.418
  2261.798    10.777     3.418
  2262.502    10.777     3.418
  2262.602    10.828     3.418
  2267.144    10.828     3.418
  2267.245    10.878     3.418
  2267.346    10.929     3.418
  2267.448    10.980     3.368
  2267.550    10.980     3.318
  2267.650    10.980     3.217
  2267.751    10.980     3.167
  2269.561    10.980     3.167
  2269.662    10.980     3.117
  2269.763    10.980     3.066
  2269.862    10.980     3.016
  2270.767    10.980     3.016
  2270.870    11.031     3.016
  2270.970    11.031     3.016
  2271.071    11.082     3.016
  2271.171    11.082     3.016
  2271.272    11.082     2.966
  2271.372    11.082     2.916
  2271.473    11.082     2.866
  2271.574    11.082     2.815
  2271.675    11.082     2.815
  2271.775    11.082     2.765
  2271.877    11.082     2.714
  2271.977    11.082     2.714
  2272.079    11.082     2.664
  2272.179    11.082     2.664
  2272.279    11.133     2.664
  2273.286    11.133     2.664
  2273.387    11.133     2.614
  2273.588    11.133     2.614
  2273.688    11.133     2.564
  2274.394    11.133     2.564
  2274.494    11.133     2.514
  2274.596    11.133     2.413
  2277.512    11.133     2.413
  2277.613    11.133     2.313
  2278.519    11.133     2.313
  2278.620    11.133     2.262
  2281.036    11.133     2.262
  2281.136    11.133     2.363
  2281.237    11.082     2.363
  2281.338    11.031     2.463
  2281.438    11.031     2.463
  2281.539    11.031     2.514
  2282.042    11.031     2.514
  2282.142    11.082     2.514
  2282.243    11.082     2.564
  2287.883    11.082     2.564
  2287.983    11.082     2.514
  2288.083    11.082     2.514
  2288.184    11.082     2.463
  2288.285    11.082     2.463
  2288.385    11.082     2.413
  2289.090    11.082     2.413
  2289.189    11.082     2.363
  2289.292    11.133     2.363
  2289.391    11.133     2.313
  2289.493    11.133     2.313
  2289.594    11.082     2.262
  2289.694    11.082     2.262
  2289.795    11.031     2.262
  2290.198    11.031     2.262
  2290.299    10.980     2.262
  2290.399    10.980     2.212
  2290.501    10.929     2.112
  2290.600    10.878     2.011
  2290.702    10.878     2.011
  2290.803    10.878     1.961
  2295.633    10.878     1.961
  2295.734    10.929     1.911
  2296.237    10.929     1.911
  2296.338    10.929     1.810
  2296.439    10.929     1.709
  2297.142    10.929     1.709
  2297.244    10.929     1.659
  2297.646    10.929     1.659
  2297.746    10.878     1.609
  2297.847    10.777     1.609
  2362.713    10.777     1.609
  2362.814    10.675     1.609
  2363.014    10.675     1.609
  2363.115    10.675     1.558
  2363.216    10.675     1.508
  2363.316    10.675     1.508
  2363.417    10.675     1.458
  2363.520    10.726     1.458
  2364.828    10.726     1.458
  2364.929    10.726     1.408
  2365.534    10.726     1.408
  2365.634    10.726     1.357
  2365.735    10.726     1.357
  2365.834    10.675     1.357
  2365.936    10.573     1.357
  2366.440    10.573     1.357
  2366.540    10.472     1.357
  2366.641    10.421     1.357
  2367.445    10.421     1.357
  2367.547    10.370     1.357
  2594.509    10.370     1.357
  2594.608    10.421     1.357
  2594.708    10.421     1.357
  2594.809    10.472     1.357
  2594.909    10.472     1.357
  2595.011    10.522     1.357
  2595.112    10.573     1.357
  2595.313    10.573     1.357
  2595.413    10.675     1.357
  2668.294    10.675     1.357
  2668.395    10.726     1.357
  2668.798    10.726     1.357
  2668.898    10.777     1.357
  2668.998    10.777     1.408
  2669.099    10.777     1.458
  2689.134    10.777     1.458
  2689.235    10.828     1.458
  2689.539    10.828     1.458
  2689.639    10.878     1.458
  2690.243    10.878     1.458
  2690.343    10.878     1.558
  2706.962    10.878     1.558
  2707.063    10.929     1.558
  2707.368    10.929     1.558
  2707.468    10.929     1.508
  2713.815    10.929     1.508
  2713.915    10.929     1.458
  2714.015    10.929     1.408
  2714.116    10.980     1.408
  2717.842    10.980     1.408
  2717.942    10.980     1.357
  2718.244    10.980     1.357
  2718.345    10.980     1.307
  2718.447    10.980     1.307
  2718.547    10.929     1.307
  2760.143    10.929     1.307
  2760.244    10.929     1.257
  2760.344    10.980     1.257
  2760.445    11.031     1.257
  2760.851    11.031     1.257
  2760.951    11.082     1.257
  2761.252    11.082     1.257
  2761.353    11.082     1.206
  2784.208    11.082     1.206
  2784.310    11.234     1.206
  2784.412    11.234     1.206
  2784.512    11.234     1.156
  2784.613    11.234     1.106
  2784.814    11.234     1.106
  2784.915    11.184     1.106
  2785.016    11.133     1.106
  2788.942    11.133     1.106
  2789.042    11.184     1.056
  2789.445    11.184     1.056
  2789.545    11.234     1.056
  2789.646    11.285     1.056
  2789.748    11.336     1.056
  3072.487    11.336     1.056
  3072.588    11.285     1.056
  3072.688    11.234     1.006
  3073.391    11.234     1.006
  3073.493    11.184     0.955
  3073.593    11.184     0.905
  3078.829    11.184     0.905
  3078.929    11.234     0.854
  3079.031    11.336     0.754
  3079.131    11.387     0.704
  3079.231    11.488     0.654
  3093.325    11.488     0.654
  3093.425    11.488     0.704
  3093.526    11.488     0.754
  3244.639    11.488     0.754
  3244.739    11.540     0.754
  3244.839    11.590     0.754
  3244.940    11.590     0.754
  3245.042    11.641     0.754
  3245.143    11.692     0.754
  3254.517    11.692     0.754
  3254.618    11.743     0.754
  3254.719    11.844     0.754
  3254.820    11.895     0.754
  3254.920    11.946     0.704
  3255.021    11.997     0.704
  3257.940    11.997     0.704
  3258.040    12.048     0.704
  3258.141    12.200     0.704
  3258.242    12.251     0.704
  3258.344    12.302     0.704
  3258.444    12.302     0.704
  3258.546    12.353     0.704
  3258.647    12.353     0.704
  3258.747    12.353     0.804
  3258.848    12.403     0.804
  3259.150    12.403     0.804
  3259.251    12.454     0.804
  3259.351    12.607     0.804
  3259.452    12.709     0.804
  3259.553    12.810     0.754
  3259.653    12.912     0.704
  3259.754    13.014     0.654
  3259.856    13.217     0.603
  3260.460    13.217     0.603
  3260.561    13.217     0.503
  3260.661    13.217     0.503
  3260.762    13.268     0.352
  3260.862    13.318     0.352
  3260.963    13.420     0.302
  3261.064    13.420     0.302
  3261.164    13.471     0.302
  3263.984    13.471     0.302
  3264.083    13.573     0.302
  3264.284    13.573     0.302
  3264.386    13.624     0.302
  3264.485    13.624     0.302
  3264.587    13.674     0.402
  3264.688    13.725     0.452
  3264.788    13.776     0.503
  3266.400    13.776     0.503
  3266.500    13.827     0.503
  3266.602    13.878     0.503
  3266.702    13.980     0.503
  3266.804    13.980     0.503
  3266.904    14.030     0.503
  3267.005    14.081     0.503
  3267.105    14.081     0.452
  3267.205    14.183     0.452
  3267.306    14.234     0.452
  3267.407    14.284     0.452
  3267.507    14.539     0.452
  3267.608    14.590     0.452
  3267.709    14.640     0.452
  3267.809    14.691     0.452
  3267.909    14.793     0.452
  3268.011    14.793     0.503
  3268.110    14.843     0.553
  3268.212    14.894     0.553
  3268.313    14.946     0.603
  3268.412    14.996     0.603
  3268.514    15.098     0.603
  3268.614    15.301     0.603
  3268.714    15.301     0.603
  3268.815    15.403     0.603
  3268.916    15.454     0.603
  3269.016    15.555     0.654
  3269.117    15.606     0.704
  3269.422    15.606     0.704
  3269.523    15.708     0.704
  3269.623    15.708     0.704
  3269.724    15.860     0.704
  3269.823    16.064     0.704
  3269.925    16.216     0.704
  3270.025    16.216     0.704
  3270.125    16.369     0.704
  3270.227    16.471     0.704
  3270.328    16.521     0.704
  3270.428    16.674     0.704
  3270.529    16.877     0.704
  3270.630    16.979     0.704
  3270.731    17.080     0.704
  3270.830    17.182     0.704
  3270.932    17.335     0.704
  3271.031    17.538     0.704
  3271.133    17.690     0.704
  3271.233    17.690     0.704
  3271.335    17.843     0.704
  3271.437    17.945     0.704
  3271.536    18.097     0.704
  3271.638    18.402     0.704
  3271.738    18.605     0.704
  3271.839    18.656     0.704
  3271.940    18.911     0.704
  3272.039    19.114     0.704
  3272.141    19.267     0.704
  3272.240    19.419     0.804
  3272.341    19.520     0.905
  3272.443    19.571     1.056
  3273.146    19.571     1.056
  3273.247    19.622     1.106
  3273.348    19.673     1.156
  3273.447    19.724     1.156
  3274.455    19.724     1.156
  3274.556    19.673     1.206
  3274.656    19.622     1.206
  3274.757    19.520     1.206
  3274.857    19.520     1.206
  3274.958    19.419     1.206
  3280.595    19.419     1.206
  3280.696    19.520     1.206
  3280.797    19.622     1.257
  3280.898    19.775     1.357
  3280.998    19.775     1.408
  3281.098    19.775     1.508
  3281.199    19.775     1.709
  3281.299    19.876     1.810
  3281.401    19.927     1.911
  3281.501    19.927     1.911
  3281.602    19.978     1.911
  3281.702    19.978     1.961
  3281.803    19.978     2.011
  3281.902    19.978     2.162
  3282.004    19.978     2.212
  3282.105    19.978     2.262
  3282.204    19.978     2.313
  3282.306    19.978     2.413
  3282.405    19.978     2.413
  3282.506    19.826     2.564
  3282.607    19.724     2.765
  3282.707    19.673     2.916
  3282.808    19.673     3.016
  3282.908    19.673     3.066
  3283.009    19.673     3.117
  3283.109    19.673     3.117
  3283.212    19.673     3.167
  3284.218    19.673     3.167
  3284.319    19.673     3.268
  3284.419    19.673     3.368
  3284.620    19.673     3.368
  3284.721    19.673     3.469
  3284.821    19.673     3.469
  3284.922    19.673     3.569
  3285.023    19.673     3.620
  3285.123    19.673     3.670
  3285.224    19.622     3.670
  3285.324    19.622     3.670
  3285.426    19.571     3.670
  3287.341    19.571     3.670
  3287.441    19.520     3.820
  3287.541    19.520     3.871
  3287.642    19.520     3.921
  3287.743    19.520     4.022
  3287.844    19.520     4.072
  3287.943    19.520     4.122
  3288.044    19.470     4.172
  3288.145    19.419     4.273
  3288.245    19.368     4.323
  3288.347    19.368     4.374
  3294.892    19.368     4.374
  3294.993    19.368     4.474
  3295.094    19.368     4.524
  3305.077    19.368     4.524
  3305.178    19.368     4.424
  3305.278    19.368     4.424
  3305.379    19.368     4.374
  3305.481    19.368     4.374
  3305.581    19.368     4.273
  3305.681    19.368     4.223
  3305.781    19.368     4.223
  3305.882    19.368     4.122
  3305.983    19.368     4.122
  3306.083    19.368     4.072
  3306.184    19.368     4.072
  3306.284    19.368     4.022
  3306.385    19.368     4.022
  3306.485    19.267     3.871
  3306.586    19.267     3.820
  3306.689    19.267     3.820
  3306.790    19.215     3.820
  3306.890    19.215     3.820
  3306.991    19.114     3.820
  3307.092    19.063     3.770
  3307.192    19.063     3.720
  3313.347    19.063     3.720
  3313.447    19.063     3.670
  3315.663    19.063     3.670
  3315.764    19.063     3.720
  3315.864    19.114     3.770
  3315.964    19.114     3.770
  3316.066    19.164     3.770
  3330.469    19.164     3.770
  3330.570    19.164     3.871
  3334.096    19.164     3.871
  3334.195    19.164     3.921
  3334.297    19.164     4.022
  3334.399    19.164     4.122
  3334.500    19.164     4.172
  3334.602    19.164     4.273
  3334.702    19.164     4.323
  3335.003    19.164     4.323
  3335.105    19.114     4.374
  3335.204    19.063     4.424
  3335.306    19.012     4.474
  3338.729    19.012     4.474
  3338.828    19.063     4.524
  3338.929    19.063     4.524
  3339.031    19.114     4.524
  3339.131    19.114     4.524
  3339.233    19.164     4.524
  3339.735    19.164     4.524
  3339.835    19.164     4.574
  3339.936    19.215     4.574
  3340.238    19.215     4.574
  3340.339    19.215     4.675
  3340.440    19.215     4.675
  3340.541    19.215     4.726
  3340.842    19.215     4.726
  3340.943    19.215     4.776
  3341.045    19.215     4.776
  3341.146    19.215     4.826
  3341.550    19.215     4.826
  3341.650    19.215     4.876
  3341.750    19.215     4.876
  3341.852    19.164     4.926
  3342.253    19.164     4.926
  3342.354    19.164     5.027
  3342.455    19.164     5.027
  3342.556    19.164     5.077
  3342.656    19.164     5.077
  3342.757    19.164     5.128
  3343.058    19.164     5.128
  3343.159    19.164     5.178
  3343.259    19.164     5.228
  3343.360    19.164     5.278
  3343.461    19.164     5.329
  3343.563    19.164     5.379
  3343.664    19.215     5.429
  3343.765    19.267     5.429
  3343.864    19.317     5.530
  3344.066    19.317     5.530
  3344.166    19.317     5.580
  3344.368    19.317     5.580
  3344.469    19.317     5.630
  3344.570    19.317     5.680
  3344.672    19.317     5.731
  3345.880    19.317     5.731
  3345.982    19.317     5.781
  3350.107    19.317     5.781
  3350.208    19.368     5.781
  3350.310    19.368     5.781
  3350.410    19.419     5.781
  3350.511    19.520     5.781
  3350.611    19.571     5.781
  3351.215    19.571     5.781
  3351.316    19.520     5.731
  3351.415    19.520     5.731
  3351.517    19.419     5.731
  3351.617    19.419     5.731
  3351.718    19.419     5.781
  3351.819    19.419     5.832
  3352.020    19.419     5.832
  3352.119    19.520     5.832
  3352.220    19.571     5.832
  3352.422    19.571     5.832
  3352.524    19.673     5.932
  3352.624    19.673     5.982
  3352.725    19.673     6.032
  3352.826    19.673     6.133
  3352.926    19.673     6.183
  3353.229    19.673     6.183
  3353.329    19.673     6.234
  3353.430    19.470     6.334
  3357.357    19.470     6.334
  3357.458    19.520     6.334
  3358.263    19.520     6.334
  3358.363    19.470     6.384
  3358.665    19.470     6.384
  3358.767    19.470     6.334
  3360.678    19.470     6.334
  3360.779    19.470     6.284
  3361.181    19.470     6.284
  3361.281    19.520     6.284
  3362.289    19.520     6.284
  3362.390    19.419     6.284
  3362.490    19.164     6.384
  3362.591    18.860     6.434
  3362.691    18.707     6.434
  3363.195    18.707     6.434
  3363.296    18.707     6.485
  3363.418    18.707     6.485
  3363.519    18.707     6.586
  3363.620    18.707     6.686
  3363.721    18.707     6.736
  3366.441    18.707     6.736
  3366.543    18.707     6.837
  3366.644    18.707     6.887
  3366.743    18.758     6.937
  3366.845    18.860     6.988
  3366.944    18.860     6.988
  3367.045    18.911     7.038
  3367.146    18.961     7.038
  3367.246    19.012     7.038
  3367.348    19.012     7.038
  3367.447    19.012     7.088
  3367.549    19.012     7.088
  3367.649    19.063     7.189
  3367.750    19.063     7.289
  3367.851    19.063     7.289
  3367.950    19.114     7.340
  3368.051    19.164     7.390
  3368.151    19.164     7.440
  3368.454    19.164     7.440
  3368.556    19.164     7.490
  3368.656    19.114     7.540
  3368.758    19.114     7.591
  3368.857    19.114     7.591
  3368.959    19.114     7.641
  3369.463    19.114     7.641
  3369.564    19.164     7.792
  3369.663    19.164     7.842
  3369.764    19.164     7.892
  3370.166    19.164     7.892
  3370.268    19.164     7.943
  3370.367    19.164     8.043
  3370.469    19.164     8.094
  3370.570    19.114     8.244
  3370.771    19.114     8.244
  3370.872    19.114     8.294
  3370.973    19.114     8.294
  3371.073    19.114     8.395
  3371.174    19.114     8.445
  3371.274    19.114     8.546
  3371.375    19.114     8.596
  3371.477    19.114     8.646
  3371.577    19.114     8.747
  3371.677    19.114     8.797
  3371.778    19.063     8.898
  3371.878    19.063     8.948
  3371.978    19.063     9.049
  3372.079    19.012     9.099
  3372.180    19.012     9.149
  3372.280    19.012     9.199
  3372.381    18.961     9.250
  3372.482    18.961     9.300
  3372.582    18.911     9.350
  3372.684    18.860     9.350
  3372.783    18.860     9.350
  3372.884    18.809     9.400
  3373.288    18.809     9.400
  3373.388    18.809     9.451
  3373.589    18.809     9.451
  3373.691    18.707     9.501
  3373.790    18.707     9.501
  3373.891    18.555     9.652
  3373.991    18.402     9.752
  3374.092    18.301     9.853
  3374.193    18.249     9.903
  3374.394    18.249     9.903
  3374.494    18.148    10.004
  3378.220    18.148    10.004
  3378.321    18.046    10.154
  3378.422    18.046    10.205
  3378.825    18.046    10.205
  3378.926    17.995    10.205
  3379.026    17.945    10.205
  3379.127    17.945    10.205
  3379.228    17.945    10.305
  3379.328    17.945    10.355
  3380.740    17.945    10.355
  3380.842    17.894    10.406
  3380.941    17.894    10.456
  3381.042    17.792    10.506
  3381.143    17.741    10.557
  3383.156    17.741    10.557
  3383.259    17.741    10.607
  3383.661    17.741    10.607
  3383.762    17.741    10.707
  3383.862    17.741    10.707
  3383.962    17.792    10.707
  3401.182    17.792    10.707
  3401.282    17.639    10.657
  3401.585    17.639    10.657
  3401.684    17.589    10.657
  3401.786    17.538    10.657
  3401.885    17.538    10.607
  3401.986    17.538    10.557
  3402.087    17.538    10.506
  3415.583    17.538    10.506
  3415.684    17.487    10.506
  3415.784    17.436    10.506
  3415.885    17.386    10.506
  3416.186    17.386    10.506
  3416.287    17.335    10.506
  3416.589    17.335    10.506
  3416.690    17.335    10.557
  3416.790    17.182    10.607
  3416.892    17.030    10.707
  3418.401    17.030    10.707
  3418.502    16.928    10.758
  3418.603    16.826    10.808
  3418.703    16.775    10.858
  3418.805    16.724    10.858
  3421.524    16.724    10.858
  3421.624    16.724    10.808
  3421.725    16.826    10.808
  3421.825    16.928    10.707
  3421.927    16.979    10.707
  3422.026    17.080    10.657
  3422.127    17.131    10.657
  3422.227    17.131    10.607
  3427.060    17.131    10.607
  3427.162    17.030    10.607
  3427.363    17.030    10.607
  3427.464    16.979    10.607
  3427.565    16.928    10.657
  3427.665    16.877    10.657
  3431.590    16.877    10.657
  3431.691    16.724    10.657
  3431.792    16.623    10.657
  3431.893    16.572    10.657
  3432.698    16.572    10.657
  3432.797    16.521    10.657
  3434.409    16.521    10.657
  3434.510    16.572    10.657
  3434.812    16.572    10.657
  3434.912    16.572    10.607
  3435.014    16.572    10.557
  3435.113    16.572    10.506
  3439.142    16.572    10.506
  3439.241    16.674    10.506
  3439.343    16.724    10.506
  3439.746    16.724    10.506
  3439.847    16.724    10.557
  3440.149    16.724    10.557
  3440.248    16.775    10.607
  3445.386    16.775    10.607
  3445.486    16.826    10.657
  3445.587    16.877    10.707
  3445.688    16.877    10.758
  3445.789    16.928    10.758
  3445.890    16.979    10.758
  3445.989    17.080    10.758
  3446.091    17.182    10.758
  3446.797    17.182    10.758
  3446.897    17.233    10.758
  3446.997    17.283    10.758
  3447.099    17.283    10.808
  3447.300    17.283    10.808
  3447.401    17.283    10.909
  3447.501    17.283    10.909
  3447.603    17.283    10.959
  3447.702    17.233    10.959
  3447.804    17.233    11.059
  3447.903    17.182    11.059
  3450.422    17.182    11.059
  3450.523    17.182    11.109
  3450.824    17.182    11.109
  3450.925    17.233    11.059
  3451.024    17.283    11.059
  3451.125    17.283    11.009
  3453.540    17.283    11.009
  3453.642    17.335    11.009
  3453.743    17.335    11.009
  3453.843    17.386    11.009
  3454.549    17.386    11.009
  3454.649    17.436    11.009
  3454.749    17.487    11.009
  3454.951    17.487    11.009
  3455.052    17.487    10.959
  3455.152    17.436    10.909
  3457.972    17.436    10.909
  3458.072    17.436    10.858
  3458.172    17.487    10.858
  3458.274    17.487    10.858
  3458.374    17.538    10.858
  3458.475    17.589    10.858
  3459.380    17.589    10.858
  3459.481    17.487    10.858
  3459.580    17.386    10.909
  3459.681    17.283    10.959
  3461.995    17.283    10.959
  3462.096    17.283    10.909
  3463.202    17.283    10.909
  3463.303    17.283    10.858
  3463.403    17.335    10.858
  3463.706    17.335    10.858
  3463.808    17.386    10.858
  3463.907    17.386    10.858
  3464.008    17.436    10.858
  3468.338    17.436    10.858
  3468.440    17.487    10.858
  3470.150    17.487    10.858
  3470.252    17.538    10.858
  3470.352    17.589    10.858
  3470.554    17.589    10.858
  3470.655    17.589    10.909
  3471.159    17.589    10.909
  3471.260    17.589    11.009
  3471.360    17.589    11.059
  3471.461    17.639    11.160
  3471.562    17.690    11.160
  3472.972    17.690    11.160
  3473.072    17.690    11.109
  3474.884    17.690    11.109
  3474.985    17.690    11.059
  3475.086    17.690    11.059
  3475.188    17.741    11.009
  3475.288    17.741    10.959
  3475.388    17.741    10.909
  3476.595    17.741    10.909
  3476.695    17.792    10.909
  3478.810    17.792    10.909
  3478.910    17.741    11.009
  3479.822    17.741    11.009
  3479.923    17.690    11.059
  3480.526    17.690    11.059
  3480.627    17.741    11.059
  3480.729    17.792    11.059
  3480.828    17.843    11.059
  3480.929    17.894    11.059
  3481.029    17.945    11.109
  3481.230    17.945    11.109
  3481.332    17.945    11.160
  3481.435    17.945    11.160
  3481.534    17.843    11.210
  3481.635    17.792    11.210
  3483.044    17.792    11.210
  3483.144    17.741    11.210
  3483.244    17.639    11.260
  3483.346    17.538    11.311
  3483.446    17.538    11.311
  3483.548    17.283    11.260
  3483.850    17.283    11.260
  3483.950    17.233    11.260
  3485.561    17.233    11.260
  3485.662    17.131    11.260
  3486.468    17.131    11.260
  3486.568    17.080    11.260
  3487.173    17.080    11.260
  3487.273    17.030    11.260
  3487.374    16.979    11.260
  3487.475    16.928    11.311
  3488.582    16.928    11.311
  3488.683    16.877    11.461
  3488.784    16.877    11.512
  3489.487    16.877    11.512
  3489.588    16.877    11.461
  3489.689    16.826    11.411
  3489.789    16.826    11.361
  3489.890    16.826    11.311
  3490.191    16.826    11.311
  3490.292    16.826    11.210
  3490.393    16.775    11.210
  3492.315    16.775    11.210
  3492.415    16.775    11.260
  3492.517    16.775    11.260
  3492.616    16.775    11.311
  3492.920    16.775    11.311
  3493.020    16.775    11.361
  3493.119    16.826    11.361
  3493.221    16.826    11.411
  3493.524    16.826    11.411
  3493.623    16.877    11.411
  3493.928    16.877    11.411
  3494.027    16.877    11.461
  3494.128    16.877    11.461
  3494.230    16.877    11.512
  3494.835    16.877    11.512
  3494.935    16.928    11.562
  3495.035    16.979    11.562
  3495.137    17.030    11.562
  3495.237    17.030    11.562
  3495.338    17.080    11.562
  3495.439    17.080    11.562
  3495.539    17.182    11.562
  3496.043    17.182    11.562
  3496.144    17.233    11.562
  3496.244    17.233    11.562
  3496.346    17.283    11.562
  3496.446    17.283    11.562
  3496.547    17.386    11.562
  3496.849    17.386    11.562
  3496.950    17.436    11.562
  3497.855    17.436    11.562
  3497.955    17.487    11.562
  3498.057    17.538    11.612
  3498.157    17.589    11.612
  3498.258    17.639    11.612
  3498.357    17.690    11.612
  3499.867    17.690    11.612
  3499.968    17.741    11.612
  3500.068    17.843    11.663
  3500.673    17.843    11.663
  3500.772    17.894    11.663
  3500.874    17.894    11.663
  3500.976    17.945    11.663
  3501.178    17.945    11.663
  3501.278    17.995    11.663
  3501.990    17.995    11.663
  3502.091    17.995    11.713
  3502.190    18.046    11.813
  3502.394    18.046    11.813
  3502.493    18.097    11.863
  3502.998    18.097    11.863
  3503.100    18.148    11.863
  3503.201    18.199    11.863
  3503.302    18.199    11.863
  3503.402    18.199    12.014
  3503.503    18.199    12.014
  3503.605    18.249    12.065
  3503.704    18.249    12.065
  3503.805    18.301    12.115
  3503.904    18.301    12.115
  3504.006    18.301    12.165
  3504.106    18.301    12.215
  3504.309    18.301    12.215
  3504.409    18.301    12.266
  3504.510    18.301    12.316
  3505.014    18.301    12.316
  3505.115    18.301    12.366
  3505.315    18.301    12.366
  3505.416    18.301    12.417
  3505.518    18.301    12.567
  3505.618    18.301    12.617
  3505.719    18.301    12.668
  3505.819    18.301    12.718
  3505.919    18.301    12.769
  3506.020    18.301    12.819
  3506.121    18.301    12.869
  3506.221    18.301    12.969
  3506.322    18.351    12.969
  3506.423    18.351    13.020
  3506.523    18.402    13.070
  3511.860    18.402    13.070
  3511.960    18.453    13.120
  3512.062    18.453    13.221
  3512.161    18.453    13.221
  3512.263    18.453    13.271
  3512.363    18.453    13.321
  3512.464    18.453    13.422
  3512.564    18.453    13.472
  3512.665    18.453    13.523
  3512.766    18.453    13.523
  3512.866    18.504    13.623
  3512.966    18.555    13.623
  3513.066    18.555    13.673
  3513.168    18.555    13.673
  3513.271    18.555    13.774
  3513.371    18.555    13.824
  3513.573    18.555    13.824
  3513.674    18.555    13.874
  3514.780    18.555    13.874
  3514.881    18.555    13.925
  3514.980    18.555    13.975
  3515.283    18.555    13.975
  3515.384    18.555    14.025
  3756.279    18.555    14.025
  3756.380    18.504    14.025
  3756.481    18.453    14.025
  3756.783    18.453    14.025
  3756.883    18.402    13.975
  3756.985    18.402    13.975
  3757.084    18.351    13.975
  3887.498    18.351    13.975
  3887.598    18.351    14.075
  3887.699    18.351    14.126
  3887.799    18.351    14.176
  3887.900    18.351    14.277
  3888.001    18.351    14.277
  3888.102    18.351    14.377
  3888.203    18.351    14.477
  3888.303    18.402    14.477
  3888.405    18.402    14.528
  3888.504    18.504    14.578
  3888.605    18.504    14.729
  3888.706    18.504    14.829
  3888.907    18.504    14.829
  3889.008    18.555    14.829
  3889.108    18.605    14.829
  3889.310    18.605    14.829
  3889.411    18.707    14.829
  3889.511    18.860    14.829
  3889.612    18.911    14.829
  3890.429    18.911    14.829
  3890.529    18.860    14.829
  3890.629    18.809    14.829
  3895.467    18.809    14.829
  3895.567    18.758    14.930
  3895.668    18.758    14.930
  3895.768    18.758    14.980
  3895.869    18.758    14.980
  3895.969    18.758    15.031
  3896.072    18.758    15.081
  3896.172    18.758    15.081
  3896.274    18.809    15.081
  3896.375    18.860    15.081
  3896.474    18.860    15.131
  3896.575    18.860    15.181
  3903.737    18.860    15.181
  3903.838    18.809    15.181
  3903.939    18.707    15.131
  3904.141    18.707    15.131
  3904.241    18.707    15.081
  3904.341    18.707    15.031
  3904.441    18.758    14.930
  3904.542    18.758    14.880
  3904.744    18.758    14.880
  3904.844    18.758    14.829
  3906.358    18.758    14.829
  3906.459    18.707    14.779
  3906.559    18.656    14.779
  3906.661    18.504    14.779
  3906.762    18.453    14.729
  3907.063    18.453    14.729
  3907.164    18.453    14.679
  3907.264    18.504    14.679
  3907.369    18.504    14.629
  3907.671    18.504    14.629
  3907.772    18.453    14.578
  3907.873    18.402    14.528
  3907.973    18.351    14.477
  3908.074    18.301    14.477
  3910.693    18.301    14.477
  3910.794    18.249    14.427
  3910.894    18.199    14.427
  3910.995    18.199    14.377
  3911.297    18.199    14.377
  3911.398    18.199    14.327
  3912.507    18.199    14.327
  3912.608    18.046    14.277
  3913.011    18.046    14.277
  3913.113    18.046    14.226
  3913.213    17.945    14.226
  3913.315    17.843    14.126
  3914.723    17.843    14.126
  3914.824    17.792    14.126
  3934.470    17.792    14.126
  3934.571    17.792    14.025
  3934.672    17.792    13.925
  3934.773    17.843    13.925
  3934.873    17.894    13.925
  3934.973    17.945    13.925
  3935.276    17.945    13.925
  3935.376    17.894    14.025
  3935.476    17.792    14.126
  3936.181    17.792    14.126
  3936.281    17.843    14.126
  3943.639    17.843    14.126
  3943.741    17.741    14.075
  3943.944    17.741    14.075
  3944.044    17.690    14.075
  3944.247    17.690    14.075
  3944.347    17.639    14.075
  3944.447    17.538    14.075
  3944.548    17.538    14.075
  3944.648    17.538    14.025
  3944.749    17.538    13.874
  3944.850    17.538    13.824
  3944.952    17.538    13.824
  3945.052    17.436    13.774
  3945.254    17.436    13.774
  3945.355    17.386    13.774
  3945.456    17.386    13.774
  3945.556    17.335    13.774
  3945.657    17.335    13.774
  3945.756    17.283    13.774
  4091.979    17.283    13.774
  4092.080    16.623    13.472
  4092.180    16.572    13.472
  4092.483    16.572    13.472
  4092.583    16.521    13.472
  4093.792    16.521    13.472
  4093.892    16.521    13.371
  4093.993    16.471    13.321
  4094.094    16.471    13.321
  4094.196    16.471    13.221
  4094.297    16.420    13.221
  4097.618    16.420    13.221
  4097.718    16.369    13.221
  4098.624    16.369    13.221
  4098.725    16.318    13.221
  4098.926    16.318    13.221
  4099.027    16.267    13.271
  4099.128    16.216    13.271
  4099.228    16.216    13.321
  4099.632    16.216    13.321
  4099.735    16.165    13.321
  4099.835    16.115    13.371
  4104.672    16.115    13.371
  4104.771    16.267    13.371
  4106.382    16.267    13.371
  4106.482    16.369    13.371
  4107.591    16.369    13.371
  4107.693    16.420    13.422
  4107.794    16.420    13.523
  4107.895    16.420    13.523
  4107.996    16.420    13.573
  4108.097    16.420    13.673
  4108.198    16.420    13.723
  4108.299    16.420    13.824
  4111.118    16.420    13.824
  4111.219    16.420    13.874
  4111.319    16.420    13.874
  4111.420    16.420    13.925
  4112.426    16.420    13.925
  4112.527    16.420    13.874
  4112.628    16.369    13.774
  4112.728    16.318    13.673
  4112.830    16.216    13.623
  4112.929    16.165    13.623
  4113.031    16.115    13.623
  4118.671    16.115    13.623
  4118.771    16.115    13.573
  4118.873    16.165    13.573
  4206.250    16.165    13.573
  4206.351    16.165    13.523
  4206.756    16.165    13.523
  4206.856    16.216    13.523
  4218.135    16.216    13.523
  4218.234    16.165    13.573
  4218.335    16.013    13.673
  4218.537    16.013    13.673
  4218.638    16.013    13.723
  4218.738    16.013    13.723
  4218.839    16.013    13.774
  4220.650    16.013    13.774
  4220.751    16.064    13.774
  4221.254    16.064    13.774
  4221.353    16.064    13.874
  4228.003    16.064    13.874
  4228.103    16.115    13.774
  4228.204    16.115    13.774
  4228.304    16.216    13.774
  4228.404    16.216    13.723
  4228.507    16.216    13.673
  4228.606    16.216    13.573
  4228.709    16.216    13.573
  4228.809    16.216    13.472
  4228.911    16.216    13.422
  4229.012    16.216    13.371
  4229.111    16.216    13.271
  4229.212    16.165    13.271
  4229.313    16.115    13.271
  4229.514    16.115    13.271
  4229.615    16.064    13.271
  4229.716    16.013    13.271
  4229.816    16.013    13.221
  4230.924    16.013    13.221
  4231.023    15.962    13.221
  4231.125    15.962    13.171
  4231.325    15.962    13.171
  4231.428    16.013    13.171
  4231.527    16.064    13.171
  4235.554    16.064    13.171
  4235.653    16.115    13.171
  4235.755    16.115    13.120
  4235.856    16.115    13.120
  4235.957    16.115    13.070
  4236.259    16.115    13.070
  4236.358    16.165    13.070
  4236.559    16.165    13.070
  4236.660    16.216    13.070
  4241.801    16.216    13.070
  4241.901    16.318    13.070
  4242.002    16.318    13.020
  4242.101    16.369    12.919
  4243.612    16.369    12.919
  4243.712    16.420    13.020
  4243.813    16.420    13.070
  4245.726    16.420    13.070
  4245.827    16.369    13.070
  4245.928    16.267    13.020
  4246.029    16.165    13.020
  4246.129    16.064    12.969
  4246.229    16.064    12.919
  4246.329    16.013    12.819
  4246.430    16.013    12.668
  4246.531    16.013    12.617
  4248.847    16.013    12.617
  4248.947    15.911    12.718
  4249.048    15.911    12.819
  4249.148    15.860    12.869
  4249.249    15.759    12.919
  4249.451    15.759    12.919
  4249.554    15.708    12.919
  4249.653    15.657    12.969
  4249.754    15.657    12.969
  4249.855    15.657    13.020
  4252.270    15.657    13.020
  4252.372    15.657    13.070
  4252.471    15.657    13.070
  4252.573    15.708    13.070
  4252.675    15.809    13.070
  4252.876    15.809    13.070
  4252.975    15.911    13.020
  4253.077    15.962    13.020
  4253.681    15.962    13.020
  4253.782    16.013    13.020
  4253.883    16.064    13.070
  4256.703    16.064    13.070
  4256.804    15.962    13.070
  4256.903    15.911    13.120
  4257.005    15.809    13.321
  4257.106    15.759    13.422
  4258.112    15.759    13.422
  4258.213    16.165    13.422
  4258.313    16.369    13.422
  4260.527    16.369    13.422
  4260.629    16.267    13.422
  4260.729    16.267    13.422
  4260.831    16.165    13.422
  4260.931    16.013    13.422
  4261.032    15.911    13.472
  4261.133    15.860    13.472
  4266.067    15.860    13.472
  4266.167    15.809    13.472
  4266.267    15.759    13.472
  4266.368    15.657    13.472
  4266.971    15.657    13.472
  4267.072    15.657    13.573
  4267.173    15.657    13.673
  4270.192    15.657    13.673
  4270.294    15.606    13.673
  4270.596    15.606    13.673
  4270.696    15.606    13.623
  4274.121    15.606    13.623
  4274.221    15.606    13.673
  4274.322    15.606    13.673
  4274.422    15.606    13.723
  4274.523    15.606    13.774
  4274.624    15.606    13.824
  4274.725    15.606    13.824
  4274.827    15.606    13.874
  4274.928    15.505    13.874
  4279.657    15.505    13.874
  4279.758    15.454    13.874
  4279.858    15.454    13.874
  4279.960    15.403    13.925
  4281.770    15.403    13.925
  4281.873    15.454    13.925
  4281.974    15.505    13.925
  4282.076    15.555    13.824
  4282.376    15.555    13.824
  4282.478    15.555    13.774
  4282.578    15.505    13.723
  4282.680    15.505    13.723
  4282.779    15.454    13.723
  4283.382    15.454    13.723
  4283.483    15.454    13.673
  4283.584    15.454    13.673
  4283.685    15.454    13.623
  4284.391    15.454    13.623
  4284.492    15.403    13.623
  4284.593    15.352    13.623
  4284.693    15.301    13.623
  4284.794    15.199    13.623
  4284.895    15.149    13.623
  4284.996    15.098    13.623
  4285.095    15.098    13.623
  4285.195    15.047    13.623
  4285.297    14.996    13.623
  4285.397    14.946    13.623
  4285.701    14.946    13.623
  4285.803    14.946    13.673
  4285.903    14.946    13.723
  4286.004    14.946    13.774
  4289.626    14.946    13.774
  4289.726    14.843    13.723
  4290.029    14.843    13.723
  4290.131    14.843    13.673
  4294.156    14.843    13.673
  4294.257    14.793    13.623
  4294.357    14.691    13.623
  4294.458    14.590    13.623
  4343.574    14.590    13.623
  4343.675    14.539    13.623
  4343.876    14.539    13.623
  4343.976    14.488    13.623
  4344.480    14.488    13.623
  4344.581    14.437    13.623
  4344.681    14.437    13.723
  4344.984    14.437    13.723
  4345.084    14.386    13.723
  4345.185    14.386    13.723
  4345.285    14.335    13.774
  4351.224    14.335    13.774
  4351.324    14.335    13.824
  4351.424    14.234    13.874
  4351.526    14.030    14.025
  4351.627    13.980    14.075
  4351.727    13.980    14.126
  4352.029    13.980    14.126
  4352.130    13.980    14.176
  4352.230    13.980    14.176
  4352.331    14.030    14.176
  4352.431    14.081    14.176
  4356.055    14.081    14.176
  4356.157    13.928    14.226
  4356.259    13.928    14.277
  4356.358    13.928    14.277
  4356.459    13.878    14.377
  4356.761    13.878    14.377
  4356.862    13.878    14.427
  4361.593    13.878    14.427
  4361.694    13.878    14.377
  4361.795    13.878    14.327
  4361.895    13.878    14.277
  4365.217    13.878    14.277
  4365.316    13.928    14.277
  4370.853    13.928    14.277
  4370.954    13.928    14.327
  4439.284    13.928    14.327
  4439.385    13.980    14.327
  4439.485    13.980    14.226
  4439.586    13.980    14.176
  4439.686    13.980    14.126
  4439.787    14.030    14.075
  4439.888    14.030    14.025
  4439.989    14.081    14.025
  4440.090    14.081    14.025
  4440.189    14.132    14.025
  4440.290    14.183    14.025
  4440.392    14.234    13.975
  4440.493    14.284    13.975
  4440.595    14.386    13.925
  4440.695    14.437    13.925
  4440.796    14.488    13.874
  4440.896    14.590    13.874
  4440.997    14.640    13.824
  4441.097    14.640    13.824
  4441.197    14.691    13.824
  4445.731    14.691    13.824
  4445.833    14.691    13.673
  4445.934    14.691    13.623
  4446.035    14.691    13.573
  4446.135    14.691    13.573
  4446.235    14.691    13.523
  4451.875    14.691    13.523
  4451.976    14.640    13.523
  4452.076    14.590    13.523
  4454.993    14.590    13.523
  4455.094    14.590    13.472
  4455.194    14.590    13.472
  4455.295    14.590    13.422
  4455.395    14.590    13.371
  4455.496    14.590    13.271
  4455.597    14.539    13.221
  4457.811    14.539    13.221
  4457.912    14.488    13.221
  4458.014    14.437    13.221
  4458.114    14.386    13.171
  4458.214    14.386    13.171
  4458.314    14.386    13.120
  4461.334    14.386    13.120
  4461.434    14.335    13.120
  4461.535    14.132    13.020
  4467.783    14.132    13.020
  4467.884    14.132    13.070
  4467.984    14.132    13.171
  4468.086    14.132    13.221
  4468.186    14.132    13.321
  4468.287    14.132    13.371
  4468.388    14.030    13.371
  4468.488    13.980    13.422
  4468.589    13.928    13.422
  4468.689    13.928    13.422
  4468.790    13.928    13.523
  4468.992    13.928    13.523
  4469.092    13.928    13.673
  4469.494    13.928    13.673
  4469.595    13.928    13.723
  4469.695    13.928    13.774
  4469.796    13.928    13.774
  4469.897    13.928    13.824
  4469.999    13.928    13.874
  4470.100    13.928    13.925
  4470.199    13.928    13.975
  4470.400    13.928    13.975
  4470.501    13.878    14.075
  4470.602    13.827    14.176
  4470.703    13.827    14.226
  4470.805    13.827    14.226
  4470.904    13.776    14.327
  4471.006    13.674    14.377
  4471.105    13.573    14.427
  4471.206    13.522    14.477
  4471.306    13.471    14.477
  4471.407    13.369    14.629
  4471.508    13.268    14.880
  4471.609    13.217    15.081
  4471.710    13.115    15.181
  4471.811    13.014    15.383
  4471.911    12.912    15.433
  4472.012    12.810    15.433
  4472.112    12.759    15.533
  4472.214    12.759    15.533
  4472.314    12.607    15.734
  4472.415    12.506    15.785
  4472.517    12.454    15.835
  4473.120    12.454    15.835
  4473.221    12.353    15.835
  4473.320    12.048    16.086
  4473.422    12.048    16.086
  4473.522    11.946    16.237
  4473.624    11.895    16.388
  4473.725    11.895    16.438
  4474.530    11.895    16.438
  4474.632    11.997    16.438
  4474.734    12.099    16.438
  4474.835    12.099    16.388
  4474.936    12.099    16.388
  4475.037    12.150    16.388
  4475.138    12.251    16.388
  4475.238    12.302    16.388
  4475.339    12.302    16.337
  4475.439    12.353    16.287
  4475.540    12.403    16.137
  4476.144    12.403    16.137
  4476.245    12.454    16.137
  4476.346    12.506    16.137
  4476.748    12.506    16.137
  4476.850    12.556    16.137
  4477.251    12.556    16.137
  4477.351    12.607    16.137
  4477.452    12.658    16.137
  4477.553    12.709    16.137
  4479.668    12.709    16.137
  4479.768    12.759    16.137
  4479.869    12.861    16.137
  4480.272    12.861    16.137
  4480.373    12.912    16.237
  4480.676    12.912    16.237
  4480.776    13.014    16.237
  4480.979    13.014    16.237
  4481.080    13.065    16.337
  4487.121    13.065    16.337
  4487.221    13.115    16.388
  4487.322    13.115    16.438
  4487.423    13.115    16.489
  4487.725    13.115    16.489
  4487.826    13.115    16.539
  4487.928    13.065    16.539
  4488.028    13.014    16.589
  4488.129    12.912    16.639
  4488.230    12.810    16.689
  4488.331    12.759    16.689
  4488.430    12.709    16.689
  4488.531    12.658    16.689
  4488.632    12.556    16.689
  4489.538    12.556    16.689
  4489.638    12.506    16.689
  4489.739    12.403    16.790
  4489.840    12.353    16.790
  4489.941    12.353    16.790
  4490.042    12.454    16.840
  4490.142    12.506    16.840
  4490.243    12.607    16.840
  4490.846    12.607    16.840
  4490.947    12.506    16.840
  4491.048    12.454    16.991
  4491.147    12.403    17.041
  4494.975    12.403    17.041
  4495.076    12.302    17.142
  4495.177    12.200    17.192
  4495.681    12.200    17.192
  4495.781    12.200    17.142
  4497.090    12.200    17.142
  4497.190    12.251    17.142
  4497.291    12.302    17.142
  4497.392    12.403    17.142
  4497.494    12.403    17.142
  4497.595    12.454    17.142
  4497.796    12.454    17.142
  4497.897    12.454    17.091
  4498.098    12.454    17.091
  4498.198    12.454    17.041
  4498.298    12.506    17.041
  4498.399    12.556    17.041
  4499.003    12.556    17.041
  4499.102    12.607    16.991
  4499.204    12.658    16.991
  4499.508    12.658    16.991
  4499.608    12.709    16.991
  4499.709    12.810    16.991
  4499.809    12.861    16.941
  4500.413    12.861    16.941
  4500.514    12.912    16.891
  4501.016    12.912    16.891
  4501.116    12.962    16.891
  4501.217    12.962    16.840
  4501.724    12.962    16.840
  4501.824    13.014    16.840
  4501.957    13.115    16.740
  4502.033    13.115    16.740
  4502.134    13.014    16.790
  4502.233    12.962    16.790
  4503.744    12.962    16.790
  4503.846    13.014    16.790
  4504.047    13.014    16.790
  4504.147    13.014    16.740
  4504.649    13.014    16.740
  4504.751    13.014    16.639
  4504.954    13.014    16.639
  4505.055    13.065    16.639
  4507.271    13.065    16.639
  4507.372    13.065    16.589
  4507.574    13.065    16.589
  4507.675    13.065    16.539
  4508.077    13.065    16.539
  4508.179    13.065    16.489
  4508.278    13.065    16.489
  4508.380    13.065    16.388
  4508.480    13.014    16.337
  4508.580    12.962    16.337
  4508.983    12.962    16.337
  4509.085    12.962    16.287
  4509.286    12.962    16.287
  4509.387    13.014    16.287
  4509.489    13.065    16.287
  4509.590    13.115    16.287
  4509.892    13.115    16.287
  4509.992    13.115    16.237
  4510.092    13.115    16.187
  4510.192    13.115    16.187
  4510.293    13.166    16.187
  4512.710    13.166    16.187
  4512.810    13.166    16.137
  4513.515    13.166    16.137
  4513.616    13.115    16.137
  4513.717    13.065    16.137
  4513.817    12.962    16.086
  4513.918    12.912    16.036
  4525.593    12.912    16.036
  4525.693    12.912    16.086
  4525.795    12.912    16.086
  4525.894    12.912    16.137
  4526.197    12.912    16.137
  4526.298    12.962    16.187
  4526.701    12.962    16.187
  4526.802    12.962    16.237
  4527.506    12.962    16.237
  4527.607    12.912    16.237
  4527.708    12.912    16.237
  4527.809    12.861    16.287
  4528.718    12.861    16.287
  4528.817    12.912    16.287
  4528.918    12.912    16.287
  4529.018    12.962    16.337
  4529.825    12.962    16.337
  4529.926    12.912    16.337
  4530.025    12.861    16.388
  4530.126    12.759    16.489
  4530.226    12.658    16.489
  4530.327    12.607    16.489
  4530.630    12.607    16.489
  4530.730    12.607    16.438
  4531.336    12.607    16.438
  4531.436    12.658    16.438
  4531.537    12.658    16.438
  4531.639    12.709    16.438
  4531.739    12.759    16.438
  4532.849    12.759    16.438
  4532.948    12.759    16.489
  4533.150    12.759    16.489
  4533.250    12.759    16.589
  4533.350    12.759    16.689
  4533.453    12.759    16.740
  4533.553    12.810    16.790
  4533.654    12.810    16.891
  4533.755    12.810    16.991
  4533.855    12.810    17.041
  4534.257    12.810    17.041
  4534.359    12.759    17.041
  4534.460    12.709    17.041
  4534.561    12.556    16.991
  4534.661    12.506    16.941
  4535.770    12.506    16.941
  4535.872    12.454    16.941
  4535.973    12.353    16.941
  4536.072    12.302    16.941
  4536.475    12.302    16.941
  4536.576    12.251    16.941
  4537.078    12.251    16.941
  4537.180    12.200    16.941
  4541.307    12.200    16.941
  4541.407    12.251    16.991
  4544.025    12.251    16.991
  4544.126    12.200    16.991
  4544.226    12.048    16.991
  4544.327    11.895    16.991
  4544.428    11.794    16.941
  4544.528    11.794    16.941
  4544.629    11.794    16.891
  4544.729    11.692    16.840
  4544.831    11.641    16.790
  4544.931    11.641    16.790
  4545.032    11.438    16.740
  4545.132    11.285    16.689
  4545.233    11.184    16.689
  4545.333    11.133    16.689
  4545.433    11.031    16.689
  4545.535    10.929    16.639
  4545.635    10.878    16.639
  4545.735    10.878    16.589
  4545.836    10.828    16.589
  4545.937    10.726    16.539
  4546.040    10.573    16.489
  4546.140    10.472    16.489
  4546.240    10.319    16.388
  4546.341    10.167    16.337
  4546.441    10.065    16.287
  4546.543    10.014    16.187
  4546.642     9.963    16.086
  4546.743     9.862    16.036
  4546.845     9.862    15.986
  4546.945     9.811    15.935
  4547.046     9.659    15.885
  4547.145     9.557    15.885
  4547.347     9.557    15.885
  4547.447     9.455    15.885
  4547.548     9.303    15.885
  4547.648     9.201    15.835
  4547.749     9.048    15.734
  4547.849     8.997    15.634
  4547.952     8.896    15.634
  4548.052     8.693    15.483
  4548.152     8.591    15.433
  4548.253     8.489    15.433
  4548.353     8.489    15.383
  4548.454     8.489    15.383
  4548.555     8.438    15.383
  4548.656     8.388    15.383
  4548.756     8.286    15.383
  4548.856     8.184    15.383
  4549.158     8.184    15.383
  4549.259     8.133    15.383
  4549.359     8.082    15.383
  4551.273     8.082    15.383
  4551.374     8.032    15.433
  4551.474     7.981    15.433
  4551.577     7.981    15.483
  4551.978     7.981    15.483
  4552.079     7.981    15.533
  4552.180     7.981    15.533
  4552.280     7.981    15.483
  4552.381     7.981    15.433
  4552.481     7.930    15.282
  4552.582     7.930    15.231
  4552.683     7.930    15.231
  4552.784     7.828    15.231
  4552.885     7.828    15.231
  4552.985     7.778    15.231
  4553.085     7.778    15.231
  4553.185     7.676    15.231
  4553.286     7.625    15.231
  4553.588     7.625    15.231
  4553.688     7.523    15.231
  4553.790     7.472    15.231
  4553.890     7.371    15.231
  4553.991     7.219    15.231
  4554.393     7.219    15.231
  4554.494     7.269    15.231
  4554.595     7.269    15.231
  4554.696     7.269    15.181
  4556.406     7.269    15.181
  4556.507     7.320    15.131
  4556.608     7.320    15.131
  4556.708     7.371    15.131
  4556.809     7.371    15.131
  4556.910     7.371    15.081
  4558.318     7.371    15.081
  4558.420     7.371    14.980
  4561.237     7.371    14.980
  4561.338     7.371    14.930
  4561.438     7.371    14.930
  4561.539     7.269    14.880
  4563.452     7.269    14.880
  4563.553     7.269    14.829
  4563.653     7.269    14.829
  4563.754     7.269    14.779
  4563.854     7.269    14.779
  4563.957     7.269    14.729
  4564.058     7.219    14.679
  4565.870     7.219    14.679
  4565.971     7.167    14.528
  4566.071     7.116    14.377
  4566.172     7.116    14.226
  4566.272     7.116    14.176
  4566.373     7.116    14.075
  4566.474     7.116    13.975
  4566.573     7.116    13.925
  4566.675     7.116    13.874
  4566.775     7.116    13.824
  4568.388     7.116    13.824
  4568.487     7.015    13.824
  4568.589     7.015    13.824
  4568.689     6.964    13.874
  4568.790     6.964    13.925
  4568.891     6.913    13.975
  4568.992     6.913    14.025
  4569.092     6.863    14.075
  4569.193     6.863    14.075
  4569.292     6.863    14.126
  4569.393     6.913    14.126
  4569.494     6.964    14.126
  4569.595     7.015    14.126
  4569.695     7.066    14.126
  4569.797     7.116    14.126
  4570.704     7.116    14.126
  4570.805     7.167    14.126
  4571.710     7.167    14.126
  4571.811     7.116    14.226
  4571.912     7.066    14.226
  4572.821     7.066    14.226
  4572.922     7.066    14.176
  4573.021     7.066    14.126
  4574.636     7.066    14.126
  4574.735     7.167    14.126
  4574.837     7.219    14.126
  4574.937     7.320    14.126
  4575.039     7.320    14.126
  4575.139     7.371    14.126
  4575.240     7.422    14.126
  4575.341     7.472    14.126
  4575.441     7.523    14.126
  4575.542     7.523    14.126
  4575.642     7.523    14.025
  4577.453     7.523    14.025
  4577.554     7.523    13.975
  4577.654     7.472    13.975
  4578.156     7.472    13.975
  4578.258     7.523    13.975
  4580.271     7.523    13.975
  4580.374     7.574    14.025
  4580.473     7.574    14.025
  4580.575     7.625    14.075
  4581.181     7.625    14.075
  4581.280     7.676    14.075
  4581.381     7.676    14.126
  4584.000     7.676    14.126
  4584.100     7.676    14.176
  4584.503     7.676    14.176
  4584.604     7.625    14.176
  4584.704     7.574    14.176
  4584.805     7.523    14.176
  4585.107     7.523    14.176
  4585.207     7.472    14.176
  4585.308     7.472    14.126
  4586.417     7.472    14.126
  4586.518     7.523    14.126
  4586.820     7.523    14.126
  4586.921     7.523    14.075
  4588.934     7.523    14.075
  4589.035     7.523    14.126
  4589.236     7.523    14.126
  4589.337     7.422    14.226
  4589.538     7.422    14.226
  4589.640     7.371    14.277
  4589.740     7.371    14.327
  4590.646     7.371    14.327
  4590.748     7.422    14.277
  4590.849     7.422    14.226
  4595.581     7.422    14.226
  4595.682     7.422    14.176
  4596.287     7.422    14.176
  4596.388     7.472    14.176
  4596.488     7.472    14.176
  4596.589     7.523    14.176
  4605.855     7.523    14.176
  4605.956     7.523    14.126
  4606.056     7.523    14.126
  4606.157     7.422    14.126
  4606.258     7.422    14.126
  4606.358     7.371    14.075
  4804.697     7.371    14.075
  4804.798     7.371    14.025
  4804.899     7.371    13.975
  4805.000     7.320    13.975
  4818.006     7.320    13.975
  4818.107     7.219    13.925
  4818.208     7.219    13.925
  4818.307     7.219    13.874
  4818.409     7.219    13.774
  4818.811     7.219    13.774
  4818.913     7.167    13.673
  4822.134     7.167    13.673
  4822.235     7.066    13.623
  4822.336     7.015    13.623
  4826.263     7.015    13.623
  4826.364     6.913    13.573
  4826.564     6.913    13.573
  4826.665     6.863    13.573
  4826.768     6.812    13.573
  4826.869     6.761    13.573
  4832.710     6.761    13.573
  4832.809     6.812    13.573
  4833.514     6.812    13.573
  4833.616     6.812    13.523
  4833.715     6.812    13.472
  4840.257     6.812    13.472
  4840.358     6.812    13.523
  4840.861     6.812    13.523
  4840.961     6.863    13.523
  4992.030     6.863    13.523
  4992.131     6.812    13.523
  4992.230     6.761    13.523
  4992.942     6.761    13.523
  4993.043     6.710    13.523
  4994.051     6.710    13.523
  4994.151     6.710    13.472
  4994.251     6.608    13.422
  4994.352     6.557    13.371
  4994.453     6.557    13.271
  4994.555     6.557    13.171
  4994.655     6.557    13.070
  4999.287     6.557    13.070
  4999.388     6.507    13.070
  4999.487     6.456    13.120
  5004.018     6.456    13.120
  5004.118     6.456    13.020
  5011.975     6.456    13.020
  5012.075     6.456    12.969
  5022.949     6.456    12.969
  5023.051     6.659    12.869
  5024.661     6.659    12.869
  5024.762     6.608    12.869
  5024.862     6.557    12.869
  5050.277     6.557    12.869
  5050.377     6.507    12.869
  5050.477     6.456    12.869
  5050.780     6.456    12.869
  5050.880     6.405    12.869
  5051.183     6.405    12.869
  5051.284     6.304    12.819
  5100.949     6.304    12.819
  5101.050     6.253    12.819
  5112.433     6.253    12.819
  5112.533     6.253    12.869
  5112.633     6.253    12.869
  5112.734     6.253    12.919
  5112.834     6.201    13.020
  5112.935     6.151    13.020
  5119.175     6.151    13.020
  5119.275     6.100    13.020
  5119.376     5.998    13.070
  5122.196     5.998    13.070
  5122.296     5.998    13.120
  5122.397     5.998    13.171
  5122.799     5.998    13.171
  5122.899     6.049    13.171
  5123.101     6.049    13.171
  5123.202     6.151    13.371
  5123.303     6.151    13.472
  5123.605     6.151    13.472
  5123.706     6.151    13.523
  5123.805     6.100    13.573
  5123.907     5.948    13.623
  5124.007     5.897    13.673
  5124.108     5.795    13.723
  5124.510     5.795    13.723
  5124.610     5.795    13.824
  5124.711     5.846    13.874
  5124.811     5.846    13.925
  5124.913     5.846    13.975
  5125.012     5.846    14.025
  5126.222     5.846    14.025
  5126.323     5.846    14.075
  5126.826     5.846    14.075
  5126.925     5.897    14.075
  5127.530     5.897    14.075
  5127.629     5.897    14.126
  5127.731     5.897    14.176
  5127.832     5.897    14.226
  5127.933     5.948    14.277
  5128.034     5.998    14.277
  5128.335     5.998    14.277
  5128.436     6.049    14.377
  5128.638     6.049    14.377
  5128.739     6.049    14.427
  5128.838     6.049    14.477
  5129.342     6.049    14.477
  5129.443     6.100    14.477
  5129.542     6.151    14.578
  5129.845     6.151    14.578
  5129.946     6.151    14.679
  5130.046     6.151    14.729
  5130.147     6.151    14.729
  5130.248     6.151    14.829
  5130.349     6.201    14.930
  5130.451     6.201    15.081
  5130.549     6.201    15.081
  5130.650     6.201    15.231
  5131.262     6.201    15.231
  5131.356     6.201    15.282
  5131.457     6.201    15.282
  5131.556     6.151    15.282
  5131.657     6.049    15.231
  5131.757     5.998    15.181
  5131.859     5.846    14.980
  5137.293     5.846    14.980
  5137.394     5.795    14.880
  5137.495     5.693    14.829
  5137.595     5.592    14.729
  5139.108     5.592    14.729
  5139.209     5.541    14.729
  5152.700     5.541    14.729
  5152.799     5.439    14.729
  5152.900     5.388    14.729
  5153.000     5.338    14.779
  5153.102     5.286    14.779
  5153.203     5.236    14.779
  5153.304     5.185    14.779
  5153.405     5.134    14.829
  5153.504     5.032    14.829
  5153.605     4.982    14.829
  5153.707     4.982    14.829
  5153.807     4.931    14.829
  5153.907     4.829    14.829
  5154.007     4.778    14.829
  5154.108     4.727    14.779
  5154.209     4.575    14.779
  5154.310     4.524    14.779
  5154.411     4.473    14.729
  5154.511     4.473    14.729
  5154.612     4.473    14.679
  5154.711     4.423    14.679
  5155.013     4.423    14.679
  5155.114     4.423    14.629
  5155.215     4.423    14.578
  5155.315     4.423    14.528
  5155.416     4.423    14.427
  5155.516     4.320    14.327
  5155.617     4.270    14.327
  5155.919     4.270    14.327
  5156.019     4.219    14.226
  5156.120     4.219    14.176
  5156.221     4.168    14.126
  5156.322     4.117    14.126
  5159.646     4.117    14.126
  5159.747     4.067    14.126
  5159.948     4.067    14.126
  5160.047     4.016    14.126
  5162.061     4.016    14.126
  5162.163     3.965    14.126
  5163.169     3.965    14.126
  5163.269     3.863    14.075
  5163.370     3.812    14.025
  5163.472     3.812    13.975
  5163.573     3.711    13.874
  5163.673     3.660    13.824
  5163.773     3.660    13.774
  5163.875     3.609    13.673
  5163.974     3.558    13.623
  5164.076     3.507    13.573
  5164.176     3.457    13.472
  5164.278     3.355    13.422
  5164.377     3.355    13.371
  5164.478     3.304    13.371
  5166.299     3.304    13.371
  5166.400     3.304    13.321
  5166.500     3.304    13.271
  5166.602     3.355    13.271
  5166.702     3.355    13.221
  5166.802     3.355    13.171
  5166.903     3.355    13.120
  5167.003     3.355    13.120
  5167.105     3.355    13.020
  5167.206     3.355    12.969
  5167.305     3.355    12.919
  5167.406     3.355    12.869
  5168.125     3.355    12.869
  5168.225     3.355    12.769
  5168.326     3.355    12.718
  5168.426     3.355    12.617
  5168.526     3.304    12.467
  5168.626     3.304    12.417
  5168.728     3.304    12.417
  5168.828     3.304    12.366
  5168.928     3.304    12.366
  5169.030     3.304    12.316
  5169.734     3.304    12.316
  5169.834     3.304    12.165
  5169.936     3.304    12.165
  5170.036     3.304    12.115
  5170.942     3.304    12.115
  5171.043     3.355    12.115
  5171.145     3.355    12.065
  5171.245     3.355    12.065
  5171.348     3.355    12.014
  5171.448     3.355    11.914
  5171.549     3.304    11.863
  5172.252     3.304    11.863
  5172.356     3.304    11.813
  5172.456     3.304    11.813
  5172.557     3.304    11.763
  5172.657     3.304    11.713
  5172.958     3.304    11.713
  5173.060     3.202    11.663
  5173.162     3.202    11.663
  5173.262     3.202    11.612
  5173.362     3.202    11.562
  5173.664     3.202    11.562
  5173.763     3.253    11.562
  5173.866     3.304    11.562
  5173.965     3.355    11.663
  5174.066     3.457    11.663
  5174.166     3.457    11.663
  5174.268     3.507    11.663
  5174.370     3.507    11.663
  5174.469     3.507    11.763
  5174.570     3.406    11.813
  5174.670     3.406    11.863
  5174.771     3.406    11.863
  5174.873     3.406    11.914
  5174.974     3.406    12.014
  5175.074     3.406    12.065
  5175.174     3.406    12.165
  5175.275     3.406    12.165
  5175.376     3.406    12.215
  5175.476     3.355    12.316
  5175.577     3.202    12.417
  5175.677     3.151    12.517
  5176.683     3.151    12.517
  5176.784     3.151    12.668
  5176.884     3.151    12.819
  5176.985     3.151    13.020
  5177.085     3.151    13.171
  5177.187     3.151    13.321
  5177.287     3.151    13.422
  5177.387     3.202    13.472
  5177.488     3.202    13.523
  5177.589     3.202    13.573
  5177.691     3.202    13.774
  5177.791     3.304    13.975
  5177.891     3.304    14.025
  5177.993     3.304    14.075
  5178.093     3.304    14.126
  5178.194     3.304    14.126
  5178.294     3.304    14.226
  5178.395     3.355    14.327
  5178.495     3.457    14.528
  5178.595     3.457    14.629
  5178.697     3.457    14.779
  5178.797     3.457    14.880
  5178.897     3.457    15.081
  5178.998     3.457    15.231
  5179.099     3.457    15.332
  5179.199     3.457    15.383
  5179.300     3.457    15.433
  5179.399     3.457    15.634
  5179.501     3.507    15.785
  5179.601     3.507    15.835
  5179.702     3.457    15.986
  5179.802     3.355    16.036
  5179.903     3.355    16.137
  5180.003     3.355    16.187
  5180.206     3.355    16.187
  5180.307     3.355    16.237
  5180.407     3.355    16.287
  5180.507     3.304    16.438
  5180.608     3.304    16.589
  5182.018     3.304    16.589
  5182.120     3.253    16.589
  5182.220     3.202    16.589
  5182.322     3.202    16.589
  5182.422     3.151    16.589
  5182.522     3.151    16.639
  5182.622     3.101    16.639
  5182.723     3.050    16.639
  5182.824     3.050    16.639
  5182.925     3.050    16.589
  5183.026     3.050    16.539
  5183.228     3.050    16.539
  5183.328     3.050    16.489
  5183.428     3.050    16.438
  5183.528     3.050    16.388
  5184.133     3.050    16.388
  5184.233     3.050    16.438
  5184.334     3.050    16.489
  5188.662     3.050    16.489
  5188.762     3.050    16.539
  5189.064     3.050    16.539
  5189.165     2.948    16.539
  5189.265     2.948    16.489
  5190.171     2.948    16.489
  5190.272     2.999    16.489
  5190.977     2.999    16.489
  5191.078     2.999    16.539
  5191.179     3.050    16.589
  5191.280     3.050    16.589
  5191.379     3.050    16.639
  5191.481     3.050    16.639
  5191.581     3.050    16.689
  5191.681     3.050    16.790
  5191.782     3.050    16.840
  5191.882     3.050    16.891
  5191.983     3.050    16.891
  5192.083     3.050    16.941
  5192.184     3.050    16.941
  5192.285     3.101    16.941
  5192.385     3.151    16.941
  5192.686     3.151    16.941
  5192.788     3.151    16.991
  5192.888     3.202    17.041
  5192.989     3.253    17.192
  5193.190     3.253    17.192
  5193.291     3.253    17.243
  5193.391     3.304    17.343
  5193.492     3.304    17.494
  5193.592     3.304    17.745
  5193.693     3.304    17.846
  5193.792     3.304    17.896
  5193.895     3.355    18.047
  5193.996     3.507    18.298
  5194.096     3.609    18.499
  5194.197     3.609    18.600
  5194.297     3.609    18.700
  5194.500     3.609    18.700
  5194.600     3.609    18.751
  5194.701     3.660    18.751
  5194.801     3.660    18.751
  5194.901     3.711    18.751
  5195.002     3.863    18.751
  5195.114     3.914    18.801
  5195.215     3.914    18.901
  5195.316     3.914    18.951
  5195.417     3.914    19.052
  5195.517     3.914    19.102
  5195.617     3.914    19.153
  5195.717     3.914    19.253
  5195.818     3.914    19.354
  5195.918     3.914    19.404
  5196.019     3.914    19.505
  5196.120     3.914    19.655
  5196.221     3.914    19.756
  5196.321     3.914    19.856
  5196.421     3.914    20.007
  5196.522     3.914    20.158
  5196.624     3.914    20.208
  5196.722     3.914    20.208
  5196.824     3.965    20.309
  5196.924     4.016    20.460
  5197.025     4.016    20.560
  5197.125     4.016    20.610
  5197.226     4.016    20.661
  5197.328     4.016    20.761
  5197.427     4.016    20.811
  5198.333     4.016    20.811
  5198.435     4.117    20.811
  5198.535     4.168    20.962
  5198.635     4.168    21.113
  5198.736     4.168    21.314
  5198.836     4.168    21.364
  5198.938     4.219    21.415
  5199.038     4.270    21.415
  5199.138     4.372    21.465
  5199.239     4.423    21.566
  5199.339     4.423    21.766
  5199.440     4.473    21.917
  5199.541     4.473    21.968
  5199.641     4.473    21.968
  5199.742     4.473    22.169
  5199.842     4.524    22.320
  5199.943     4.524    22.470
  5200.043     4.524    22.621
  5200.144     4.575    22.923
  5200.245     4.626    23.074
  5200.345     4.626    23.174
  5200.446     4.575    23.426
  5200.546     4.524    23.576
  5200.647     4.524    23.777
  5200.749     4.524    24.079
  5200.848     4.524    24.129
  5200.950     4.524    24.129
  5201.050     4.473    24.129
  5201.151     4.473    24.230
  5201.250     4.372    24.330
  5201.353     4.320    24.431
  5204.675     4.320    24.431
  5204.776     4.320    24.531
  5204.876     4.320    24.582
  5208.712     4.320    24.582
  5208.815     4.372    24.582
  5208.916     4.473    24.582
  5209.117     4.473    24.582
  5209.217     4.473    24.531
  5209.318     4.473    24.481
  5209.417     4.473    24.431
  5209.518     4.473    24.380
  5209.621     4.473    24.280
  5209.722     4.473    24.280
  5209.823     4.524    24.280
  5210.326     4.524    24.280
  5210.426     4.575    24.330
  5210.526     4.626    24.380
  5210.627     4.676    24.380
  5210.729     4.676    24.481
  5210.830     4.727    24.531
  5211.031     4.727    24.531
  5211.131     4.778    24.531
  5212.045     4.778    24.531
  5212.146     4.778    24.481
  5212.346     4.778    24.481
  5212.447     4.829    24.481
  5212.547     4.880    24.531
  5212.649     4.880    24.582
  5212.749     4.931    24.632
  5212.850     4.982    24.682
  5212.951     5.032    24.732
  5213.051     5.032    24.783
  5213.153     5.083    24.783
  5213.352     5.083    24.783
  5213.453     5.134    24.783
  5213.554     5.134    24.833
  5213.654     5.185    24.833
  5213.755     5.286    24.883
  5213.857     5.338    24.883
  5213.958     5.388    24.934
  5214.058     5.388    24.984
  5214.159     5.388    25.084
  5214.259     5.388    25.185
  5214.360     5.388    25.286
  5214.460     5.388    25.336
  5214.560     5.439    25.386
  5214.661     5.490    25.537
  5214.761     5.541    25.688
  5214.863     5.642    25.838
  5214.962     5.642    25.838
  5215.065     5.693    25.838
  5215.166     5.795    25.838
  5215.267     5.795    25.838
  5215.368     5.897    25.838
  5215.466     5.998    25.888
  5215.567     5.998    25.888
  5215.667     5.998    25.989
  5215.769     5.998    26.040
  5215.869     5.998    26.090
  5215.969     5.998    26.190
  5216.071     6.049    26.190
  5216.170     6.100    26.190
  5216.272     6.151    26.190
  5216.373     6.201    26.190
  5216.473     6.253    26.190
  5216.875     6.253    26.190
  5216.977     6.201    26.190
  5217.078     6.151    26.190
  5217.883     6.151    26.190
  5217.984     6.201    26.190
  5218.083     6.253    26.190
  5218.185     6.304    26.190
  5218.286     6.405    26.190
  5218.386     6.456    26.190
  5218.486     6.507    26.190
  5218.586     6.507    26.240
  5218.689     6.557    26.240
  5218.790     6.608    26.240
  5218.891     6.608    26.291
  5218.992     6.608    26.341
  5221.307     6.608    26.341
  5221.408     6.659    26.341
  5221.509     6.710    26.341
  5221.609     6.710    26.391
  5226.445     6.710    26.391
  5226.545     6.710    26.442
  5228.053     6.710    26.442
  5228.155     6.710    26.391
  5228.255     6.659    26.291
  5228.356     6.608    26.240
  5228.458     6.608    26.240
  5228.557     6.507    26.240
  5228.658     6.507    26.240
  5228.758     6.456    26.240
  5228.860     6.405    26.240
  5228.960     6.304    26.240
  5230.774     6.304    26.240
  5230.875     6.253    26.190
  5234.297     6.253    26.190
  5234.396     6.049    25.989
  5234.597     6.049    25.989
  5234.698     5.998    25.939
  5234.799     5.948    25.939
  5234.899     5.948    25.888
  5235.000     5.897    25.838
  5235.101     5.897    25.738
  5235.202     5.897    25.637
  5235.302     5.897    25.637
  5235.402     5.897    25.587
  5236.719     5.897    25.587
  5236.820     5.948    25.587
  5237.022     5.948    25.587
  5237.122     5.998    25.587
  5237.222     5.998    25.587
  5237.324     5.998    25.637
  5237.423     5.998    25.688
  5237.525     5.948    25.738
  5237.624     5.846    25.788
  5237.726     5.693    25.838
  5237.826     5.642    25.888
  5239.840     5.642    25.888
  5239.940     5.744    25.888
  5240.040     5.795    25.888
  5240.142     5.795    25.888
  5240.243     5.846    25.888
  5240.343     5.897    25.888
  5240.443     5.948    25.888
  5241.854     5.948    25.888
  5241.956     5.998    25.888
  5242.055     6.049    25.939
  5243.768     6.049    25.939
  5243.869     6.100    25.939
  5244.071     6.100    25.939
  5244.171     6.049    25.939
  5244.272     5.998    25.939
  5244.373     5.998    25.939
  5244.473     5.897    25.939
  5244.574     5.897    25.939
  5244.674     5.897    25.888
  5244.775     5.897    25.888
  5244.875     5.897    25.838
  5245.077     5.897    25.838
  5245.176     5.897    25.788
  5245.981     5.897    25.788
  5246.083     5.846    25.788
  5246.184     5.846    25.738
  5247.191     5.846    25.738
  5247.292     5.795    25.738
  5247.393     5.795    25.738
  5247.493     5.744    25.738
  5248.199     5.744    25.738
  5248.299     5.744    25.688
  5248.399     5.744    25.637
  5248.499     5.744    25.637
  5248.601     5.744    25.587
  5248.904     5.744    25.587
  5249.004     5.744    25.486
  5249.105     5.744    25.436
  5249.509     5.744    25.436
  5249.610     5.795    25.486
  5249.709     5.846    25.587
  5249.810     5.897    25.688
  5249.911     5.948    25.788
  5250.011     5.998    25.838
  5250.113     6.049    25.939
  5250.213     6.151    25.989
  5250.315     6.201    26.090
  5250.415     6.253    26.140
  5251.625     6.253    26.140
  5251.726     6.253    26.190
  5251.827     6.253    26.240
  5251.927     6.253    26.341
  5252.028     6.253    26.442
  5252.534     6.253    26.442
  5252.633     6.253    26.391
  5252.735     6.151    26.341
  5255.047     6.151    26.341
  5255.149     6.201    26.341
  5255.250     6.201    26.291
  5255.349     6.201    26.240
  5255.451     6.201    26.190
  5256.154     6.201    26.190
  5256.254     6.253    26.190
  5256.355     6.304    26.190
  5263.602     6.304    26.190
  5263.704     6.354    26.190
  5277.197     6.354    26.190
  5277.296     6.354    26.090
  5277.397     6.354    26.090
  5277.498     6.354    26.040
  5277.598     6.354    25.939
  5278.404     6.354    25.939
  5278.503     6.354    25.888
  5279.109     6.354    25.888
  5279.208     6.304    25.838
  5292.094     6.304    25.838
  5292.195     6.201    25.838
  5313.043     6.201    25.838
  5313.145     6.201    25.939
  5313.447     6.201    25.939
  5313.547     6.100    25.939
  5313.749     6.100    25.939
  5313.849     6.100    25.838
  5341.122     6.100    25.838
  5341.222     6.151    25.838
  5341.323     6.253    25.838
  5341.424     6.253    25.888
  5341.524     6.304    25.888
  5341.625     6.405    25.989
  5341.725     6.405    25.989
  5341.827     6.405    26.090
  5342.129     6.405    26.090
  5342.229     6.456    26.190
  5342.429     6.456    26.190
  5342.530     6.507    26.190
  5342.933     6.507    26.190
  5343.034     6.557    26.190
  5343.135     6.608    26.090
  5343.234     6.608    26.040
  5343.536     6.608    26.040
  5343.636     6.761    26.040
  5343.738     6.761    26.040
  5343.839     6.812    26.040
  5343.938     7.015    26.040
  5346.456     7.015    26.040
  5346.557     6.863    26.040
  5347.566     6.863    26.040
  5347.667     6.812    26.040
  5347.767     6.812    26.040
  5347.870     6.710    26.040
  5348.574     6.710    26.040
  5348.675     6.710    25.989
  5349.278     6.710    25.989
  5349.379     6.659    25.989
  5349.479     6.659    25.939
  5352.201     6.659    25.939
  5352.301     6.659    25.989
  5352.502     6.659    25.989
  5352.603     6.710    25.989
  5352.704     6.710    25.989
  5352.805     6.710    26.040
  5352.906     6.761    26.090
  5353.107     6.761    26.090
  5353.209     6.812    26.140
  5353.308     6.812    26.240
  5362.976     6.812    26.240
  5363.077     6.812    26.190
  5363.178     6.761    26.140
  5363.277     6.710    26.090
  5363.379     6.659    26.090
  5363.479     6.659    26.040
  5363.580     6.608    26.040
  5364.385     6.608    26.040
  5364.484     6.456    26.040
  5364.586     6.456    26.040
  5364.686     6.405    26.040
  5364.988     6.405    26.040
  5365.089     6.405    25.989
  5365.188     6.405    25.989
  5365.290     6.354    25.989
  5365.492     6.354    25.989
  5365.594     6.354    25.939
  5365.694     6.354    25.888
  5366.600     6.354    25.888
  5366.701     6.354    25.838
  5367.104     6.354    25.838
  5367.204     6.354    25.788
  5367.304     6.354    25.788
  5367.406     6.354    25.738
  5370.827     6.354    25.738
  5370.929     6.456    25.738
  5371.028     6.507    25.738
  5371.330     6.507    25.738
  5371.430     6.608    25.738
  5372.236     6.608    25.738
  5372.338     6.659    25.738
  5372.438     6.710    25.738
  5379.682     6.710    25.738
  5379.783     6.761    25.738
  5379.884     7.066    25.637
  5380.890     7.066    25.637
  5380.993     7.015    25.637
  5381.094     6.913    25.637
  5381.194     6.863    25.637
  5381.295     6.863    25.637
  5381.396     6.812    25.637
  5381.496     6.761    25.637
  5392.371     6.761    25.637
  5392.470     6.659    25.637
  5399.724     6.659    25.637
  5399.824     6.608    25.637
  5399.925     6.557    25.637
  5400.025     6.456    25.637
  5400.126     6.405    25.637
  5401.749     6.405    25.637
  5401.849     6.304    25.637
  5404.767     6.304    25.637
  5404.869     6.304    25.587
  5405.272     6.304    25.587
  5405.373     6.304    25.537
  5405.473     6.304    25.386
