     2.422    42.088     2.742
    11.085    42.088     2.742
    11.196    42.140     2.742
    21.595    42.140     2.742
    21.702    42.192     2.742
    21.832    42.192     2.837
    21.948    41.985     3.073
    22.061    41.985     3.168
    22.732    41.985     3.168
    22.843    42.037     3.073
    22.952    42.037     3.026
    23.065    42.037     3.026
    23.183    42.088     2.979
    23.873    42.088     2.979
    23.981    42.037     2.979
    24.219    42.037     2.979
    24.330    41.985     2.979
    29.795    41.985     2.979
    29.912    41.985     2.931
    35.241    41.985     2.931
    35.350    41.934     2.931
    35.475    41.882     2.931
    54.003    41.882     2.931
    54.113    41.831     2.931
    54.221    41.831     2.931
    54.331    41.779     2.931
    54.905    41.779     2.931
    55.018    41.728     2.931
    55.353    41.728     2.931
    55.460    41.676     2.931
    55.917    41.676     2.931
    56.032    41.624     2.931
    56.267    41.624     2.931
    56.377    41.573     2.931
    56.602    41.573     2.931
    56.716    41.522     2.931
    56.831    41.470     2.931
    56.939    41.367     2.931
    57.051    41.006     2.931
    57.162    40.542     2.979
    57.271    40.232     3.026
    57.378    39.820     3.026
    57.491    39.511     3.026
    57.604    39.460     3.026
    57.724    39.254     2.979
    57.833    39.150     2.884
    57.945    38.944     2.790
    58.075    38.789     2.742
    58.557    38.789     2.742
    58.666    38.635     2.695
    58.786    38.532     2.695
    58.897    38.119     2.600
    59.012    37.965     2.600
    59.124    37.655     2.553
    59.232    37.604     2.553
    59.574    37.604     2.553
    59.684    37.552     2.553
    59.796    37.450     2.553
    59.905    37.242     2.553
    60.016    37.140     2.553
    60.129    36.986     2.553
    60.243    36.831     2.506
    60.349    36.573     2.506
    60.457    36.213     2.506
    60.571    36.109     2.506
    60.692    35.955     2.506
    60.814    35.955     2.506
    60.941    35.749     2.506
    61.054    35.749     2.506
    61.171    35.697     2.506
    61.966    35.697     2.506
    62.075    35.800     2.506
    62.192    35.955     2.600
    62.311    36.109     2.600
    63.092    36.109     2.600
    63.204    35.903     2.790
    63.432    35.903     2.790
    63.545    35.851     2.837
    63.783    35.851     2.837
    63.898    35.749     2.884
    64.009    35.645     2.931
    64.117    35.594     2.931
    64.231    35.336     3.026
    64.345    35.027     3.073
    64.465    34.872     3.121
    64.593    34.718     3.215
    64.706    34.666     3.262
    64.814    34.666     3.262
    64.922    34.512     3.262
    65.046    34.408     3.310
    65.160    34.151     3.357
    65.269    33.841     3.452
    65.377    33.790     3.452
    65.622    33.790     3.452
    65.727    33.687     3.452
    66.060    33.687     3.452
    66.181    33.584     3.452
    66.297    33.532     3.452
    66.544    33.532     3.452
    66.656    33.429     3.452
    66.770    33.377     3.452
    66.988    33.377     3.452
    67.101    33.377     3.499
    67.328    33.377     3.499
    67.439    33.275     3.499
    67.563    33.222     3.499
    67.890    33.222     3.499
    67.996    33.120     3.499
    68.111    33.068     3.499
    68.236    33.068     3.499
    68.347    33.016     3.499
    68.561    33.016     3.499
    68.675    33.016     3.546
    68.798    33.016     3.593
    69.017    33.016     3.593
    69.136    33.016     3.499
    69.269    33.016     3.452
    69.375    33.016     3.452
    69.488    33.068     3.404
    69.611    33.120     3.357
    69.718    33.377     3.168
    69.826    33.429     3.121
    70.151    33.429     3.121
    70.256    33.377     3.121
    70.378    33.222     3.262
    70.491    33.171     3.310
    70.601    33.068     3.404
    70.716    32.965     3.546
    71.853    32.965     3.546
    71.957    33.016     3.546
    72.067    33.171     3.546
    72.175    33.377     3.546
    72.285    33.481     3.499
    72.397    33.893     3.499
    72.512    34.202     3.452
    72.622    34.460     3.404
    72.741    34.460     3.404
    72.864    34.512     3.404
    72.976    34.666     3.404
    73.106    34.666     3.404
    73.219    34.872     3.310
    73.329    34.924     3.310
    73.442    35.027     3.310
    73.553    35.027     3.310
    73.659    35.078     3.310
    73.775    35.130     3.310
    73.884    35.182     3.310
    73.992    35.182     3.262
    74.106    35.284     3.262
    74.222    35.439     3.215
    74.333    35.749     3.073
    74.449    35.955     3.026
    74.559    36.006     3.026
    75.017    36.006     3.026
    75.141    36.058     3.026
    75.248    36.058     3.026
    75.358    36.161     3.026
    75.465    36.264     3.026
    75.577    36.264     3.026
    75.685    36.315     3.026
    75.792    36.419     3.026
    75.905    36.419     3.026
    76.034    36.470     3.026
    76.142    36.470     2.979
    76.250    36.521     2.979
    76.376    36.573     2.931
    76.486    36.573     2.931
    76.593    36.676     2.931
    76.701    36.727     2.931
    76.820    36.882     2.884
    76.939    37.140     2.884
    77.051    37.295     2.884
    77.160    37.346     2.884
    77.276    37.397     2.837
    77.384    37.450     2.790
    77.504    37.552     2.742
    77.623    37.604     2.742
    77.733    37.655     2.742
    78.184    37.655     2.742
    78.303    37.604     2.742
    78.632    37.604     2.742
    78.740    37.655     2.695
    85.874    37.655     2.695
    85.987    37.500     2.790
    86.099    37.450     2.884
    88.591    37.450     2.884
    88.700    37.450     2.506
   170.433    37.450     2.506
   170.548    37.500     2.506
   170.666    37.604     2.506
   170.881    37.604     2.506
   170.992    37.500     2.648
   171.100    37.295     2.742
   174.048    37.295     2.742
   174.160    37.089     2.931
   174.267    37.037     3.026
   174.610    37.037     3.026
   174.721    37.089     3.026
   174.831    37.192     3.026
   174.945    37.192     3.026
   175.067    37.242     3.026
   175.296    37.242     3.026
   175.408    37.346     3.026
   175.514    37.552     3.121
   175.628    37.655     3.168
   175.734    37.810     3.262
   175.845    37.913     3.357
   175.952    38.017     3.452
   176.072    38.017     3.546
   176.185    38.017     3.735
   176.307    38.017     4.066
   176.413    38.017     4.208
   176.536    38.017     4.397
   176.645    38.017     4.586
   176.756    38.017     4.681
   176.862    38.017     4.681
   176.979    38.017     4.728
   177.097    38.017     4.870
   177.217    38.017     4.965
   177.343    38.017     5.153
   177.451    38.017     5.390
   177.560    38.017     5.721
   177.669    37.965     6.241
   177.807    37.965     6.430
   177.919    37.965     6.666
   178.036    37.965     6.808
   178.145    37.862     7.139
   178.257    37.758     7.328
   178.369    37.604     7.565
   178.477    37.500     7.659
   178.587    37.295     7.706
   178.700    37.295     7.706
   178.814    37.242     7.706
   179.055    37.242     7.706
   179.164    37.037     8.085
   179.274    36.986     8.180
   179.381    36.934     8.274
   179.489    36.882     8.321
   179.599    36.625     8.368
   179.713    36.367     8.510
   179.823    36.109     8.652
   179.945    35.800     8.794
   180.063    35.594     8.983
   180.180    35.284     9.267
   180.303    35.078     9.456
   180.415    34.769     9.740
   180.526    34.357    10.165
   180.636    34.151    10.496
   180.746    34.047    10.779
   180.856    33.945    11.205
   180.988    33.893    11.725
   181.094    33.893    12.387
   181.216    34.151    12.955
   181.333    34.408    13.332
   181.442    34.563    13.616
   181.550    34.769    13.805
   181.661    34.769    13.995
   181.783    34.872    14.184
   181.895    34.872    14.467
   182.025    34.821    14.751
   182.134    34.614    14.846
   182.241    34.512    14.846
   182.348    34.408    14.846
   182.457    34.408    14.846
   182.579    34.202    14.846
   182.688    34.099    14.846
   182.794    33.841    14.846
   182.913    33.584    14.940
   183.022    33.377    14.987
   183.134    32.862    15.035
   183.251    32.398    15.129
   183.358    31.985    15.177
   183.466    31.677    15.271
   183.583    31.316    15.318
   183.692    31.316    15.318
   183.800    30.955    15.318
   183.918    30.955    15.318
   184.027    30.748    15.224
   184.141    30.697    15.224
   184.263    30.491    15.177
   184.370    30.285    15.177
   184.484    29.924    15.129
   184.590    29.511    15.035
   184.702    29.151    14.940
   184.810    28.584    14.846
   184.919    28.223    14.798
   185.028    27.862    14.751
   185.136    27.862    14.751
   185.264    27.347    14.751
   185.373    26.883    14.798
   185.492    26.471    14.893
   185.611    26.419    14.893
   185.720    26.419    14.893
   185.829    26.316    14.893
   185.941    25.852    14.893
   186.058    25.285    14.798
   186.165    24.821    14.751
   186.279    24.460    14.751
   186.387    23.997    14.704
   186.505    23.584    14.704
   186.613    23.172    14.704
   186.734    22.862    14.704
   186.843    22.501    14.704
   186.957    21.935    14.704
   187.068    21.162    14.704
   187.179    20.388    14.704
   187.291    19.770    14.798
   187.401    19.100    14.893
   187.513    18.533    14.893
   187.623    18.120    14.940
   187.749    17.708    15.035
   187.860    17.708    15.082
   187.968    17.811    15.318
   188.078    18.069    15.460
   188.187    18.120    15.460
   188.298    18.481    15.602
   188.406    19.049    15.602
   188.519    19.357    15.602
   188.630    19.357    15.933
   188.739    19.203    16.216
   188.875    18.945    16.831
   188.993    18.790    17.162
   189.103    18.790    17.446
   189.213    18.842    17.777
   189.325    18.894    18.060
   189.433    19.151    18.486
   189.541    19.409    18.959
   189.656    19.563    19.243
   189.766    19.563    19.668
   189.890    19.563    20.188
   190.007    19.563    20.661
   190.116    19.563    21.228
   190.233    19.563    21.748
   190.349    19.357    22.458
   190.465    19.151    22.977
   190.583    18.945    23.261
   190.702    18.842    23.545
   190.833    18.842    23.687
   190.947    19.049    23.734
   191.062    19.049    23.734
   191.179    19.100    23.876
   191.296    19.151    24.301
   191.432    19.306    24.632
   191.539    19.409    24.916
   191.653    19.563    25.483
   191.762    19.770    26.476
   191.873    19.976    27.989
   191.988    20.027    28.603
   192.115    20.079    29.029
   192.234    20.079    29.360
   192.342    20.079    29.596
   192.459    19.976    29.785
   192.563    19.925    29.927
   192.677    19.667    30.163
   192.787    19.563    30.353
   192.904    19.306    30.637
   193.029    19.151    30.779
   193.139    19.100    30.873
   193.489    19.100    30.873
   193.603    19.357    30.494
   193.712    19.461    30.400
   193.823    19.461    30.400
   193.946    19.409    30.306
   194.054    19.357    30.589
   194.166    19.357    30.967
   194.276    19.357    31.251
   194.387    19.512    31.535
   194.497    19.873    31.818
   194.614    20.079    32.149
   194.726    20.233    32.575
   194.834    20.337    33.047
   194.944    20.440    33.426
   195.051    20.646    33.804
   195.162    20.852    34.135
   195.271    21.007    34.324
   195.383    21.007    34.466
   195.499    21.058    34.655
   195.623    21.213    34.891
   195.735    21.368    35.033
   195.842    21.368    35.033
   195.951    21.419    35.175
   196.508    21.419    35.175
   196.624    21.831    35.412
   196.742    21.935    35.506
   197.541    21.935    35.506
   197.650    21.986    35.601
   197.759    22.141    35.837
   197.866    22.141    35.884
   205.792    22.141    35.884
   205.920    22.244    35.931
   206.037    22.295    35.979
   206.153    22.347    36.026
   208.045    22.347    36.026
   208.155    22.399    36.120
   208.707    22.399    36.120
   208.822    22.399    36.168
   210.734    22.399    36.168
   210.847    22.501    36.357
   210.966    22.554    36.357
   211.749    22.554    36.357
   211.874    22.554    36.499
   211.990    22.554    36.546
   212.207    22.554    36.546
   212.323    22.708    36.593
   212.431    22.760    36.593
   212.544    22.760    36.593
   212.674    22.811    36.593
   214.053    22.811    36.593
   214.166    22.914    36.641
   214.838    22.914    36.641
   214.948    22.914    36.830
   215.055    22.914    36.877
   215.167    22.914    36.877
   215.275    22.914    37.019
   216.849    22.914    37.019
   216.959    22.966    37.066
   217.296    22.966    37.066
   217.404    23.017    37.113
   217.514    23.120    37.161
   217.626    23.120    37.161
   217.736    23.172    37.208
   217.847    23.223    37.303
   217.961    23.326    37.492
   218.070    23.378    37.539
   218.180    23.378    37.539
   218.295    23.481    37.681
   218.409    23.481    37.728
   218.528    23.532    37.870
   218.634    23.584    38.012
   218.747    23.584    38.106
   218.860    23.584    38.201
   218.968    23.584    38.248
   219.076    23.584    38.390
   219.186    23.636    38.437
   219.299    23.636    38.485
   220.656    23.636    38.485
   220.763    23.636    38.390
   221.543    23.636    38.390
   221.658    23.636    38.342
   221.886    23.636    38.342
   221.997    23.687    38.342
   222.105    23.687    38.342
   222.211    23.687    38.390
   222.429    23.687    38.390
   222.541    23.687    38.721
   222.666    23.738    38.958
   222.777    23.738    39.099
   222.908    23.738    39.146
   223.016    23.791    39.194
   223.126    23.842    39.241
   223.233    23.893    39.241
   223.340    23.945    39.241
   223.556    23.945    39.241
   223.666    23.997    39.241
   223.885    23.997    39.241
   223.992    24.048    39.288
   224.565    24.048    39.288
   224.675    23.945    39.288
   225.122    23.945    39.288
   225.233    24.048    39.335
   225.342    24.099    39.335
   225.458    24.254    39.383
   225.569    24.409    39.430
   225.679    24.615    39.572
   225.791    24.615    39.572
   225.899    24.667    39.619
   226.010    24.667    39.666
   226.120    24.667    39.666
   226.231    24.615    39.666
   226.556    24.615    39.666
   226.671    24.512    39.666
   226.899    24.512    39.666
   227.008    24.254    39.619
   227.117    24.203    39.619
   227.776    24.203    39.619
   227.885    24.254    39.619
   229.328    24.254    39.619
   229.453    24.306    39.619
   230.378    24.306    39.619
   230.489    24.409    39.619
   230.597    24.615    39.761
   232.399    24.615    39.761
   232.509    24.615    39.808
   233.293    24.615    39.808
   233.423    24.667    39.808
   233.531    24.718    39.856
   233.640    24.718    39.950
   234.321    24.718    39.950
   234.429    24.667    39.950
   234.543    24.615    39.997
   234.671    24.615    39.997
   234.784    24.563    39.997
   234.903    24.512    39.997
   238.476    24.512    39.997
   238.587    24.460    39.997
   238.711    24.460    39.997
   238.822    24.460    39.950
   239.290    24.460    39.950
   239.407    24.460    39.903
   239.516    24.409    39.903
   242.230    24.409    39.903
   242.338    24.151    39.714
   242.469    24.151    39.666
   247.625    24.151    39.666
   247.748    24.254    39.525
   247.859    24.306    39.525
   247.967    24.409    39.525
   248.075    24.409    39.525
   248.177    24.460    39.525
   248.627    24.460    39.525
   248.735    24.512    39.525
   249.524    24.512    39.525
   249.629    24.563    39.525
   249.737    24.718    39.525
   251.423    24.718    39.525
   251.530    24.769    39.525
   251.641    24.975    39.619
   251.969    24.975    39.619
   252.090    24.975    39.666
   252.779    24.975    39.666
   252.893    25.028    39.714
   253.004    25.079    39.714
   253.113    25.079    39.761
   253.782    25.079    39.761
   253.897    25.130    39.808
   254.009    25.182    39.856
   259.062    25.182    39.856
   259.183    25.130    39.856
   259.293    24.975    39.761
   259.398    24.924    39.714
   259.510    24.924    39.666
   259.619    24.924    39.666
   259.730    24.873    39.666
   259.841    24.873    39.666
   259.950    24.769    39.619
   260.057    24.769    39.572
   260.166    24.718    39.572
   260.280    24.615    39.477
   260.387    24.460    39.383
   261.981    24.460    39.383
   262.092    24.512    39.383
   262.661    24.512    39.383
   262.772    24.667    39.383
   263.106    24.667    39.383
   263.222    24.718    39.430
   263.333    24.821    39.525
   263.443    24.873    39.619
   263.550    24.924    39.619
   263.669    25.028    39.666
   263.781    25.028    39.666
   263.890    25.079    39.666
   264.111    25.079    39.666
   264.221    25.130    39.666
   264.333    25.182    39.666
   264.442    25.285    39.666
   264.550    25.336    39.666
   264.658    25.336    39.666
   264.770    25.388    39.666
   264.882    25.388    39.666
   265.000    25.440    39.714
   265.568    25.440    39.714
   265.684    25.594    39.856
   267.281    25.594    39.856
   267.393    25.594    40.045
   267.716    25.594    40.045
   267.823    25.646    40.139
   269.078    25.646    40.139
   269.189    25.646    40.186
   269.307    25.646    40.281
   269.986    25.646    40.281
   270.114    25.646    40.328
   270.341    25.646    40.328
   270.451    25.646    40.423
   270.561    25.646    40.423
   270.670    25.646    40.517
   270.889    25.646    40.517
   270.995    25.646    40.565
   271.106    25.646    40.565
   271.219    25.697    40.612
   272.018    25.697    40.612
   272.143    26.006    40.707
   272.263    26.058    40.754
   272.816    26.058    40.754
   272.928    26.161    40.848
   273.036    26.161    40.848
   273.147    25.955    40.943
   273.259    25.646    40.990
   273.609    25.646    40.990
   273.715    25.543    41.085
   273.826    25.440    41.132
   274.157    25.440    41.132
   274.266    25.491    41.132
   274.378    25.543    41.132
   274.514    25.749    41.179
   274.619    25.800    41.179
   282.729    25.800    41.179
   282.838    25.852    41.274
   282.956    25.852    41.321
   283.063    25.852    41.369
   283.299    25.852    41.369
   283.421    25.852    41.416
   283.531    25.852    41.510
   283.639    25.852    41.510
   283.748    25.852    41.605
   283.864    25.852    41.700
   283.984    25.852    41.700
   284.103    25.904    41.747
   284.569    25.904    41.747
   284.678    25.904    41.841
   284.790    26.006    41.936
   284.907    26.006    42.077
   285.015    26.058    42.125
   285.131    26.058    42.172
   285.242    26.110    42.361
   285.357    26.110    42.456
   285.464    26.110    42.645
   287.950    26.110    42.645
   288.055    26.161    42.739
   288.174    26.161    42.787
   288.657    26.161    42.787
   288.764    26.213    42.787
   288.868    26.265    42.787
   288.977    26.419    42.787
   289.088    26.471    42.787
   291.108    26.471    42.787
   291.217    26.367    42.645
   291.997    26.367    42.645
   292.107    26.367    42.598
   292.215    26.367    42.598
   292.326    26.367    42.503
   292.442    26.367    42.361
   293.027    26.367    42.361
   293.136    26.316    42.361
   293.247    26.265    42.219
   293.361    26.265    42.219
   293.469    26.265    42.030
   293.596    26.265    41.983
   293.703    26.265    41.747
   293.817    26.265    41.747
   293.946    26.265    41.605
   294.056    26.265    41.557
   294.175    26.265    41.557
   294.285    26.265    41.510
   295.503    26.265    41.510
   295.611    26.213    41.463
   295.720    26.213    41.463
   295.828    26.058    41.321
   295.936    26.006    41.132
   296.153    26.006    41.132
   296.260    25.955    40.848
   296.381    25.955    40.801
   296.506    25.955    40.801
   296.615    25.749    40.896
   296.727    25.594    41.085
   296.839    25.491    41.226
   296.950    25.491    41.226
   297.059    25.440    41.274
   297.190    25.285    41.321
   305.221    25.285    41.321
   305.356    25.388    41.416
   305.466    25.440    41.463
   305.588    25.491    41.463
   305.703    25.594    41.510
   305.813    25.646    41.557
   305.922    25.646    41.557
   306.034    25.749    41.605
   306.146    25.904    41.794
   307.370    25.904    41.794
   307.480    26.006    41.983
   307.593    26.161    42.267
   307.710    26.161    42.361
   307.832    26.161    42.408
   307.941    26.316    42.645
   308.052    26.367    42.787
   308.162    26.367    42.976
   308.275    26.367    43.118
   308.383    26.367    43.118
   308.506    26.367    43.165
   308.741    26.367    43.165
   308.868    26.419    43.260
   308.981    26.419    43.354
   309.088    26.522    43.543
   309.195    26.573    43.591
   309.307    26.573    43.638
   310.546    26.573    43.638
   310.657    26.573    43.685
   310.879    26.573    43.685
   310.991    26.573    43.780
   311.107    26.625    43.874
   311.217    26.625    43.874
   311.327    26.625    43.922
   311.438    26.625    43.969
   311.777    26.625    43.969
   311.889    26.677    44.016
   312.000    26.677    44.016
   312.128    26.728    44.063
   313.679    26.728    44.063
   313.786    26.780    44.063
   314.801    26.780    44.063
   314.909    26.780    44.110
   315.238    26.780    44.110
   315.346    26.780    44.158
   315.469    26.831    44.205
   315.578    26.935    44.347
   315.695    26.986    44.394
   315.809    27.037    44.536
   315.930    27.089    44.584
   316.040    27.089    44.630
   318.410    27.089    44.630
   318.517    27.089    44.678
   325.194    27.089    44.678
