     2.639    43.862    37.211
    19.215    43.862    37.211
    19.315    43.679    37.211
    19.415    43.617    37.267
    19.517    43.495    37.323
    19.617    43.434    37.323
    19.718    43.434    37.323
    19.818    43.373    37.379
    19.918    43.251    37.435
    20.219    43.251    37.435
    20.321    43.190    37.491
    23.942    43.190    37.491
    24.043    43.129    37.547
    24.144    43.068    37.603
    25.955    43.068    37.603
    26.055    43.068    37.659
    27.767    43.068    37.659
    27.867    43.068    37.603
    27.970    43.190    37.435
    28.071    43.190    37.267
    28.170    43.312    37.043
    28.272    43.312    36.987
    28.373    43.251    36.987
    28.474    42.884    36.987
    28.574    42.823    36.987
    61.286    42.823    36.987
    61.387    43.129    37.043
    61.588    43.129    37.043
    61.689    43.190    37.043
    61.790    43.251    37.043
   134.852    43.251    37.043
   134.952    43.190    37.099
   135.053    43.068    37.099
   135.155    43.068    37.155
   135.256    43.006    37.155
   135.358    42.945    37.211
   136.061    42.945    37.211
   136.161    42.701    37.547
   136.262    42.640    37.771
   136.463    42.640    37.771
   136.565    42.456    37.996
   136.664    42.395    38.108
   136.766    42.395    38.220
   136.865    42.212    38.444
   136.966    42.212    38.500
   137.167    42.212    38.500
   137.268    42.090    38.612
   137.569    42.090    38.612
   137.670    41.968    38.725
   137.772    41.845    38.781
   137.870    41.601    39.005
   137.972    41.356    39.173
   138.072    41.295    39.173
   138.173    41.173    39.341
   138.274    40.989    39.454
   138.374    40.806    39.566
   138.476    40.744    39.566
   138.575    40.500    39.790
   138.778    40.500    39.790
   138.877    40.317    39.902
   138.978    40.317    40.015
   139.078    40.195    40.015
   139.179    40.195    40.071
   139.279    40.072    40.071
   139.381    40.011    40.071
   139.482    39.645    40.295
   139.582    39.461    40.351
   139.683    39.400    40.351
   139.783    39.339    40.351
   139.883    39.156    40.407
   139.984    39.034    40.407
   141.091    39.034    40.407
   141.193    38.972    40.407
   141.292    38.972    40.407
   141.393    38.911    40.463
   141.493    38.667    40.687
   141.594    38.545    40.800
   141.694    38.545    40.800
   141.796    38.545    40.856
   143.105    38.545    40.856
   143.205    38.300    40.856
   143.306    37.872    40.856
   143.406    37.382    40.856
   143.508    36.955    40.912
   143.619    36.588    41.192
   143.719    36.283    41.472
   143.820    36.222    41.472
   144.021    36.222    41.472
   144.120    36.161    41.472
   144.222    35.855    41.472
   144.323    35.610    41.472
   144.424    35.427    41.472
   144.524    35.305    41.528
   145.027    35.305    41.528
   145.127    35.060    41.584
   145.228    34.938    41.641
   146.638    34.938    41.641
   146.738    34.815    41.641
   146.839    34.693    41.697
   146.938    34.632    41.809
   147.039    34.388    41.809
   157.005    34.388    41.809
   157.109    34.388    41.641
   157.212    34.326    41.584
   157.313    34.143    41.416
   157.413    33.960    41.416
   157.516    33.776    41.360
   157.615    33.471    41.360
   157.717    33.471    41.304
   157.818    33.471    41.304
   157.918    33.043    41.024
   158.017    32.860    41.024
   158.118    32.676    40.968
   158.219    32.493    40.856
   158.319    32.187    40.687
   158.420    32.004    40.463
   158.521    31.881    40.407
   158.621    31.881    40.295
   158.723    31.881    40.295
   158.822    31.881    40.239
   158.924    31.881    40.127
   159.124    31.881    40.127
   159.225    31.820    40.071
   159.324    31.759    40.015
   159.426    31.698    39.959
   159.527    31.576    39.790
   159.628    31.515    39.790
   159.729    31.453    39.678
   159.828    31.453    39.678
   159.929    31.270    39.622
   160.029    31.209    39.566
   160.130    31.148    39.566
   160.230    31.087    39.510
   160.331    30.903    39.341
   160.432    30.354    38.949
   160.531    30.292    38.949
   160.633    30.292    38.949
   160.734    30.048    39.005
   160.833    29.865    39.061
   161.035    29.865    39.061
   161.136    29.742    39.061
   161.236    29.559    39.117
   161.337    29.437    39.173
   164.357    29.437    39.173
   164.457    29.253    39.173
   164.558    29.131    39.229
   165.565    29.131    39.229
   165.665    29.070    39.341
   204.312    29.070    39.341
   204.412    29.070    39.229
   204.513    29.070    39.173
   204.614    29.131    39.173
   204.715    29.253    39.173
   204.817    29.314    39.173
   204.917    29.314    39.173
   205.017    29.314    39.117
   205.117    29.314    39.117
   205.219    29.314    39.061
   206.224    29.314    39.061
   206.324    29.314    38.893
   206.426    29.314    38.893
   206.527    29.437    38.837
   206.626    29.437    38.837
   206.728    29.437    38.781
   206.827    29.437    38.781
   206.927    29.437    38.725
   207.027    29.498    38.725
   207.129    29.437    38.669
   207.230    29.131    38.669
   207.330    29.008    38.669
   207.431    28.947    38.669
   207.531    28.947    38.612
   207.633    28.947    38.612
   207.733    28.886    38.556
   207.934    28.886    38.556
   208.034    28.886    38.500
   208.135    28.886    38.444
   208.236    28.886    38.276
   208.336    28.886    38.108
   208.437    28.825    38.052
   208.537    28.825    37.828
   208.638    28.825    37.715
   208.738    28.825    37.491
   208.839    28.825    37.379
   208.940    28.764    37.155
   209.041    28.580    36.874
   209.142    28.458    36.594
   209.242    28.214    36.369
   209.343    28.031    36.145
   209.443    27.908    35.977
   209.545    27.786    35.865
   209.646    27.725    35.865
   209.746    27.542    35.753
   209.847    27.481    35.640
   209.946    27.481    35.472
   210.048    27.481    35.304
   210.149    27.481    35.136
   210.249    27.481    35.024
   210.350    27.481    34.968
   210.450    27.358    34.912
   210.552    27.297    34.799
   210.652    27.175    34.519
   210.753    27.175    34.182
   210.853    27.175    33.902
   210.953    27.175    33.846
   211.053    27.175    33.846
   211.155    27.114    33.790
   211.257    26.808    33.734
   211.358    26.564    33.734
   211.461    26.319    33.734
   211.564    26.074    33.734
   211.664    25.646    33.734
   211.765    25.158    33.734
   211.863    24.913    33.734
   211.966    24.608    33.734
   212.067    24.485    33.734
   212.167    23.997    33.734
   212.269    23.752    33.734
   212.369    23.446    33.734
   212.469    23.018    33.790
   212.569    22.468    33.958
   212.670    22.040    34.126
   212.772    21.735    34.350
   212.871    21.185    34.687
   212.972    20.818    34.912
   213.072    20.573    35.080
   213.173    20.145    35.416
   213.274    19.717    35.697
   213.374    19.167    36.033
   213.475    18.739    36.369
   213.575    18.434    36.538
   213.676    18.067    36.930
   213.778    17.639    37.267
   213.878    17.028    37.547
   213.978    16.478    37.603
   214.079    16.233    37.659
   214.180    15.866    37.659
   214.280    15.500    37.940
   214.381    15.011    38.332
   214.483    14.828    38.556
   214.582    14.766    38.612
   214.683    14.705    38.781
   214.783    14.583    39.173
   214.884    14.216    39.454
   214.986    14.155    39.454
   215.084    14.032    39.790
   215.185    13.971    39.959
   215.286    13.910    40.183
   220.517    13.910    40.183
   220.618    13.788    40.295
   220.719    13.605    40.463
   220.819    13.543    40.519
   220.920    13.360    40.687
   221.020    13.360    40.687
   221.120    13.116    40.687
   221.221    12.932    40.687
   221.322    12.871    40.743
   221.423    12.871    40.743
   221.524    12.871    40.800
   221.826    12.871    40.800
   221.926    13.055    40.856
   222.027    13.116    40.856
   222.127    13.421    40.856
   222.229    13.849    40.912
   222.329    14.216    40.912
   222.430    14.461    40.912
   222.530    14.644    40.968
   222.631    14.889    41.024
   222.732    14.889    41.080
   222.832    15.072    41.192
   222.932    15.133    41.248
   223.033    15.254    41.248
   223.133    15.317    41.248
   223.637    15.317    41.248
   223.738    15.438    41.304
   223.939    15.438    41.304
   224.039    15.805    41.304
   224.140    15.989    41.304
   224.239    16.172    41.304
   224.341    16.478    41.304
   224.442    16.661    41.304
   224.542    16.844    41.304
   224.643    17.089    41.304
   224.743    17.333    41.304
   224.844    17.517    41.360
   224.943    17.700    41.528
   225.045    17.823    41.641
   225.246    17.823    41.641
   225.347    17.823    41.753
   225.447    17.762    41.753
   225.548    17.762    41.809
   225.649    17.823    41.809
   225.749    17.823    41.809
   225.851    18.006    41.809
   225.950    18.373    41.809
   226.051    18.739    41.809
   226.152    18.801    41.809
   226.252    18.923    41.809
   230.680    18.923    41.809
   230.780    19.289    41.753
   230.881    19.412    41.753
   230.982    19.656    41.753
   231.081    19.900    41.753
   231.182    20.023    41.809
   231.283    20.145    42.033
   231.384    20.145    42.090
   231.686    20.145    42.090
   231.786    20.267    42.146
   231.888    20.267    42.146
   231.987    20.512    42.146
   232.087    20.573    42.146
   232.188    20.573    42.146
   232.289    20.634    42.146
   232.490    20.634    42.146
   232.591    20.696    42.146
   232.792    20.696    42.146
   232.893    20.757    42.146
   232.992    20.818    42.146
   234.300    20.818    42.146
   234.402    20.940    42.146
   235.710    20.940    42.146
   235.811    21.062    42.090
   236.112    21.062    42.090
   236.212    21.185    42.090
   236.314    21.185    42.090
   236.414    21.429    42.090
   236.514    21.735    42.090
   236.615    21.796    42.090
   236.716    21.796    42.090
   236.817    21.918    42.090
   236.918    21.979    42.146
   237.017    21.979    42.146
   237.117    22.468    42.146
   237.218    22.712    42.146
   238.325    22.712    42.146
   238.427    22.773    42.146
   238.526    22.957    42.146
   241.044    22.957    42.146
   241.145    23.263    42.090
   241.747    23.263    42.090
   241.849    23.507    42.090
   242.250    23.507    42.090
   242.352    23.569    42.146
   242.452    23.752    42.146
   242.755    23.752    42.146
   242.856    23.997    42.146
   242.956    24.363    42.146
   243.459    24.363    42.146
   243.560    24.730    42.146
   243.660    24.852    42.146
   243.962    24.852    42.146
   244.062    25.158    42.146
   244.163    25.219    42.146
   244.363    25.219    42.146
   244.465    25.463    42.146
   244.566    25.707    42.202
   252.313    25.707    42.202
   252.412    25.769    42.370
   252.614    25.769    42.370
   252.715    25.830    42.426
   252.816    25.830    42.482
   253.721    25.830    42.482
   253.821    25.891    42.482
   253.921    26.319    42.650
   254.022    26.380    42.650
   254.122    26.441    42.650
   254.224    26.503    42.650
   254.827    26.503    42.650
