     3.863    48.691    20.163
    41.096    48.691    20.163
    41.198    48.752    20.107
    41.299    48.813    20.051
    41.399    48.813    20.051
    41.500    48.875    20.051
    41.600    49.058    19.715
    41.701    49.119    19.603
    41.802    49.119    19.603
    41.903    49.241    19.715
    42.005    49.241    19.827
    42.105    49.302    19.827
    42.206    49.363    19.771
    42.306    49.425    19.771
    42.407    49.425    19.715
    45.830    49.425    19.715
    45.929    49.608    19.715
    46.132    49.608    19.715
    46.231    49.791    19.715
    46.333    49.791    19.715
    46.433    49.852    19.715
    46.534    49.914    19.771
    46.635    49.914    19.827
    47.239    49.914    19.827
    47.340    49.975    19.827
    47.440    50.158    19.827
    47.943    50.158    19.827
    48.067    50.158    19.995
    48.143    50.158    19.995
    48.246    50.158    20.051
    48.345    50.219    20.107
    48.446    50.281    20.107
    48.547    50.342    20.107
    48.647    50.403    20.163
    48.749    50.464    20.163
    48.848    50.525    20.163
    48.949    50.586    20.163
    49.049    50.770    20.163
    49.755    50.770    20.163
    49.858    50.892    20.163
    49.960    50.953    20.163
    50.060    51.075    20.107
    50.161    51.075    20.107
    50.262    51.075    19.995
    50.362    51.075    19.883
    51.371    51.075    19.883
    51.471    51.136    19.827
    51.572    51.198    19.827
    51.672    51.198    19.771
    52.074    51.198    19.771
    52.175    51.198    19.715
    52.276    51.198    19.659
    52.979    51.198    19.659
    53.081    51.259    19.659
    54.289    51.259    19.659
    54.389    51.259    19.603
    54.490    51.259    19.603
    54.591    51.259    19.546
    55.092    51.259    19.546
    55.194    51.320    19.546
    55.295    51.320    19.490
    56.100    51.320    19.490
    56.201    51.198    19.490
    56.803    51.198    19.490
    56.904    51.198    19.434
    67.782    51.198    19.434
    67.882    51.136    19.378
    67.982    51.136    19.378
    68.083    51.136    19.210
    68.183    51.014    19.041
    68.285    50.953    18.929
    68.384    50.770    18.817
    68.485    50.525    18.705
    68.586    50.525    18.649
    68.686    50.525    18.593
   147.587    50.525    18.593
   147.686    50.525    18.649
   147.789    50.586    18.593
   149.901    50.586    18.593
   150.002    50.648    18.593
   150.102    50.648    18.593
   150.203    50.709    18.649
   150.303    50.770    18.649
   198.227    50.770    18.649
   198.327    49.852    19.603
   198.428    49.730    19.603
   198.729    49.730    19.603
   198.830    49.547    19.546
   200.942    49.547    19.546
   201.044    49.547    19.490
   201.144    49.547    19.434
   201.446    49.547    19.434
   201.546    49.608    19.490
   201.646    49.730    19.546
   201.747    49.730    19.546
   201.848    49.914    19.546
   201.949    50.036    19.546
   202.049    50.158    19.546
   202.452    50.158    19.546
   202.552    50.219    19.546
   202.877    50.219    19.546
   202.977    50.281    19.603
   203.079    50.281    19.659
   203.783    50.281    19.659
   203.883    50.097    19.771
   203.984    50.097    19.827
   214.149    50.097    19.827
   214.250    49.975    19.883
   214.551    49.975    19.883
   214.674    49.914    19.883
   215.680    49.914    19.883
   215.781    49.852    19.939
   260.394    49.852    19.939
   260.494    49.730    19.939
   260.695    49.730    19.939
   260.796    49.669    19.939
   260.898    49.608    19.995
   260.999    49.486    19.995
   277.899    49.486    19.995
   278.000    49.486    19.827
   278.202    49.486    19.827
   278.302    49.547    19.715
   278.402    49.547    19.659
   278.503    49.547    19.546
   278.603    49.608    19.546
   278.704    49.669    19.546
   278.805    49.730    19.546
   278.906    49.914    19.546
   279.610    49.914    19.546
   279.710    49.914    19.490
   279.912    49.914    19.490
   280.012    49.914    19.434
   280.716    49.914    19.434
   280.818    49.975    19.434
   281.219    49.975    19.434
   281.320    50.036    19.434
   281.824    50.036    19.434
   281.924    50.097    19.434
   282.629    50.097    19.434
   282.729    50.097    19.378
   282.830    50.097    19.322
   283.534    50.097    19.322
   283.634    50.158    19.322
   284.137    50.158    19.322
   284.239    50.158    19.378
   285.044    50.158    19.378
   285.145    50.219    19.378
   296.212    50.219    19.378
   296.313    50.281    19.378
   549.644    50.281    19.378
   549.745    51.014    19.322
   549.844    51.075    19.322
   554.976    51.075    19.322
   555.076    50.892    19.322
   555.377    50.892    19.322
   555.479    50.892    19.210
   555.580    50.892    19.097
   555.680    50.892    19.097
   555.781    50.892    18.985
   555.880    50.831    18.985
   555.982    50.831    18.873
   556.083    50.831    18.873
   556.183    50.831    18.817
   556.285    50.831    18.705
   556.486    50.831    18.705
   556.585    50.770    18.649
   629.127    50.770    18.649
   629.229    50.770    18.817
   629.430    50.770    18.817
   629.531    50.953    18.873
   629.631    50.953    18.873
   629.731    51.075    18.873
   629.832    51.075    18.985
   629.932    51.075    19.041
   630.133    51.075    19.041
   630.234    51.198    19.097
   630.938    51.198    19.097
   631.040    51.259    19.097
   631.241    51.259    19.097
   631.340    51.259    19.210
   631.442    51.259    19.322
   638.788    51.259    19.322
   638.888    51.320    19.378
   638.990    51.381    19.434
   639.291    51.381    19.434
   639.392    51.381    19.490
   639.493    51.442    19.659
   639.592    51.442    19.659
   639.693    51.503    19.715
   639.794    51.503    19.715
   639.894    51.564    19.715
   639.995    51.564    19.715
   640.095    51.625    19.715
   640.196    51.625    19.715
   640.297    51.809    19.771
   640.398    51.870    19.771
   640.499    51.870    19.771
   640.598    51.931    19.827
   640.699    51.992    19.827
   640.799    51.992    19.827
   640.900    52.053    19.827
   641.000    52.053    19.827
   641.101    52.114    19.827
   641.202    52.175    19.827
   641.302    52.175    19.827
   641.403    52.236    19.827
   641.606    52.236    19.827
   641.706    52.175    19.827
   646.032    52.175    19.827
   646.132    52.175    19.771
   646.333    52.175    19.771
   646.435    52.114    19.715
   646.536    52.053    19.715
   646.737    52.053    19.715
   646.837    51.870    19.771
   646.938    51.809    19.827
   647.340    51.809    19.827
   647.442    51.748    19.827
   647.542    51.564    19.827
   647.642    51.503    19.883
   648.749    51.503    19.883
   648.849    51.503    19.827
   649.050    51.503    19.827
   649.151    51.503    19.715
   649.454    51.503    19.715
   649.553    51.564    19.715
   649.956    51.564    19.715
   650.056    51.625    19.715
   896.814    51.625    19.715
   896.915    51.136    19.715
   897.015    51.075    19.715
   897.116    50.892    19.715
   897.217    50.342    19.659
   897.318    50.281    19.659
   897.418    50.219    19.659
   897.519    50.158    19.603
   897.620    50.097    19.603
   897.719    50.097    19.603
   897.821    49.914    19.603
   897.921    49.852    19.603
  1338.712    49.852    19.603
  1338.812    49.914    19.603
  1338.913    49.914    19.603
  1339.014    49.975    19.659
  1339.115    49.975    19.771
  1339.215    49.975    19.883
  1339.316    49.975    19.939
  1339.517    49.975    19.939
  1339.617    50.036    19.939
  1339.718    50.036    19.939
  1339.818    50.097    19.939
  1339.918    50.097    19.939
  1340.019    50.158    19.939
  1340.120    50.219    19.939
  1340.221    50.342    19.827
  1340.523    50.342    19.827
  1340.623    50.586    19.827
  1340.725    50.648    19.827
  1344.650    50.648    19.827
  1344.750    50.464    19.827
  1344.851    50.403    19.827
  1346.662    50.403    19.827
  1346.763    50.342    19.827
  1347.265    50.342    19.827
  1347.366    50.281    19.827
  1347.467    50.281    19.827
  1347.568    50.219    19.827
  1347.668    50.219    19.827
  1347.769    50.158    19.827
  1347.869    50.036    19.827
  1347.970    50.036    19.771
  1348.070    50.036    19.771
  1348.170    50.036    19.715
  1348.975    50.036    19.715
  1349.075    49.914    19.715
  1349.579    49.914    19.715
  1349.680    49.791    19.715
  1349.781    49.730    19.715
  1349.981    49.730    19.715
  1350.081    49.730    19.659
  1350.383    49.730    19.659
  1350.485    49.608    19.603
  1350.585    49.425    19.603
  1350.786    49.425    19.603
  1350.886    49.425    19.490
  1351.492    49.425    19.490
  1351.593    49.486    19.490
  1353.201    49.486    19.490
  1353.302    49.547    19.490
  1353.606    49.547    19.490
  1353.706    49.608    19.490
  1353.807    49.608    19.490
  1353.907    49.608    19.603
  1354.008    49.608    19.603
  1354.108    49.669    19.603
  1354.410    49.669    19.603
  1354.510    49.608    19.603
  1355.014    49.608    19.603
  1355.115    49.547    19.603
  1357.328    49.547    19.603
  1357.429    49.486    19.603
  1360.043    49.486    19.603
  1360.144    49.547    19.659
  1360.244    49.547    19.659
  1360.346    49.608    19.659
  1360.446    49.669    19.659
  1360.547    49.791    19.659
  1360.648    49.852    19.659
  1360.748    49.914    19.659
  1360.849    50.036    19.659
  1360.948    50.036    19.659
  1361.049    50.097    19.659
  1361.452    50.097    19.659
  1361.553    50.281    19.715
  1361.654    50.281    19.771
  1362.056    50.281    19.771
  1362.156    50.342    19.939
  1362.256    50.464    19.995
  1362.358    50.525    19.995
  1363.766    50.525    19.995
  1363.866    50.709    19.995
  1363.968    50.770    19.995
  1364.168    50.770    19.995
  1364.269    50.892    19.995
  1364.873    50.892    19.995
  1364.973    50.831    19.995
  1365.174    50.831    19.995
  1365.275    50.770    19.995
  1365.375    50.709    19.995
  1365.477    50.648    19.995
  1365.779    50.648    19.995
  1365.879    50.586    19.995
  1365.979    50.525    19.995
  1366.080    50.525    19.995
  1366.180    50.464    20.051
  1366.886    50.464    20.051
  1366.985    50.403    20.051
  1367.187    50.403    20.051
  1367.287    50.342    20.051
  1367.389    50.342    20.051
  1367.489    50.281    20.051
  1371.411    50.281    20.051
  1371.512    50.036    20.051
  1371.614    49.914    20.051
  1373.926    49.914    20.051
  1374.027    49.852    19.995
  1485.115    49.852    19.995
  1485.217    49.852    19.827
  1485.317    49.914    19.715
  1485.417    49.914    19.715
  1485.519    50.036    19.715
  1485.619    50.097    19.659
  1485.720    50.158    19.603
  1485.821    50.158    19.603
  1485.921    50.158    19.546
  1492.764    50.158    19.546
  1492.863    50.219    19.546
  1492.965    50.219    19.546
  1493.065    50.281    19.546
  1493.165    50.342    19.546
  1493.266    50.403    19.546
  1493.366    50.525    19.546
  1493.468    50.586    19.546
  1493.569    50.709    19.546
  1493.669    50.709    19.490
  1493.770    50.892    19.490
  1493.870    50.953    19.434
  1493.971    51.014    19.434
  1494.070    51.136    19.378
  1494.172    51.259    19.378
  1494.676    51.259    19.378
  1494.777    51.136    19.378
  1494.877    51.075    19.378
  1499.405    51.075    19.378
  1499.507    50.892    19.378
  1611.792    50.892    19.378
  1611.893    50.892    19.715
  1612.094    50.892    19.715
  1612.194    50.892    19.827
  1614.408    50.892    19.827
  1614.508    50.953    19.995
  1614.812    50.953    19.995
  1614.911    50.892    19.995
  1615.011    50.831    19.995
  1616.723    50.831    19.995
  1616.824    50.403    20.163
  1616.924    50.219    20.275
  1617.226    50.219    20.275
  1617.326    50.281    20.331
  1617.427    50.403    20.387
  1617.528    50.403    20.444
  1620.747    50.403    20.444
  1620.848    50.464    20.500
  1620.947    50.586    20.612
  1621.048    50.586    20.668
  1621.149    50.586    20.724
  1621.250    50.586    20.780
  1622.658    50.586    20.780
  1622.759    50.770    21.004
  1622.860    50.770    21.116
  1624.369    50.770    21.116
  1624.470    50.892    21.228
  1624.570    51.014    21.397
  1624.671    51.014    21.509
  1624.772    51.075    21.733
  1624.872    51.075    21.789
  1624.973    51.136    21.789
  1625.073    51.136    21.845
  1625.274    51.136    21.845
  1625.375    51.259    21.901
  1625.476    51.259    21.957
  1627.186    51.259    21.957
  1627.287    51.259    22.126
  1628.394    51.259    22.126
  1628.493    51.320    22.687
  1632.318    51.320    22.687
  1632.417    51.320    22.911
  1632.518    51.320    23.023
  1634.531    51.320    23.023
  1634.631    51.198    23.023
  1634.733    51.075    23.023
  1634.833    51.075    23.023
  1634.933    51.014    23.023
  1636.442    51.014    23.023
  1636.543    50.831    23.023
  1636.645    50.770    23.023
  1638.053    50.770    23.023
  1638.152    50.403    23.079
  1639.059    50.403    23.079
  1639.160    50.403    23.023
  1639.262    50.342    22.967
  1641.978    50.342    22.967
  1642.077    50.342    22.855
  1642.178    50.342    22.799
  1642.279    50.342    22.687
  1642.379    50.342    22.631
  1642.480    50.342    22.518
  1642.581    50.342    22.462
  1642.682    50.219    22.406
  1642.782    50.158    22.294
  1642.883    50.097    22.182
  1642.984    50.036    22.070
  1643.083    50.036    21.957
  1643.184    50.036    21.845
  1643.284    50.036    21.677
  1643.385    50.036    21.621
  1643.688    50.036    21.621
  1643.788    50.036    21.509
  1643.889    50.036    21.397
  1643.989    49.914    21.341
  1644.089    49.730    21.341
  1644.190    49.730    21.341
  1644.291    49.669    21.341
  1644.391    49.608    21.341
  1644.491    49.547    21.341
  1644.593    49.486    21.341
  1644.694    49.486    21.285
  1644.793    49.425    21.172
  1644.895    49.425    21.060
  1644.994    49.425    20.948
  1645.095    49.425    20.836
  1645.799    49.425    20.836
  1645.900    49.425    20.780
  1647.510    49.425    20.780
  1647.611    49.425    20.724
  1647.913    49.425    20.724
  1648.013    49.302    20.724
  1648.113    49.302    20.668
  1648.214    49.241    20.612
  1648.718    49.241    20.612
  1648.819    49.180    20.612
  1648.919    49.180    20.612
  1649.020    49.119    20.612
  1649.726    49.119    20.612
  1649.827    49.058    20.612
  1649.928    48.813    20.724
  1650.027    48.447    20.892
  1650.128    48.386    20.892
  1650.329    48.386    20.892
  1650.430    48.508    20.836
  1650.733    48.508    20.836
  1650.833    48.508    20.668
  1650.934    48.508    20.612
  1651.034    48.508    20.556
  1652.846    48.508    20.556
  1652.945    48.569    20.556
  1653.651    48.569    20.556
  1653.751    48.569    20.612
  1654.153    48.569    20.612
  1654.254    48.569    20.556
  1654.455    48.569    20.556
  1654.556    48.569    20.500
  1667.433    48.569    20.500
  1667.533    48.386    20.444
  1667.634    48.325    20.331
  1667.735    48.325    20.331
  1667.837    48.325    20.275
  1667.937    48.325    20.107
  1668.038    48.325    19.995
  1668.139    48.325    19.939
  1672.463    48.325    19.939
  1672.564    48.325    19.827
  1672.665    48.325    19.771
  1672.767    48.325    19.771
  1672.866    48.325    19.715
  1673.269    48.325    19.715
  1673.369    48.325    19.659
  1673.570    48.325    19.659
  1673.671    48.325    19.603
  1763.031    48.325    19.603
  1763.132    48.325    19.490
  1763.233    48.386    19.378
  1763.333    48.386    19.378
  1763.435    48.386    19.322
  1763.534    48.386    19.266
  1763.636    48.325    19.266
  1763.736    48.264    19.266
  1763.838    48.080    19.266
  1764.139    48.080    19.266
  1764.238    48.202    19.266
  1849.559    48.202    19.266
  1849.659    48.264    19.210
  1849.961    48.264    19.210
  1850.061    48.325    19.210
  1850.363    48.325    19.210
  1850.464    48.508    19.210
  1850.967    48.508    19.210
  1851.066    48.386    19.266
  1939.006    48.386    19.266
  1939.107    48.386    19.210
  1939.408    48.386    19.210
  1939.508    48.386    19.154
  1939.608    48.386    18.985
  1939.710    48.386    18.929
  1940.012    48.386    18.929
  1940.111    48.386    19.041
  2108.686    48.386    19.041
  2108.786    48.264    19.041
  2108.888    48.264    18.985
  2108.988    48.264    18.929
  2109.090    48.264    18.929
  2109.190    48.202    18.929
  2109.291    48.141    18.929
  2109.391    48.080    18.929
  2109.693    48.080    18.929
  2109.794    47.958    18.929
  2109.894    47.897    18.929
  2109.995    47.836    18.929
  2110.096    47.836    18.929
  2110.196    47.775    18.873
  2110.296    47.775    18.817
  2110.396    47.775    18.761
  2110.498    47.775    18.705
  2110.598    47.775    18.649
  2110.698    47.775    18.649
  2110.800    47.714    18.649
  2112.309    47.714    18.649
  2112.410    47.958    18.649
  2112.711    47.958    18.649
  2112.813    48.141    18.649
  2112.913    48.202    18.649
  2113.114    48.202    18.649
  2113.215    48.325    18.593
  2113.314    48.386    18.593
  2113.516    48.386    18.593
  2113.616    48.386    18.537
  2113.718    48.264    18.537
  2113.817    48.202    18.537
  2154.064    48.202    18.537
  2154.166    48.141    18.537
  2154.668    48.141    18.537
  2154.769    48.080    18.537
  2154.870    48.080    18.537
  2154.971    48.019    18.537
  2155.373    48.019    18.537
  2155.474    47.958    18.593
  2155.573    47.897    18.593
  2156.077    47.897    18.593
  2156.178    47.775    18.593
  2382.991    47.775    18.593
  2383.092    47.714    18.649
  2453.527    47.714    18.649
  2453.629    47.591    18.649
  2453.829    47.591    18.649
  2453.931    47.530    18.649
  2454.332    47.530    18.649
  2454.432    47.469    18.649
  2454.635    47.469    18.649
  2454.735    47.408    18.649
  2454.836    47.285    18.705
  2454.936    47.285    18.705
  2455.037    47.224    18.761
  2480.997    47.224    18.761
  2481.098    47.102    18.705
  2481.401    47.102    18.705
  2481.501    47.102    18.649
  2481.601    47.102    18.593
  2481.702    47.102    18.593
  2481.803    47.102    18.537
  2482.307    47.102    18.537
  2482.406    47.102    18.481
  2482.507    47.102    18.481
  2482.607    47.163    18.425
  2482.909    47.163    18.425
  2483.010    47.163    18.369
  2483.110    47.163    18.369
  2483.212    47.224    18.369
  2483.312    47.285    18.369
  2483.513    47.285    18.369
  2483.613    47.347    18.256
  2483.714    47.469    18.088
  2483.814    47.469    17.976
  2483.915    47.469    17.920
  2484.016    47.469    17.808
  2484.117    47.469    17.752
  2496.492    47.469    17.752
  2496.593    47.469    17.864
  2496.693    47.469    17.920
  2496.794    47.530    17.976
  2496.894    47.591    17.976
  2496.995    47.652    17.976
  2497.097    47.652    17.976
  2497.196    47.714    18.032
  2497.397    47.714    18.032
  2497.498    47.775    18.088
  2520.035    47.775    18.088
  2520.136    47.897    18.144
  2521.242    47.897    18.144
  2521.343    47.958    18.088
  2521.443    47.958    18.088
  2521.544    48.019    18.088
  2521.645    48.202    18.088
  2522.048    48.202    18.088
  2522.147    48.264    18.088
  2522.248    48.264    18.088
  2522.349    48.386    18.088
  2522.450    48.386    18.088
  2522.551    48.447    18.088
  2524.864    48.447    18.088
  2524.965    48.447    18.144
  2525.065    48.508    18.144
  2525.166    48.508    18.256
  2525.267    48.508    18.256
  2525.367    48.569    18.369
  2525.467    48.630    18.369
  2525.569    48.691    18.369
  2525.670    48.691    18.369
  2525.770    48.752    18.369
  2525.871    48.813    18.369
  2525.971    48.813    18.369
  2526.072    48.875    18.369
  2526.272    48.875    18.369
  2526.374    48.936    18.369
  2526.473    48.997    18.369
  2527.380    48.997    18.369
  2527.479    48.875    18.593
  2528.386    48.875    18.593
  2528.486    48.875    18.705
  2528.589    48.875    18.761
  2528.688    48.875    18.761
  2528.789    48.875    18.873
  2528.890    48.813    18.873
  2528.990    48.813    18.929
  2529.091    48.813    18.929
  2529.191    48.813    19.097
  2529.291    48.752    19.210
  2529.996    48.752    19.210
  2530.097    48.691    19.378
  2530.196    48.630    19.490
  2530.397    48.630    19.490
  2530.498    48.630    19.546
  2530.598    48.569    19.603
  2531.103    48.569    19.603
  2531.202    48.569    19.659
  2531.303    48.569    19.659
  2531.403    48.569    19.715
  2531.504    48.630    19.771
  2531.605    48.630    19.939
  2531.705    48.630    20.107
  2531.806    48.630    20.275
  2531.907    48.691    20.387
  2532.008    48.752    20.500
  2532.108    48.813    20.500
  2532.410    48.813    20.500
  2532.510    48.875    20.556
  2532.610    48.936    20.556
  2532.712    48.997    20.556
  2532.811    49.058    20.556
  2533.315    49.058    20.556
  2533.416    49.119    20.556
  2533.719    49.119    20.556
  2533.819    49.180    20.556
  2534.020    49.180    20.556
  2534.121    49.241    20.556
  2535.226    49.241    20.556
  2535.327    49.241    20.612
  2536.635    49.241    20.612
  2536.736    49.302    20.556
  2536.837    49.302    20.500
  2536.937    49.302    20.500
  2537.038    49.302    20.387
  2537.139    49.302    20.331
  2537.239    49.302    20.331
  2537.341    49.302    20.275
  2537.439    49.302    20.219
  2537.540    49.302    20.219
  2537.641    49.302    20.163
  2537.943    49.302    20.163
  2538.044    49.363    20.163
  2538.346    49.363    20.163
  2538.446    49.363    20.107
  2540.659    49.363    20.107
  2540.761    49.425    20.107
  2540.962    49.425    20.107
  2541.062    49.486    20.107
  2541.164    49.547    20.107
  2541.264    49.608    20.107
  2541.365    49.730    20.107
  2907.805    49.730    20.107
  2907.906    49.791    20.107
  2908.308    49.791    20.107
  2908.409    49.852    20.219
  2917.474    49.852    20.219
  2917.575    49.791    20.219
  2917.676    49.730    20.219
  2917.776    49.608    20.219
  2917.878    49.425    20.219
  2917.978    49.363    20.219
  2919.690    49.363    20.219
  2919.791    49.302    20.219
  2920.393    49.302    20.219
  2920.494    49.241    20.331
  2924.228    49.241    20.331
  2924.328    49.119    20.500
  2925.033    49.119    20.500
  2925.133    49.119    20.444
  2925.334    49.119    20.444
  2925.434    49.180    20.444
  2925.636    49.180    20.444
  2925.738    49.302    20.444
  2925.838    49.363    20.444
  2925.939    49.363    20.444
  2926.040    49.425    20.444
  2926.140    49.486    20.444
  2926.240    49.486    20.387
  2926.341    49.486    20.387
  2926.441    49.486    20.331
  2926.542    49.486    20.331
  2926.642    49.486    20.275
  2926.743    49.486    20.275
  2926.844    49.486    20.219
  2927.145    49.486    20.219
  2927.247    49.486    20.163
  2928.052    49.486    20.163
  2928.154    49.363    20.163
  2941.937    49.363    20.163
  2942.039    49.486    20.051
  2942.138    49.547    20.051
  2942.239    49.547    20.051
  2942.340    49.608    20.051
  2942.440    49.547    19.995
  2942.541    49.547    19.883
  2942.641    49.547    19.827
  2942.742    49.547    19.771
  2946.063    49.547    19.771
  2946.163    49.363    19.771
  2946.263    49.363    19.771
  2946.365    49.302    19.771
  2946.465    49.241    19.771
  2946.565    49.180    19.771
  2946.666    49.058    19.771
  2946.766    48.936    19.771
  2946.867    48.875    19.771
  2946.968    48.813    19.771
  2947.068    48.691    19.771
  2947.371    48.691    19.771
  2947.470    48.508    19.715
  2947.571    48.447    19.715
  2948.175    48.447    19.715
  2948.276    48.325    19.603
  2948.376    48.202    19.603
  2948.477    48.141    19.546
  2948.578    48.019    19.490
  2948.979    48.019    19.490
  2949.081    47.958    19.490
  2949.180    47.897    19.490
  2949.282    47.836    19.490
  2949.382    47.714    19.490
  2949.482    47.652    19.490
  2949.583    47.530    19.434
  2949.683    47.408    19.434
  2949.784    47.224    19.322
  2949.885    47.102    19.322
  2949.985    46.918    19.322
  2950.086    46.735    19.322
  2950.187    46.674    19.322
  2950.287    46.613    19.322
  2951.294    46.613    19.322
  2951.394    46.613    19.266
  2951.495    46.613    19.210
  2951.798    46.613    19.210
  2951.899    46.735    19.210
  2951.999    46.796    19.210
  2952.099    46.918    19.210
  2952.302    46.918    19.210
  2952.401    46.735    19.378
  2952.803    46.735    19.378
  2952.904    46.735    19.322
  2953.005    46.735    19.322
  2953.106    46.735    19.266
  2956.223    46.735    19.266
  2956.325    46.735    19.154
  2957.733    46.735    19.154
  2957.834    46.735    19.097
  2958.337    46.735    19.097
  2958.437    46.796    19.097
  2958.638    46.796    19.097
  2958.739    46.796    19.041
  2958.840    46.796    18.985
  2960.751    46.796    18.985
  2960.851    46.796    18.761
  2962.361    46.796    18.761
  2962.463    46.857    18.817
  2963.065    46.857    18.817
  2963.166    46.857    18.929
  2967.593    46.857    18.929
  2967.694    46.857    18.873
  2967.795    46.857    18.873
  2967.894    46.857    18.761
  2967.995    46.857    18.761
  2968.096    46.980    18.649
  2968.197    47.041    18.593
  2972.760    47.041    18.593
  2972.860    46.918    18.817
  2972.961    46.796    18.929
  2980.606    46.796    18.929
  2980.707    46.674    18.985
  2980.808    46.613    19.097
  2980.909    46.613    19.097
  2981.010    46.552    19.154
  2981.110    46.552    19.210
  2981.312    46.552    19.210
  2981.412    46.490    19.266
  2985.637    46.490    19.266
  2985.739    46.429    19.266
  2986.543    46.429    19.266
  2986.644    46.368    19.266
  2989.460    46.368    19.266
  2989.561    46.307    19.266
  2989.863    46.307    19.266
  2989.964    46.185    19.322
  2994.390    46.185    19.322
  2994.491    46.124    19.322
  3019.446    46.124    19.322
  3019.547    46.002    19.490
  3019.647    46.002    19.490
  3019.748    46.002    19.546
  3019.848    46.002    19.603
  3019.949    46.002    19.715
  3020.151    46.002    19.715
  3020.251    46.002    19.771
  3020.351    46.063    19.771
  3020.653    46.063    19.771
  3020.754    46.063    19.659
  3020.854    46.063    19.603
  3022.465    46.063    19.603
  3022.565    46.063    19.715
  3022.666    46.063    19.827
  3023.069    46.063    19.827
  3023.169    46.002    19.771
  3023.672    46.002    19.771
  3023.772    45.818    19.659
  3023.873    45.757    19.659
  3024.275    45.757    19.659
  3024.375    45.696    19.659
  3025.282    45.696    19.659
  3025.382    45.696    19.603
  3025.884    45.696    19.603
  3025.985    45.696    19.546
  3026.087    45.696    19.490
  3026.388    45.696    19.490
  3026.489    45.757    19.434
  3026.891    45.757    19.434
  3026.992    45.879    19.434
  3054.167    45.879    19.434
  3054.267    46.002    19.266
  3054.369    46.063    19.210
  3054.468    46.063    19.154
  3054.568    46.063    19.154
  3054.670    46.063    19.041
  3054.770    46.063    18.817
  3054.870    46.063    18.649
  3054.971    46.063    18.537
  3055.072    46.063    18.537
  3055.173    46.063    18.481
  3061.310    46.063    18.481
  3061.411    46.063    18.313
  3061.511    46.063    18.200
  3061.612    46.063    18.144
  3061.713    46.063    18.088
  3061.812    46.063    17.976
  3061.913    46.002    17.808
  3062.216    46.002    17.808
  3062.316    46.002    17.696
  3062.417    46.002    17.640
  3062.518    46.002    17.584
  3062.617    46.002    17.528
  3064.128    46.002    17.528
  3064.227    45.940    17.528
  3064.328    45.940    17.528
  3064.429    45.940    17.472
  3064.530    45.879    17.472
  3064.630    45.818    17.415
  3064.730    45.818    17.359
  3064.832    45.818    17.247
  3064.932    45.818    17.191
  3065.033    45.757    17.079
  3091.696    45.757    17.079
  3091.797    45.757    17.247
  3091.897    45.696    17.359
  3091.999    45.696    17.472
  3092.099    45.818    17.528
  3092.201    45.879    17.640
  3092.301    45.940    17.640
  3092.502    45.940    17.640
  3092.602    45.940    17.752
  3092.703    45.940    17.808
  3100.852    45.940    17.808
  3100.953    45.940    17.920
  3101.053    45.940    17.976
  3101.355    45.940    17.976
  3101.457    46.002    18.088
  3101.556    46.002    18.088
  3101.657    46.002    18.144
  3101.758    46.063    18.200
  3101.959    46.063    18.200
  3102.059    46.124    18.313
  3102.160    46.124    18.369
  3102.261    46.185    18.425
  3102.966    46.185    18.425
  3103.067    46.002    18.425
  3103.168    45.940    18.425
  3105.582    45.940    18.425
  3105.681    45.818    18.425
  3105.783    45.757    18.425
  3106.385    45.757    18.425
  3106.487    45.757    18.593
  3106.588    45.757    18.593
  3106.687    45.635    18.761
  3106.789    45.513    18.817
  3108.399    45.513    18.817
  3108.500    45.635    18.873
  3109.606    45.635    18.873
  3109.707    45.268    18.985
  3110.813    45.268    18.985
  3110.915    45.146    18.985
  3111.015    45.024    18.985
  3149.148    45.024    18.985
  3149.250    44.963    18.481
  3149.350    44.963    18.425
  3150.961    44.963    18.425
  3151.061    45.146    18.593
  3151.162    45.146    18.649
  3151.263    45.085    18.649
  3151.364    44.963    18.649
  3151.465    44.902    18.649
  3151.866    44.902    18.649
  3151.966    44.841    18.649
  3186.721    44.841    18.649
  3186.822    44.596    18.144
  3186.923    44.596    18.088
  3187.023    44.596    18.088
  3187.124    44.596    18.144
  3187.224    44.596    18.256
  3187.425    44.596    18.256
  3187.527    44.535    18.200
  3203.522    44.535    18.200
  3203.622    44.902    18.256
  3203.722    45.391    18.313
  3203.824    45.696    18.369
  3203.924    46.002    18.425
  3204.025    46.307    18.537
  3204.126    46.429    18.705
  3204.226    46.796    18.817
  3204.328    47.224    18.873
  3204.428    47.469    18.873
  3204.529    47.652    18.873
  3204.631    47.836    18.873
  3204.730    47.897    18.873
  3204.831    48.019    18.873
  3204.931    48.202    18.873
  3205.032    48.386    18.873
  3205.132    48.447    18.873
  3205.233    48.569    18.873
  3205.334    48.630    18.873
  3205.434    48.752    18.873
  3207.548    48.752    18.873
  3207.648    48.691    18.873
  3207.749    48.752    18.873
  3207.848    48.752    18.873
  3207.949    48.813    18.929
  3208.050    48.875    18.929
  3208.151    48.997    18.929
  3208.554    48.997    18.929
  3208.654    49.119    18.929
  3208.755    49.241    18.929
  3209.055    49.241    18.929
  3209.157    49.302    18.873
  3209.257    49.302    18.873
  3209.358    49.363    18.873
  3209.459    49.486    18.873
  3209.559    49.791    18.817
  3209.861    49.791    18.817
  3209.963    49.730    18.873
  3210.164    49.730    18.873
  3210.264    49.730    18.761
  3221.640    49.730    18.761
  3221.741    49.363    18.929
  3221.842    49.058    18.929
  3225.966    49.058    18.929
  3226.067    48.997    18.929
  3226.268    48.997    18.929
  3226.369    48.936    18.929
  3226.469    48.875    18.817
  3257.358    48.875    18.817
  3257.458    49.058    18.985
  3257.558    49.119    19.041
  3258.364    49.119    19.041
  3258.464    49.119    19.097
  3258.566    48.813    19.378
  3258.666    48.813    19.434
  3260.377    48.813    19.434
  3260.477    48.936    19.603
  3260.578    48.997    19.603
  3263.294    48.997    19.603
  3263.393    49.119    19.715
  3263.495    49.180    19.715
  3263.596    49.180    19.546
  3263.697    49.180    19.378
  3263.797    49.180    19.210
  3263.897    49.180    19.154
  3263.998    49.180    19.041
  3264.099    49.180    19.041
  3264.199    49.241    19.041
  3264.299    49.425    19.041
  3265.709    49.425    19.041
  3265.809    49.608    18.929
  3267.016    49.608    18.929
  3267.117    49.547    19.097
  3267.217    49.547    19.154
  3267.318    49.547    19.210
  3268.827    49.547    19.210
  3268.927    49.425    19.210
  3269.933    49.425    19.210
  3270.034    49.302    19.210
  3270.134    49.241    19.210
  3270.436    49.241    19.210
  3270.537    49.241    19.266
  3271.142    49.241    19.266
  3271.243    49.302    19.266
  3271.344    49.363    19.266
  3272.350    49.363    19.266
  3272.449    49.791    19.097
  3277.381    49.791    19.097
  3277.482    49.975    19.210
  3277.582    50.097    19.210
  3279.293    50.097    19.210
  3279.393    50.158    19.266
  3304.953    50.158    19.266
  3305.053    50.158    19.659
  3305.155    50.097    19.659
  3305.356    50.097    19.659
  3305.456    49.975    19.883
  3305.557    49.914    19.995
  3305.658    49.852    19.995
  3318.737    49.852    19.995
  3318.839    49.914    20.387
  3318.938    49.914    20.444
  3319.039    49.914    20.444
  3319.140    49.914    20.612
  3319.242    49.975    20.724
  3319.341    49.975    20.724
  3319.443    50.036    20.780
  3319.544    50.036    21.004
  3319.643    50.036    21.172
  3319.744    50.036    21.285
  3319.844    50.036    21.341
  3320.147    50.036    21.341
  3320.248    50.097    21.397
  3320.549    50.097    21.397
  3320.649    50.097    21.621
  3320.750    50.097    21.677
  3348.118    50.097    21.677
  3348.218    50.158    21.677
  3348.420    50.158    21.677
  3348.520    50.219    21.901
  3348.622    50.219    21.901
  3348.721    50.281    21.957
  3348.822    50.342    21.957
  3348.921    50.403    21.957
  3349.023    50.403    21.957
  3349.124    50.403    22.013
  3349.224    50.464    22.070
  3349.325    50.464    22.126
  3357.374    50.464    22.126
  3357.474    50.525    22.294
  3357.575    50.525    22.350
  3357.675    50.648    22.518
  3357.776    50.648    22.575
  3357.877    50.709    22.575
  3358.984    50.709    22.575
  3359.085    50.709    22.743
  3360.694    50.709    22.743
  3360.796    51.136    22.967
  3360.895    51.198    23.079
  3360.996    51.320    23.079
  3362.102    51.320    23.079
  3362.204    51.320    23.135
  3362.304    51.381    23.303
  3405.762    51.381    23.303
  3405.863    50.709    23.023
  3415.631    50.709    23.023
  3415.731    50.648    23.023
  3415.832    50.586    23.023
  3415.932    50.586    23.023
  3416.033    50.464    23.023
  3427.203    50.464    23.023
  3427.302    50.036    22.855
  3427.505    50.036    22.855
  3427.605    50.097    22.967
  3427.706    50.097    23.023
  3672.745    50.097    23.023
  3672.843    50.097    22.967
  3672.944    50.097    22.911
  3673.045    50.097    22.799
  3673.146    50.097    22.743
  3673.247    50.097    22.687
  3673.347    50.036    22.687
  3673.749    50.036    22.687
  3673.850    50.036    22.575
  3673.951    49.975    22.575
  3674.151    49.975    22.575
  3674.252    49.975    22.631
  3675.762    49.975    22.631
  3675.862    49.852    22.631
  3675.963    49.791    22.631
  3676.064    49.730    22.575
  3676.165    49.730    22.575
  3676.265    49.730    22.518
  3676.366    49.730    22.518
  3676.466    49.730    22.462
  3676.567    49.730    22.462
  3676.667    49.730    22.406
  3677.170    49.730    22.406
  3677.271    49.486    22.350
  3679.496    49.486    22.350
  3679.596    49.486    22.238
  3679.696    49.425    22.126
  3679.797    49.425    22.070
  3679.898    49.425    22.013
  3679.999    49.425    21.901
  3680.099    49.425    21.845
  3680.199    49.363    21.845
  3680.300    49.180    21.789
  3680.401    49.058    21.789
  3680.903    49.058    21.789
  3681.004    49.058    21.733
  3681.507    49.058    21.733
  3681.608    49.119    21.733
  3681.809    49.119    21.733
  3681.910    49.119    21.677
  3682.011    49.119    21.565
  3682.112    49.180    21.453
  3682.212    49.180    21.453
  3682.313    49.180    21.341
  3682.414    49.302    21.172
  3682.514    49.486    21.004
  3682.615    49.547    20.948
  3682.815    49.547    20.948
  3682.916    49.608    20.948
  3683.017    49.791    20.948
  3683.118    49.852    20.948
  3683.319    49.852    20.948
  3683.419    49.730    20.948
  3683.721    49.730    20.948
  3683.823    49.486    21.060
  3683.923    49.425    21.116
  3684.326    49.425    21.116
  3684.426    49.363    21.228
  3684.527    49.302    21.341
  3684.626    49.302    21.397
  3684.727    49.241    21.565
  3684.828    49.180    21.789
  3686.337    49.180    21.789
  3686.438    48.875    21.957
  3689.456    48.875    21.957
  3689.556    48.691    21.957
  3689.657    48.569    21.957
  3689.858    48.569    21.957
  3689.959    48.447    22.013
  3690.058    48.386    22.013
  3691.366    48.386    22.013
  3691.467    48.325    22.070
  3691.569    48.325    22.070
  3691.669    48.264    22.070
  3691.770    48.264    22.070
  3691.871    48.019    22.070
  3691.970    47.836    22.070
  3692.071    47.652    22.070
  3692.171    47.469    22.070
  3692.273    47.347    22.070
  3696.499    47.347    22.070
  3696.599    47.102    22.070
  3696.799    47.102    22.070
  3696.900    47.041    22.070
  3697.000    46.980    22.070
  3697.101    46.918    22.070
  3698.309    46.918    22.070
  3698.409    46.857    22.070
  3698.510    46.735    22.070
  3699.113    46.735    22.070
  3699.213    46.368    22.070
  3699.314    46.307    22.070
  3701.226    46.307    22.070
  3701.328    45.757    22.126
  3702.534    45.757    22.126
  3702.635    45.329    22.126
  3702.735    45.268    22.126
  3703.037    45.268    22.126
  3703.137    45.268    22.238
  3703.741    45.268    22.238
  3703.842    45.207    22.350
  3706.256    45.207    22.350
  3706.357    45.085    22.462
  3706.458    44.718    22.799
  3706.758    44.718    22.799
  3706.860    44.657    22.799
  3706.961    44.535    22.799
  3709.778    44.535    22.799
  3709.879    44.107    22.799
  3710.282    44.107    22.799
  3710.383    44.046    22.855
  3710.484    43.984    22.855
  3710.583    43.923    22.855
  3710.684    43.862    22.911
  3714.407    43.862    22.911
  3714.506    44.107    22.911
  3714.606    44.107    22.911
  3714.707    44.168    22.911
  3715.112    44.168    22.911
  3715.211    44.413    23.023
  3715.312    44.474    23.023
  3716.016    44.474    23.023
  3716.117    44.351    23.191
  3718.230    44.351    23.191
  3718.331    44.413    23.191
  3718.431    44.474    23.191
  3718.533    44.474    23.191
  3718.633    44.535    23.135
  3718.733    44.535    23.079
  3718.833    44.535    23.079
  3718.934    44.657    23.079
  3719.035    44.779    23.023
  3719.134    44.841    22.967
  3719.236    44.841    22.911
  3719.336    44.841    22.855
  3720.243    44.841    22.855
  3720.342    45.024    22.743
  3720.443    45.146    22.743
  3720.845    45.146    22.743
  3720.946    44.963    22.743
  3721.046    44.841    22.743
  3731.409    44.841    22.743
  3731.510    44.718    22.855
  3736.237    44.718    22.855
  3736.338    44.779    22.855
  3736.439    44.779    22.855
  3736.540    44.779    22.911
  3736.841    44.779    22.911
  3736.941    44.841    22.911
  3737.041    44.902    22.911
  3737.143    44.963    22.911
  3737.244    45.085    22.911
  3738.853    45.085    22.911
  3738.954    45.268    22.799
  3739.154    45.268    22.799
  3739.255    45.329    22.799
  3739.356    45.391    22.799
  3739.457    45.452    22.743
  3739.859    45.452    22.743
  3739.959    45.574    22.687
  3740.060    45.574    22.631
  3740.161    45.574    22.518
  3740.261    45.574    22.462
  3740.361    45.574    22.350
  3740.463    45.574    22.238
  3740.563    45.574    22.182
  3740.664    45.574    22.126
  3740.764    45.574    22.070
  3740.864    45.574    22.013
  3740.965    45.574    21.957
  3741.066    45.635    21.901
  3741.166    45.635    21.845
  3741.267    45.757    21.845
  3741.369    45.757    21.901
  3741.469    45.818    21.901
  3741.570    45.818    21.901
  3741.669    45.879    21.901
  3753.238    45.879    21.901
  3753.339    46.185    21.733
  3753.440    46.246    21.733
  3753.841    46.246    21.733
  3753.943    46.307    21.733
  3754.849    46.307    21.733
  3754.950    46.368    21.733
  3755.049    46.368    21.789
  3755.753    46.368    21.789
  3755.855    46.490    21.677
  3755.956    46.490    21.621
  3756.157    46.490    21.621
  3756.257    46.490    21.565
  3756.660    46.490    21.565
  3756.760    46.490    21.509
  3757.062    46.490    21.509
  3757.164    46.490    21.453
  3758.270    46.490    21.453
  3758.371    46.552    21.397
  3758.471    46.552    21.341
  3760.785    46.552    21.341
  3760.885    46.674    21.341
  3760.986    46.735    21.341
  3761.490    46.735    21.341
  3761.589    46.796    21.341
  3761.891    46.796    21.341
  3761.993    46.857    21.341
  3770.053    46.857    21.341
  3770.155    46.796    21.677
  3770.254    46.735    21.789
  3770.758    46.735    21.789
  3770.859    46.735    21.957
  3770.959    46.735    22.013
  3772.166    46.735    22.013
  3772.268    46.613    22.126
  3772.368    46.613    22.126
  3772.469    46.552    22.126
  3773.979    46.552    22.126
  3774.080    46.490    22.182
  3780.015    46.490    22.182
  3780.116    46.368    22.182
  3780.317    46.368    22.182
  3780.418    46.246    22.182
  3789.976    46.246    22.182
  3790.077    46.246    22.126
  3790.177    46.246    22.126
  3790.278    46.246    22.070
  3791.082    46.246    22.070
  3791.183    46.246    22.013
  3791.486    46.246    22.013
  3791.586    46.307    22.013
  3791.687    46.307    21.957
  3791.887    46.307    21.957
  3791.988    46.368    21.901
  3792.088    46.368    21.901
  3792.190    46.368    21.845
  3792.290    46.368    21.733
  3792.390    46.429    21.733
  3792.693    46.429    21.733
  3792.792    46.368    21.845
  3792.893    46.246    21.901
  3792.994    46.246    21.957
  3799.130    46.246    21.957
  3799.231    46.307    21.957
  3799.432    46.307    21.957
  3799.533    46.307    21.901
  3799.633    46.307    21.845
  3799.734    46.307    21.789
  3800.337    46.307    21.789
  3800.438    46.368    21.789
  3800.540    46.490    21.789
  3802.552    46.490    21.789
  3802.651    46.429    21.789
  3802.753    46.368    21.789
  3803.457    46.368    21.789
  3803.557    46.368    21.845
  3803.658    46.368    21.789
  3803.859    46.368    21.789
  3803.959    46.368    21.733
  3804.462    46.368    21.733
  3804.565    46.429    21.677
  3804.665    46.429    21.677
  3804.766    46.490    21.677
  3805.067    46.490    21.677
  3805.166    46.490    21.621
  3812.311    46.490    21.621
  3812.412    46.490    21.565
  3812.512    46.490    21.509
  3812.613    46.490    21.509
  3812.712    46.490    21.453
  3812.813    46.552    21.397
  3812.915    46.613    21.397
  3813.015    46.613    21.397
  3813.116    46.674    21.397
  3813.216    46.674    21.397
  3813.318    46.735    21.397
  3813.417    46.796    21.397
  3815.330    46.796    21.397
  3815.430    46.613    21.509
  3815.532    46.552    21.509
  4021.271    46.552    21.509
  4021.371    46.735    21.565
  4021.574    46.735    21.565
  4021.673    46.735    21.677
  4021.974    46.735    21.677
  4022.076    46.613    21.677
  4022.580    46.613    21.677
  4022.679    46.613    21.733
  4022.780    46.613    21.733
  4022.880    46.613    21.789
  4023.081    46.613    21.789
  4023.182    46.613    21.845
  4023.283    46.613    21.901
  4045.622    46.613    21.901
  4045.723    46.857    21.901
  4045.823    46.980    21.901
  4065.949    46.980    21.901
  4066.049    46.552    21.901
  4066.150    46.857    21.957
  4066.249    46.918    21.957
  4066.351    46.980    21.957
  4066.451    47.041    21.845
  4066.551    47.041    21.733
  4066.653    47.163    21.733
  4066.753    47.347    21.733
  4066.854    47.530    21.733
  4066.954    47.530    21.733
  4067.055    47.591    21.733
  4067.155    47.775    21.733
  4067.256    47.836    21.733
  4195.331    47.836    21.733
  4195.431    47.836    21.789
  4195.533    47.897    24.257
  4196.439    47.897    24.257
  4196.539    47.897    24.032
  4196.741    47.897    24.032
  4196.841    47.530    22.967
  4196.943    47.530    22.631
  4197.041    47.530    22.575
  4197.143    47.530    22.126
  4197.244    47.530    22.070
  4197.344    47.530    22.013
  4197.445    47.530    22.070
  4289.358    47.530    22.070
  4289.459    47.591    21.845
  4289.560    47.591    21.789
  4289.660    47.591    21.677
  4289.761    47.591    21.677
  4289.862    47.591    21.621
  4322.160    47.591    21.621
  4322.261    47.469    21.565
  4322.362    47.408    21.509
  4324.877    47.408    21.509
  4324.979    47.347    21.509
  4325.280    47.347    21.509
  4325.380    46.490    21.228
  4325.481    46.368    21.172
  4325.581    46.368    21.172
  4325.682    46.429    21.228
  4325.784    46.613    21.509
  4328.498    46.613    21.509
  4328.600    46.429    21.565
  4329.605    46.429    21.565
  4329.705    46.307    21.677
  4330.613    46.307    21.677
  4330.712    46.307    21.733
  4331.115    46.307    21.733
  4331.215    46.246    21.733
  4331.316    46.124    21.733
  4331.416    46.002    21.677
  4334.435    46.002    21.677
  4334.535    45.940    21.677
  4334.636    45.940    21.789
  4334.738    45.940    21.789
  4334.837    45.879    21.789
  4335.139    45.879    21.789
  4335.240    45.879    21.845
  4335.441    45.879    21.845
  4335.541    45.818    21.845
  4335.743    45.818    21.845
  4335.843    45.757    21.845
  4335.945    45.513    21.845
  4336.044    45.391    21.845
  4340.772    45.391    21.845
  4340.873    45.513    21.789
  4345.804    45.513    21.789
  4345.905    45.696    22.013
  4346.003    45.696    22.126
  4351.238    45.696    22.126
  4351.338    45.574    22.182
  4351.439    45.513    22.294
  4358.984    45.513    22.294
  4359.083    45.574    22.350
  4359.285    45.574    22.350
  4359.386    45.574    22.406
  4381.326    45.574    22.406
  4381.427    45.635    22.575
  4384.043    45.635    22.575
  4384.144    45.696    22.575
  4384.245    45.696    22.575
  4384.345    45.818    22.575
  4384.446    45.818    22.575
  4384.546    45.940    22.631
  4386.560    45.940    22.631
  4386.660    46.002    22.687
  4386.760    46.002    22.743
  4390.281    46.002    22.743
  4390.381    46.002    22.911
  4390.482    46.002    22.967
  4390.583    46.002    22.967
  4390.684    45.879    22.967
  4391.591    45.879    22.967
  4391.692    45.940    23.247
  4391.792    46.002    23.416
  4394.015    46.002    23.416
  4394.116    46.002    23.359
  4394.216    46.002    23.191
  4557.001    46.002    23.191
  4557.103    46.063    23.191
  4557.405    46.063    23.191
  4557.506    46.124    23.191
  4793.085    46.124    23.191
  4793.186    46.124    23.079
  4793.486    46.124    23.079
  4793.588    46.063    23.079
  4793.689    46.002    23.079
  4793.890    46.002    23.079
  4793.990    45.940    23.079
  4815.419    45.940    23.079
  4815.520    46.124    23.079
  4815.820    46.124    23.079
  4815.923    46.063    22.911
  4816.023    46.063    22.855
  5345.301    46.063    22.855
