     0.811    13.986    17.580
    10.433    13.986    17.580
    10.534    13.934    17.527
    10.634    13.882    17.370
    10.735    13.882    17.370
    10.835    13.778    17.317
    10.935    13.674    17.317
    11.037    13.674    17.317
    11.138    13.726    17.370
    11.238    13.778    17.370
    39.758    13.778    17.370
    39.859    13.830    17.370
    39.961    13.934    17.317
    40.162    13.934    17.317
    40.262    13.934    17.212
    40.362    13.882    17.160
    40.464    13.830    17.108
    40.665    13.830    17.108
    40.765    13.726    17.108
    40.866    13.674    17.108
    40.967    13.570    17.108
    41.068    13.466    17.055
    41.975    13.466    17.055
    42.074    13.518    17.055
    42.175    13.570    17.055
    53.852    13.570    17.055
   113.354    14.246    17.108
   113.691    14.246    17.108
   113.792    14.194    17.108
   113.892    14.194    17.108
   113.993    14.194    17.160
   114.094    14.194    17.160
   114.194    14.142    17.212
   114.296    14.090    17.265
   114.396    14.090    17.265
   114.496    14.090    17.317
   114.596    14.038    17.317
   114.697    13.986    17.317
   114.797    13.986    17.317
   114.898    13.934    17.317
   114.999    13.934    17.317
   115.099    13.882    17.317
   115.301    13.882    17.317
   115.401    13.830    17.317
   115.502    13.778    17.317
   115.601    13.726    17.317
   116.105    13.726    17.317
   116.206    13.674    17.317
   116.608    13.674    17.317
   116.708    13.622    17.317
   117.110    13.622    17.317
   117.212    13.570    17.317
   117.312    13.518    17.317
   117.415    13.518    17.317
   117.515    13.518    17.370
   117.615    13.466    17.370
   117.818    13.466    17.370
   117.919    13.414    17.370
   123.956    13.414    17.370
   124.056    13.466    17.370
   138.854    13.466    17.370
   153.318    13.414    17.317
   154.643    13.414    17.317
   154.745    13.466    17.317
   156.055    13.466    17.317
   156.156    13.466    17.370
   204.465    13.466    17.370
   204.565    13.258    17.370
   208.089    13.258    17.370
   208.189    13.310    17.265
   218.966    13.310    17.265
   219.066    13.362    17.265
   219.368    13.362    17.265
   219.469    13.362    17.212
   220.777    13.362    17.212
   220.878    13.362    17.160
   755.257    13.362    17.160
   755.358    13.362    17.108
   756.768    13.362    17.108
   756.868    13.362    17.055
   756.968    13.362    17.055
   757.069    13.310    17.055
   757.573    13.310    17.055
   757.672    13.258    17.055
   760.187    13.258    17.055
   760.288    13.153    17.055
   760.388    13.101    17.055
   760.488    13.101    17.055
   760.590    13.049    17.055
   761.698    13.049    17.055
   761.796    12.997    17.055
   762.100    12.997    17.055
   762.201    12.945    17.108
   762.301    12.945    17.160
   762.604    12.945    17.160
   762.704    12.945    17.212
   763.005    12.945    17.212
   763.106    12.893    17.265
   763.207    12.841    17.265
   763.811    12.841    17.265
   763.912    12.738    17.317
   764.012    12.738    17.317
   764.113    12.685    17.317
   764.617    12.685    17.317
   764.716    12.633    17.317
   764.818    12.581    17.317
   764.918    12.581    17.317
   765.018    12.529    17.317
   765.119    12.529    17.317
   765.219    12.529    17.370
   768.239    12.529    17.370
   768.339    12.529    17.317
   768.541    12.529    17.317
   768.642    12.477    17.265
   768.742    12.477    17.265
   768.844    12.425    17.265
   769.145    12.425    17.265
   769.246    12.425    17.212
   769.346    12.425    17.212
   769.447    12.425    17.160
   769.547    12.425    17.160
   769.650    12.425    17.108
   770.856    12.425    17.108
   770.957    12.373    17.055
   794.508    12.373    17.055
   794.609    12.321    17.003
   794.710    12.269    17.003
   801.156    12.269    17.003
   801.256    12.269    16.845
   801.358    12.269    16.740
   801.459    12.217    16.688
   801.559    12.217    16.583
   801.660    12.165    16.583
   801.760    12.061    16.583
   801.861    11.905    16.530
   801.960    11.801    16.426
   802.062    11.696    16.373
   802.162    11.644    16.268
   851.182    11.644    16.268
   851.283    11.592    16.268
   851.383    11.540    16.268
   851.484    11.540    16.268
   851.585    11.489    16.321
   851.685    11.489    16.373
   851.785    11.489    16.426
   851.987    11.489    16.426
   852.088    11.489    16.478
   852.388    11.489    16.478
   852.490    11.489    16.530
   852.591    11.489    16.583
   852.690    11.489    16.636
   852.792    11.489    16.636
   852.892    11.489    16.688
   853.295    11.489    16.688
   853.395    11.489    16.740
   854.200    11.489    16.740
   854.300    11.540    16.740
   854.703    11.540    16.740
   854.804    11.540    16.793
   855.407    11.540    16.793
   855.509    11.540    16.845
   857.521    11.540    16.845
   857.622    11.489    16.845
   866.209    11.489    16.845
   866.310    11.489    16.793
   884.120    11.489    16.793
  1015.348    11.281    16.636
  1016.611    11.281    16.636
  1016.688    11.228    16.688
  1016.788    11.176    16.688
  1019.505    11.176    16.688
  1019.607    11.228    16.740
  1019.908    11.228    16.740
  1020.008    11.281    16.740
  1020.613    11.281    16.740
  1104.351    11.281    16.688
  1104.746    11.281    16.688
  1104.847    11.281    16.636
  1105.250    11.281    16.636
  1105.351    11.281    16.583
  1105.451    11.281    16.530
  1105.651    11.281    16.530
  1105.753    11.333    16.530
  1106.355    11.333    16.530
  1106.457    11.385    16.530
  1110.383    11.385    16.530
  1232.350    11.228    16.111
  1232.598    11.228    16.111
  1232.699    11.281    16.216
  1232.999    11.281    16.216
  1233.101    11.281    16.268
  1233.403    11.281    16.268
  1233.503    11.281    16.321
  1233.604    11.281    16.373
  1233.703    11.281    16.373
  1233.805    11.281    16.426
  1233.906    11.281    16.426
  1234.005    11.281    16.478
  1234.106    11.228    16.478
  1234.207    11.228    16.478
  1234.307    11.228    16.530
  1234.409    11.176    16.530
  1235.011    11.176    16.530
  1235.112    11.176    16.583
  1242.356    11.176    16.583
  1375.351    11.281    16.530
  1375.583    11.281    16.530
  1375.685    11.228    16.530
  1375.785    11.228    16.583
  1398.222    11.228    16.583
  1398.323    11.228    16.530
  1398.523    11.228    16.530
  1398.624    11.281    16.478
  1398.725    11.281    16.478
  1398.825    11.333    16.426
  1398.926    11.333    16.426
  1399.026    11.385    16.426
  1399.127    11.489    16.426
  1399.228    11.540    16.426
  1399.328    11.644    16.426
  1399.429    11.696    16.426
  1399.529    11.853    16.426
  1399.630    12.061    16.478
  1399.730    12.113    16.636
  1399.831    12.113    16.688
  1399.933    12.113    16.688
  1400.033    12.113    16.740
  1400.134    12.113    16.740
  1400.233    12.113    16.793
  1400.335    12.113    16.845
  1400.939    12.113    16.845
  1401.040    12.113    16.898
  1401.240    12.113    16.898
  1401.342    12.113    16.950
  1401.441    12.113    17.055
  1405.365    12.113    17.055
  1405.467    12.165    17.055
  1405.667    12.165    17.055
  1405.768    12.217    17.055
  1405.868    12.217    17.055
  1405.970    12.217    17.108
  1406.070    12.217    17.160
  1406.171    12.217    17.160
  1406.272    12.269    17.160
  1406.373    12.373    17.160
  1406.473    12.373    17.160
  1406.573    12.425    17.160
  1407.780    12.425    17.160
  1407.881    12.321    17.160
  1407.981    12.321    17.212
  1408.083    12.321    17.212
  1408.183    12.269    17.212
  1408.284    12.269    17.212
  1408.384    12.217    17.265
  1408.484    12.113    17.370
  1411.805    12.113    17.370
  1411.905    12.165    17.370
  1412.207    12.165    17.370
  1412.308    12.269    17.370
  1437.015    12.269    17.370
  1437.114    12.321    17.370
  1437.417    12.321    17.370
  1437.517    12.373    17.370
  1437.618    12.373    17.370
  1437.719    12.425    17.317
  1451.703    12.425    17.317
  1469.352    12.269    17.370
  1469.986    12.269    17.370
  1470.086    12.269    17.423
  1481.758    12.269    17.423
  1481.858    12.113    17.685
  1481.959    12.113    17.842
  1482.060    12.061    18.052
  1482.161    12.113    18.210
  1482.262    12.425    18.314
  1482.361    12.633    18.314
  1482.462    12.738    18.314
  1482.562    12.841    18.314
  1482.764    12.841    18.314
  1482.864    12.841    18.472
  1483.065    12.841    18.472
  1483.167    12.841    18.367
  1483.268    12.893    18.104
  1483.367    12.945    17.947
  1483.468    12.997    17.947
  1483.568    12.997    17.947
  1483.670    12.997    18.104
  1483.770    12.997    18.367
  1483.870    12.997    18.419
  1484.072    12.997    18.419
  1484.173    13.049    18.472
  1484.575    13.049    18.472
  1484.675    13.049    18.419
  1484.776    13.049    18.367
  1487.695    13.049    18.367
  1487.796    13.049    18.419
  1487.996    13.049    18.419
  1488.097    13.101    18.419
  1488.197    13.153    18.419
  1491.819    13.153    18.419
  1491.920    13.153    18.524
  1492.222    13.153    18.524
  1492.322    13.153    18.577
  1492.423    13.258    18.577
  1492.523    13.258    18.629
  1492.624    13.362    18.682
  1492.725    13.414    18.786
  1492.826    13.518    18.839
  1492.927    13.622    18.839
  1493.027    13.674    18.839
  1493.128    13.726    18.786
  1493.228    13.778    18.786
  1494.134    13.778    18.786
  1494.233    13.934    18.891
  1494.335    13.934    18.944
  1494.435    13.986    18.996
  1494.637    13.986    18.996
  1494.737    14.038    18.996
  1494.838    14.142    19.049
  1494.938    14.194    19.101
  1495.039    14.194    19.311
  1495.140    14.194    19.521
  1495.441    14.194    19.521
  1495.543    14.298    19.521
  1495.643    14.350    19.573
  1496.950    14.350    19.573
  1497.052    14.402    19.573
  1497.655    14.402    19.573
  1497.755    14.402    19.521
  1497.855    14.402    19.521
  1497.956    14.402    19.469
  1498.361    14.402    19.469
  1498.460    14.506    19.469
  1498.561    14.558    19.469
  1498.763    14.558    19.469
  1498.863    14.558    19.311
  1499.165    14.558    19.311
  1499.267    14.610    19.311
  1500.676    14.610    19.311
  1500.775    14.819    19.311
  1500.876    14.871    19.311
  1500.977    14.923    19.311
  1501.077    14.975    19.311
  1501.178    15.078    19.311
  1501.279    15.078    19.311
  1501.379    15.130    19.311
  1501.580    15.130    19.311
  1501.680    15.182    19.311
  1501.780    15.235    19.311
  1501.882    15.235    19.311
  1501.982    15.287    19.311
  1502.184    15.287    19.311
  1502.284    15.339    19.311
  1502.384    15.443    19.311
  1502.485    15.495    19.311
  1502.988    15.495    19.311
  1503.090    15.547    19.311
  1503.391    15.547    19.311
  1503.490    15.599    19.311
  1506.107    15.599    19.311
  1506.208    15.599    19.258
  1506.309    15.599    19.258
  1506.408    15.599    19.206
  1506.509    15.599    19.049
  1506.610    15.599    18.996
  1506.710    15.599    18.996
  1506.811    15.599    18.944
  1506.913    15.599    18.944
  1507.013    15.547    18.944
  1507.113    15.495    18.944
  1507.214    15.443    18.944
  1509.226    15.443    18.944
  1509.326    15.443    18.891
  1509.427    15.443    18.944
  1509.526    15.443    18.891
  1510.634    15.443    18.891
  1510.736    15.443    18.839
  1511.239    15.443    18.839
  1511.340    15.495    18.786
  1511.440    15.495    18.734
  1511.541    15.495    18.682
  1527.554    15.495    18.682
  1527.655    15.547    18.682
  1537.416    15.547    18.682
  1636.335    15.599    18.472
  1636.406    15.599    18.472
  1636.463    15.651    18.577
  1636.966    15.651    18.577
  1637.067    15.599    18.629
  1637.167    15.495    18.629
  1637.267    15.443    18.629
  1641.192    15.443    18.629
  1641.293    15.495    18.682
  1641.695    15.495    18.682
  1641.795    15.547    18.682
  1645.740    15.547    18.682
  1645.841    15.599    18.682
  1650.770    15.599    18.682
  1650.870    15.547    18.682
  1651.071    15.547    18.682
  1651.171    15.495    18.682
  1651.272    15.495    18.682
  1651.373    15.443    18.682
  1660.126    15.443    18.682
  1902.336    15.339    18.367
  1915.233    15.339    18.367
  1915.334    15.339    18.314
  1915.435    15.339    18.262
  1915.535    15.339    18.210
  1915.636    15.339    18.104
  1915.737    15.339    18.104
  1915.838    15.391    18.104
  1921.270    15.391    18.104
  1921.370    15.391    18.052
  1924.313    15.391    18.052
  1924.414    15.391    17.999
  2209.570    15.391    17.999
  2209.672    15.339    17.999
  2210.176    15.339    17.999
  2210.276    15.287    17.999
  2212.790    15.287    17.999
  2212.890    15.235    17.999
  2213.192    15.235    17.999
  2213.294    15.182    17.999
  2213.394    15.078    17.999
  2214.600    15.078    17.999
  2214.701    14.975    18.052
  2214.800    14.923    18.052
  2214.902    14.871    18.052
  2217.518    14.871    18.052
  2217.618    14.871    17.999
  2217.719    14.871    17.895
  2217.921    14.871    17.895
  2218.021    14.819    17.895
  2218.626    14.819    17.895
  2218.726    14.767    17.947
  2219.833    14.767    17.947
  2219.933    14.767    17.895
  2220.235    14.767    17.895
  2220.337    14.715    17.895
  2220.437    14.662    17.895
  2220.839    14.662    17.895
  2220.939    14.610    17.895
  2221.342    14.610    17.895
  2221.442    14.610    17.842
  2222.046    14.610    17.842
  2222.146    14.558    17.842
  2222.248    14.558    17.842
  2222.348    14.506    17.842
  2222.649    14.506    17.842
  2222.750    14.454    17.842
  2222.850    14.454    17.842
  2222.951    14.402    17.790
  2223.355    14.402    17.790
  2223.455    14.350    17.790
  2223.655    14.350    17.790
  2223.757    14.350    17.737
  2254.749    14.350    17.737
  2371.349    14.090    17.527
  2371.582    14.090    17.527
  2371.682    14.090    17.580
  2371.783    14.090    17.632
  2371.883    14.090    17.685
  2372.007    14.194    17.790
  2372.085    14.194    17.842
  2372.990    14.194    17.842
  2459.350    14.142    17.580
  2459.791    14.142    17.580
  2459.892    14.142    17.685
  2460.194    14.142    17.685
  2460.294    14.142    17.737
  2460.395    14.142    17.842
  2468.444    14.142    17.842
  2489.350    13.986    17.737
  2489.415    13.986    17.737
  2489.491    14.038    17.737
  2489.590    14.090    17.790
  2489.691    14.142    17.790
  2489.792    14.194    17.842
  2490.294    14.194    17.842
  2490.396    14.194    17.895
  2491.300    14.194    17.895
  2491.401    14.194    17.947
  2491.502    14.194    17.999
  2491.904    14.194    17.999
  2706.321    14.090    18.210
  2706.867    14.090    18.210
  2706.968    14.142    18.157
  2707.773    14.142    18.157
  2707.873    13.986    18.157
  2707.974    13.934    18.157
  2715.620    13.934    18.157
  2715.721    13.934    18.104
  2715.820    13.934    18.104
  2715.922    13.934    18.052
  2727.895    13.934    18.052
  2727.994    13.934    17.999
  2728.195    13.934    17.999
  2728.297    13.986    17.999
  2728.398    13.986    17.999
  2728.499    14.038    17.999
  2750.031    14.038    17.999
  2799.349    13.882    17.999
  2801.683    13.882    17.999
  2801.784    13.934    17.999
  2805.205    13.934    17.999
  2805.305    13.986    17.947
  2805.910    13.986    17.947
  2806.010    14.090    17.947
  2806.111    14.142    17.947
  2807.420    14.142    17.947
  2957.350    13.986    17.999
  2957.478    13.986    17.999
  2957.579    13.882    18.052
  2957.881    13.882    18.052
  2957.981    13.882    17.999
  2958.082    13.882    17.999
  2958.182    13.830    17.999
  2960.696    13.830    17.999
  3110.349    13.830    17.947
  3117.324    13.830    17.947
  3117.424    13.778    17.999
  3122.758    13.778    17.999
  3122.859    13.726    17.947
  3122.959    13.674    17.947
  3123.059    13.622    17.947
  3130.707    13.622    17.947
  3391.351    13.674    17.737
  3405.358    13.674    17.737
  3405.461    13.570    17.790
  3423.873    13.570    17.790
  3423.973    13.622    17.790
  3424.578    13.622    17.790
  3424.677    13.674    17.790
  3425.080    13.674    17.790
  3455.351    13.674    17.895
  3458.697    13.674    17.895
  3458.798    13.674    17.842
  3462.621    13.674    17.842
  3462.722    14.038    17.842
  3462.822    14.090    17.842
  3462.923    14.142    17.842
  3463.325    14.142    17.842
  3463.426    14.090    17.842
  3463.828    14.090    17.842
  3463.929    14.038    17.842
  3464.632    14.038    17.842
  3464.732    14.038    17.895
  3472.982    14.038    17.895
  3473.084    13.986    17.895
  3473.285    13.986    17.895
  3473.385    13.934    17.895
  3474.795    13.934    17.895
  3474.895    13.986    17.999
  3475.901    13.986    17.999
  3476.003    13.986    17.947
  3476.103    13.986    17.947
  3476.204    13.986    17.895
  3476.405    13.986    17.895
  3476.506    13.986    17.842
  3477.010    13.986    17.842
  3477.110    13.986    17.895
  3477.513    13.986    17.895
  3477.613    13.934    17.895
  3477.714    13.934    17.895
  3477.814    13.934    17.947
  3477.915    13.934    17.947
  3478.017    13.882    17.947
  3478.619    13.882    17.947
  3478.720    13.830    17.947
  3479.826    13.830    17.947
  3479.927    13.934    17.947
  3480.028    14.038    17.947
  3480.129    14.090    17.947
  3480.229    14.142    17.947
  3481.135    14.142    17.947
  3481.236    14.194    17.947
  3481.337    14.194    17.999
  3481.436    14.246    17.999
  3481.537    14.246    17.999
  3481.638    14.298    17.999
  3481.738    14.298    17.999
  3481.839    14.350    17.999
  3481.939    14.350    17.999
  3482.041    14.402    17.999
  3482.142    14.454    17.999
  3482.242    14.506    17.999
  3482.343    14.871    17.895
  3482.442    14.923    17.895
  3482.544    14.975    17.842
  3482.643    14.975    17.790
  3482.744    14.975    17.790
  3482.846    15.026    17.790
  3483.449    15.026    17.790
  3483.548    14.871    17.737
  3483.650    14.819    17.685
  3483.751    14.819    17.685
  3483.851    14.819    17.632
  3483.953    14.819    17.632
  3484.053    14.819    17.580
  3484.455    14.819    17.580
  3484.556    14.819    17.527
  3487.373    14.819    17.527
  3487.473    14.662    17.475
  3487.573    14.506    17.475
  3487.674    14.454    17.475
  3488.881    14.454    17.475
  3488.981    14.506    17.475
  3489.082    14.558    17.475
  3492.805    14.558    17.475
  3492.905    14.662    17.475
  3493.107    14.662    17.475
  3493.208    14.715    17.475
  3493.309    14.715    17.475
  3493.408    14.767    17.475
  3497.635    14.767    17.475
  3497.735    14.767    17.423
  3497.836    14.767    17.370
  3498.138    14.767    17.370
  3498.239    14.767    17.317
  3498.640    14.767    17.317
  3498.741    14.715    17.317
  3502.060    14.715    17.317
  4401.352    14.558    17.265
  4402.669    14.558    17.265
  4475.350    14.819    17.370
  4484.744    14.819    17.370
  4484.845    14.715    17.423
  4485.348    14.715    17.423
  4485.449    14.662    17.475
  4486.053    14.662    17.475
  4486.153    14.610    17.475
  4489.371    14.610    17.475
  4500.349    14.662    17.475
  4504.385    14.662    17.475
  4504.486    14.662    17.370
  4507.404    14.662    17.370
  4507.503    14.715    17.423
  4507.604    14.767    17.423
  4507.705    14.819    17.475
  4507.806    14.923    17.475
  4508.108    14.923    17.475
  4508.208    14.923    17.580
  4508.510    14.923    17.580
  4508.613    14.819    17.580
  4514.549    14.819    17.580
  4514.650    14.767    17.580
  4514.750    14.715    17.580
  4514.851    14.662    17.580
  4515.051    14.662    17.580
  4515.153    14.715    17.580
  4517.063    14.715    17.580
  4554.349    14.662    17.580
  4559.670    14.662    17.580
  4559.770    14.662    17.527
  4560.777    14.662    17.527
  4560.878    14.662    17.580
  4560.978    14.662    17.580
  4561.079    14.662    17.632
  4561.180    14.662    17.737
  4561.281    14.662    17.790
  4563.191    14.662    17.790
  4563.293    14.662    17.737
  4563.392    14.662    17.685
  4563.493    14.662    17.685
  4563.594    14.662    17.632
  4565.204    14.662    17.632
  4565.305    14.662    17.580
  4565.404    14.662    17.475
  4565.506    14.662    17.423
  4565.606    14.662    17.370
  4567.217    14.662    17.370
  4567.317    14.662    17.317
  4567.720    14.662    17.317
  4567.819    14.662    17.265
  4567.920    14.662    17.160
  4568.020    14.454    16.898
  4568.122    14.402    16.898
  4569.027    14.402    16.898
  4569.128    14.454    16.950
  4569.228    14.506    17.055
  4569.329    14.558    17.055
  4569.731    14.558    17.055
  4569.832    14.610    17.055
  4574.259    14.610    17.055
  4574.352    14.662    17.265
  4579.407    14.662    17.265
  4579.508    14.506    17.212
  4579.608    14.454    17.212
  4579.709    14.454    17.212
  4579.810    14.350    17.212
  4579.910    14.246    17.317
  4581.219    14.246    17.317
  4643.350    13.986    17.423
  4643.482    13.986    17.423
  4643.583    14.038    17.423
  4643.683    14.090    17.423
  4643.785    14.142    17.423
  4670.342    14.142    17.423
  4670.442    14.142    17.370
  4670.542    14.142    17.317
  4670.744    14.142    17.317
  4670.844    14.194    17.317
  4674.869    14.194    17.317
  4953.335    13.830    17.475
  4964.015    13.830    17.475
  4964.115    13.778    17.475
  4964.216    13.778    17.475
  4964.317    13.778    17.423
  4974.079    13.778    17.423
  4974.180    13.778    17.317
  4974.279    13.830    17.317
  4974.381    13.882    17.317
  4974.481    13.882    17.317
  4974.582    13.934    17.212
  4974.683    13.934    17.212
  4974.783    13.934    17.160
  4975.185    13.934    17.160
  4975.285    13.934    17.108
  4975.386    13.934    17.055
  4976.897    13.934    17.055
  5160.349    13.830    17.265
  5161.983    13.830    17.265
  5162.085    13.778    17.265
  5162.892    13.778    17.265
  5175.352    13.726    17.108
  5179.689    13.726    17.108
  5179.791    13.726    17.055
  5179.889    13.726    17.003
  5179.991    13.726    16.950
  5180.091    13.726    16.950
  5180.192    13.726    16.898
  5180.293    13.674    16.845
  5182.206    13.674    16.845
  5182.306    13.726    16.793
  5182.407    13.726    16.793
  5182.507    13.778    16.740
  5182.709    13.778    16.740
  5182.810    13.778    16.688
  5182.911    13.778    16.688
  5183.010    13.830    16.688
  5183.111    13.830    16.688
  5183.211    13.882    16.688
  5184.922    13.882    16.688
  5185.022    13.882    16.583
  5185.224    13.882    16.583
  5185.325    13.882    16.530
  5185.426    13.882    16.478
  5185.527    13.882    16.426
  5185.628    13.882    16.373
  5186.241    13.882    16.373
  5186.342    13.882    16.321
  5186.443    13.882    16.321
  5186.543    13.882    16.268
  5188.253    13.882    16.268
  5188.354    13.934    16.216
  5188.455    13.986    16.163
  5188.556    13.986    16.163
  5188.656    13.986    16.111
  5189.159    13.986    16.111
  5189.258    14.038    16.111
  5191.875    14.038    16.111
  5191.975    14.090    16.111
  5192.279    14.090    16.111
  5192.379    14.194    16.111
  5192.480    14.298    16.163
  5196.204    14.298    16.163
  5196.304    14.298    16.111
  5197.108    14.298    16.111
  5197.211    14.298    16.163
  5197.412    14.298    16.163
  5197.511    14.350    16.216
  5197.613    14.454    16.216
  5197.713    14.558    16.216
  5197.814    14.715    16.216
  5197.915    14.715    16.268
  5198.015    14.819    16.373
  5198.116    14.819    16.426
  5198.317    14.819    16.426
  5198.418    14.819    16.530
  5198.518    14.819    16.583
  5198.619    14.819    16.636
  5198.719    14.819    16.688
  5199.122    14.819    16.688
  5199.222    14.819    16.478
  5199.323    14.767    16.373
  5199.423    14.767    16.216
  5199.524    14.715    16.163
  5199.625    14.662    16.111
  5199.726    14.610    16.111
  5199.926    14.610    16.111
  5200.027    14.610    16.268
  5200.127    14.610    16.478
  5200.228    14.610    16.636
  5200.330    14.662    16.793
  5200.430    14.715    16.793
  5200.530    14.715    16.898
  5200.833    14.715    16.898
  5200.932    14.767    16.898
  5201.033    14.767    16.950
  5201.133    14.819    16.950
  5201.335    14.819    16.950
  5201.435    14.871    16.898
  5201.537    14.923    16.898
  5201.939    14.923    16.898
  5202.039    14.923    16.845
  5202.140    14.819    16.793
  5202.241    14.715    16.740
  5202.543    14.715    16.740
  5202.643    14.715    16.688
  5202.743    14.662    16.636
  5202.945    14.662    16.636
  5203.045    14.662    16.583
  5203.850    14.662    16.583
  5203.950    14.662    16.530
  5204.252    14.662    16.530
  5204.352    14.715    16.530
  5204.453    14.715    16.478
  5204.957    14.715    16.478
  5205.058    14.662    16.426
  5205.159    14.662    16.373
  5205.259    14.662    16.321
  5207.575    14.662    16.321
  5207.675    14.558    16.373
  5207.776    14.558    16.426
  5207.877    14.558    16.478
  5207.976    14.558    16.530
  5208.077    14.506    16.583
  5208.177    14.454    16.636
  5212.312    14.454    16.636
  5212.414    14.454    16.583
  5212.513    14.454    16.583
  5212.615    14.402    16.583
  5217.646    14.402    16.583
  5217.746    14.454    16.583
  5217.847    14.506    16.583
  5217.948    14.558    16.583
  5218.350    14.558    16.583
  5218.451    14.610    16.583
  5218.551    14.610    16.636
  5220.060    14.610    16.636
  5220.162    14.662    16.636
  5220.363    14.662    16.636
  5220.463    14.715    16.688
  5220.665    14.715    16.688
  5220.765    14.715    16.740
  5228.110    14.715    16.740
  5228.210    14.767    16.740
  5228.511    14.767    16.740
  5228.612    14.767    16.793
  5229.215    14.767    16.793
  5229.316    14.767    16.740
  5229.417    14.767    16.688
  5229.517    14.767    16.688
  5229.619    14.767    16.636
  5233.643    14.767    16.636
  5233.743    14.767    16.583
  5233.842    14.767    16.583
  5233.944    14.767    16.530
  5234.044    14.767    16.478
  5234.145    14.819    16.426
  5234.246    14.975    16.373
  5236.258    14.975    16.373
  5236.359    14.975    16.426
  5236.761    14.975    16.426
  5236.861    14.871    16.530
  5236.962    14.819    16.530
  5237.567    14.819    16.530
  5303.350    14.715    16.373
  5323.087    14.715    16.373
  5323.186    14.819    16.373
  5323.287    14.819    16.373
  5323.388    14.819    16.478
  5323.488    14.871    16.478
  5323.790    14.871    16.478
  5323.891    14.871    16.530
  5323.992    14.871    16.583
  5324.093    14.871    16.583
  5324.193    14.871    16.636
  5324.295    14.923    16.688
  5324.395    15.026    16.740
  5324.596    15.026    16.740
  5324.696    15.182    16.740
  5324.797    15.235    16.740
  5324.897    15.287    16.740
  5324.998    15.287    16.740
  5325.099    15.287    16.793
  5325.200    15.287    16.845
  5325.300    15.287    16.950
  5325.400    15.391    17.055
  5325.501    15.495    17.265
  5325.601    15.599    17.317
  5325.702    15.651    17.317
  5325.803    15.703    17.317
  5325.903    15.807    17.317
  5326.004    15.911    17.317
  5326.104    15.963    17.317
  5327.815    15.963    17.317
  5327.917    15.963    17.212
  5328.017    15.963    17.212
  5328.118    16.119    17.212
  5328.419    16.119    17.212
  5328.519    16.171    17.212
  5328.620    16.171    17.108
  5328.721    16.171    17.003
  5328.821    16.275    16.845
  5328.922    16.327    16.845
  5329.123    16.327    16.845
  5329.224    16.379    16.845
  5329.327    16.431    16.793
  5329.427    16.431    16.740
  5329.526    16.431    16.688
  5329.627    16.483    16.636
  5329.728    16.535    16.583
  5329.829    16.587    16.583
  5329.930    16.639    16.583
  5330.232    16.639    16.583
  5330.333    16.692    16.583
  5330.433    16.744    16.583
  5330.533    16.848    16.583
  5330.835    16.848    16.583
  5330.935    16.900    16.583
  5331.037    16.952    16.583
  5331.138    17.004    16.583
  5331.941    17.004    16.583
  5332.042    17.004    16.740
  5332.142    17.056    16.793
  5332.243    17.108    16.845
  5332.345    17.160    16.845
  5332.445    17.212    16.845
  5332.546    17.316    16.845
  5332.647    17.368    16.845
  5332.747    17.368    16.740
  5332.848    17.368    16.688
  5332.948    17.368    16.688
  5333.050    17.420    16.688
  5335.564    17.420    16.688
  5335.664    17.420    16.636
  5335.765    17.420    16.583
  5335.865    17.420    16.530
  5341.309    17.420    16.530
  5341.410    17.420    16.583
  5341.510    17.420    16.636
  5341.611    17.420    16.688
  5342.215    17.420    16.688
  5342.315    17.368    16.740
  5342.416    17.316    16.793
  5345.735    17.316    16.793
  5345.836    17.368    16.845
  5345.936    17.420    16.845
  5346.038    17.420    16.898
  5346.139    17.420    16.898
  5346.239    17.472    16.898
  5346.742    17.472    16.898
  5346.842    17.524    16.898
  5346.943    17.576    16.898
  5347.044    17.576    16.898
  5347.144    17.628    16.898
  5347.246    17.680    16.898
  5351.672    17.680    16.898
  5351.773    17.628    17.003
  5352.075    17.628    17.003
  5352.177    17.628    17.055
  5352.478    17.628    17.055
  5352.578    17.680    17.055
  5352.679    17.732    17.055
  5356.099    17.732    17.055
  5356.199    17.784    17.160
  5363.048    17.784    17.160
  5441.261    17.316    17.475
  5441.367    17.524    17.265
  5441.468    17.576    17.212
  5441.569    17.680    17.108
  5441.670    17.680    17.055
  5442.574    17.680    17.055
  5442.674    17.732    16.898
  5442.775    17.732    16.898
  5442.876    17.784    16.898
  5442.976    17.888    16.845
  5443.077    17.888    16.845
  5443.177    17.940    16.845
  5443.379    17.940    16.845
  5443.479    17.940    16.793
  5443.580    17.992    16.688
  5443.681    18.044    16.636
  5443.781    18.044    16.636
  5443.881    18.044    16.583
  5449.313    18.044    16.583
  5449.414    18.096    16.583
  5458.469    18.096    16.583
  5458.570    18.096    16.530
  5458.671    18.201    16.530
  5458.771    18.201    16.530
  5458.872    18.357    16.530
  5458.971    18.409    16.530
  5459.073    18.461    16.530
  5459.173    18.512    16.530
  5459.274    18.669    16.530
  5459.375    18.773    16.530
  5459.475    18.825    16.530
  5459.576    18.929    16.530
  5459.777    18.929    16.530
  5459.878    18.929    16.478
  5459.978    19.033    16.478
  5460.079    19.085    16.426
  5460.179    19.189    16.426
  5460.280    19.241    16.426
  5460.380    19.241    16.426
  5460.480    19.293    16.426
  5460.582    19.345    16.426
  5466.719    19.345    16.426
  5466.820    19.345    16.373
  5466.920    19.345    16.373
  5467.021    19.345    16.321
  5467.122    19.345    16.321
  5467.221    19.397    16.268
  5467.322    19.553    16.268
  5467.423    19.658    16.268
  5467.926    19.658    16.268
  5468.027    19.553    16.268
  5468.631    19.553    16.268
  5468.732    19.553    16.321
  5471.046    19.553    16.321
  5471.147    19.658    16.321
  5474.870    19.658    16.321
  5474.969    19.762    16.321
  5478.007    19.762    16.321
  5478.108    19.813    16.321
  5478.209    19.865    16.373
  5478.308    19.865    16.426
  5478.409    19.865    16.478
  5478.510    19.917    16.478
  5478.611    19.969    16.530
  5478.712    20.021    16.530
  5483.844    20.021    16.530
  5483.945    20.073    16.530
  5484.045    20.126    16.530
  5485.050    20.126    16.530
  5485.151    20.178    16.530
  5485.555    20.178    16.530
  5485.656    20.230    16.583
  5485.755    20.334    16.583
  5486.259    20.334    16.583
  5486.360    20.282    16.583
  5486.460    20.282    16.688
  5486.561    20.282    16.688
  5486.662    20.282    16.740
  5486.863    20.282    16.740
  5486.962    20.282    16.793
  5487.063    20.230    16.793
  5493.602    20.230    16.793
  5493.703    20.282    16.793
  5493.803    20.282    16.845
  5493.904    20.282    16.898
  5494.507    20.282    16.898
  5494.607    20.334    16.950
  5495.917    20.334    16.950
  5496.017    20.438    17.108
  5496.118    20.542    17.108
  5496.218    20.594    17.160
  5496.320    20.646    17.160
  5510.805    20.646    17.160
  5510.907    20.646    17.108
  5511.007    20.646    17.108
  5511.108    20.594    17.108
  5536.461    20.594    17.108
  5536.561    20.386    16.950
  5542.999    20.386    16.950
  5543.099    20.126    16.950
  5543.200    19.969    16.950
  5543.301    19.865    16.950
  5543.402    19.813    16.950
  5543.502    19.658    16.950
  5543.603    19.553    16.898
  5543.704    19.501    16.898
  5551.551    19.501    16.898
  5551.652    19.501    16.845
  5551.753    19.553    16.845
  5551.852    19.710    16.793
  5551.953    19.762    16.793
  5562.316    19.762    16.793
  5562.417    19.553    17.055
  5562.619    19.553    17.055
  5562.718    19.553    17.108
  5562.819    19.501    17.160
  5562.920    19.397    17.160
  5563.020    19.345    17.160
  5563.121    19.137    17.160
  5563.221    18.981    17.108
  5563.423    18.981    17.108
  5563.523    18.981    17.212
  5563.624    18.981    17.265
  5563.724    18.981    17.370
  5563.826    19.085    17.423
  5563.925    19.189    17.423
  5564.026    19.241    17.423
  5564.330    19.241    17.423
  5564.430    19.189    17.423
  5564.531    19.189    17.475
  5564.631    19.189    17.475
  5564.731    19.137    17.475
  5564.832    19.033    17.475
  5565.234    19.033    17.475
  5565.336    19.033    17.423
  5565.737    19.033    17.423
  5565.837    18.929    17.423
  5566.341    18.929    17.423
  5566.442    18.929    17.527
  5566.543    18.981    17.737
  5566.743    18.981    17.737
  5566.868    19.085    17.737
  5566.944    19.085    17.737
  5567.045    19.137    17.790
  5567.246    19.137    17.790
  5567.346    19.137    17.842
  5567.447    19.137    17.895
  5567.547    19.137    17.947
  5567.648    19.137    18.210
  5567.749    19.137    18.314
  5567.849    19.137    18.419
  5567.950    19.137    18.577
  5568.050    19.137    18.786
  5568.453    19.137    18.786
  5568.553    19.033    18.839
  5568.654    18.877    18.996
  5568.754    18.825    19.049
  5569.461    18.825    19.049
  5569.562    18.721    19.049
  5569.662    18.721    19.049
  5569.762    18.721    18.996
  5569.863    18.721    18.944
  5569.963    18.721    18.891
  5570.065    18.721    18.786
  5570.668    18.721    18.786
  5570.768    18.721    18.734
  5574.794    18.721    18.734
  5574.894    18.564    18.629
  5574.995    18.564    18.629
