    10.352    31.104     6.143
  1339.033    31.104     6.143
  1339.134    31.052     6.143
  1339.436    31.052     6.143
  1339.536    31.000     6.248
  1339.636    31.000     6.300
  1356.043    31.000     6.300
  1356.144    30.948     6.300
  1371.216    30.948     6.300
  1371.317    30.896     6.300
  1371.820    30.896     6.300
  1371.921    30.792     6.300
  1372.222    30.792     6.300
  1372.323    30.740     6.300
  1372.423    30.688     6.300
  1372.724    30.688     6.300
  1372.826    30.636     6.300
  1372.926    30.636     6.300
  1373.026    30.636     6.248
  1373.731    30.636     6.248
  1373.832    30.584     6.248
  1374.436    30.584     6.248
  1374.538    30.532     6.248
  1388.834    30.532     6.248
  1388.935    30.480     6.248
  1389.035    30.480     6.248
  1389.136    30.427     6.248
  1391.953    30.427     6.248
  1392.054    30.427     6.195
  1392.155    30.427     6.195
  1392.254    30.375     6.195
  1397.788    30.375     6.195
  1397.888    30.375     6.090
  1448.512    30.375     6.090
  1448.613    30.480     6.090
  1450.927    30.480     6.090
  1451.027    30.480     5.986
  1454.450    30.480     5.986
  1454.550    30.480     5.933
  1454.650    30.427     5.933
  1890.596    30.427     5.933
  1890.698    30.375     5.933
  1890.797    30.323     5.933
  1890.899    30.323     5.933
  1890.998    30.323     5.881
  1892.105    30.323     5.881
  1892.205    30.271     5.881
  1892.306    30.220     5.881
  1897.551    30.220     5.881
  1897.653    30.168     5.828
  1897.753    30.116     5.775
  1897.854    30.064     5.775
  1897.954    29.959     5.775
  1898.054    29.959     5.775
  1898.155    29.907     5.775
  1898.457    29.907     5.775
  1898.558    29.855     5.775
  1898.759    29.855     5.775
  1898.860    29.855     5.671
  1923.309    29.855     5.671
  1923.411    29.855     5.566
  1923.511    29.803     5.513
  1923.612    29.751     5.461
  1923.712    29.647     5.408
  1923.814    29.595     5.251
  1923.914    29.543     5.251
  1924.517    29.543     5.251
  1924.618    29.543     5.199
  2048.074    29.543     5.199
  2048.174    29.439     5.199
  2048.275    29.387     5.199
  2137.421    29.387     5.199
  2137.522    29.335     5.199
  2137.824    29.335     5.199
  2137.924    29.283     5.199
  2138.327    29.283     5.199
  2138.428    29.231     5.199
  2188.233    29.231     5.199
  2188.333    29.179     5.199
  2211.370    29.179     5.199
  2211.471    29.127     5.199
  2211.672    29.127     5.199
  2211.773    29.075     5.199
  2211.873    29.023     5.199
  2211.973    28.867     5.199
  2216.805    28.867     5.199
  2216.905    28.815     5.146
  2217.005    28.711     5.094
  2217.206    28.711     5.094
  2217.308    28.711     4.988
  2217.408    28.711     4.988
  2217.509    28.815     4.988
  2217.610    28.971     4.988
  2217.811    28.971     4.988
  2217.911    28.971     4.936
  2218.011    28.971     4.884
  2218.112    28.971     4.779
  2218.213    29.023     4.779
  2218.313    29.075     4.674
  2218.616    29.075     4.674
  2218.716    29.075     4.779
  2218.817    29.075     4.831
  2231.897    29.075     4.831
  2231.996    29.075     4.884
  2232.097    29.075     4.884
  2232.198    29.075     4.936
  2232.299    29.075     4.936
  2232.400    29.023     4.988
  2232.500    28.971     5.041
  2237.630    28.971     5.041
  2237.732    28.919     5.094
  2237.832    28.815     5.146
  2237.933    28.815     5.303
  2238.436    28.815     5.303
  2238.537    28.763     5.303
  2258.660    28.763     5.303
  2258.762    28.555     5.303
  2259.066    28.555     5.303
  2259.165    28.503     5.303
  2259.266    28.346     5.303
  2259.367    28.242     5.303
  2259.467    28.242     5.303
  2259.568    28.190     5.303
  2259.668    28.138     5.303
  2259.769    28.034     5.251
  2259.869    27.982     5.199
  2259.969    27.930     5.094
  2260.071    27.878     5.094
  2262.889    27.878     5.094
  2262.989    27.878     5.041
  2263.089    27.878     5.041
  2263.190    27.878     4.988
  2263.290    27.878     4.936
  2263.694    27.878     4.936
  2263.794    27.930     4.936
  2263.896    27.982     4.936
  2263.996    28.034     4.936
  2264.096    28.086     4.936
  2266.612    28.086     4.936
  2266.713    28.086     4.884
  2266.814    28.086     4.884
  2266.914    28.242     4.884
  2267.015    28.346     4.831
  2267.116    28.398     4.779
  2267.214    28.450     4.779
  2267.316    28.450     4.779
  2267.416    28.503     4.779
  2267.518    28.555     4.779
  2267.617    28.607     4.779
  2267.719    28.659     4.779
  2268.221    28.659     4.779
  2268.323    28.711     4.779
  2268.422    28.711     4.831
  2268.624    28.711     4.831
  2268.725    28.711     4.884
  2270.233    28.711     4.884
  2270.333    28.815     5.041
  2270.434    28.815     5.041
  2270.534    28.867     5.094
  2274.962    28.867     5.094
  2275.063    28.711     5.094
  2275.186    28.607     5.094
  2281.200    28.607     5.094
  2281.300    28.503     5.199
  2281.401    28.450     5.251
  2281.702    28.450     5.251
  2281.803    28.294     5.303
  2289.048    28.294     5.303
  2289.151    28.138     5.461
  2289.251    28.086     5.461
  2289.352    28.086     5.461
  2289.452    27.878     5.461
  2289.553    27.878     5.461
  2289.654    27.774     5.513
  2290.659    27.774     5.513
  2290.760    27.514     5.723
  2290.861    27.306     5.881
  2291.464    27.306     5.881
  2291.565    27.306     5.933
  2291.665    27.358     5.986
  2291.868    27.358     5.986
  2291.969    27.410     6.038
  2292.270    27.410     6.038
  2292.370    27.410     6.090
  2292.471    27.410     6.143
  2292.572    27.410     6.248
  2292.672    27.410     6.405
  2292.772    27.410     6.510
  2292.873    27.410     6.668
  2292.974    27.410     6.720
  2297.601    27.410     6.720
  2297.701    27.410     6.772
  2297.802    27.410     7.087
  2306.354    27.410     7.087
  2306.454    27.462     7.087
  2306.555    27.462     7.087
  2306.657    27.462     7.034
  2306.757    27.462     6.982
  2306.857    27.462     6.930
  2307.864    27.462     6.930
  2307.965    27.462     6.877
  2308.066    27.462     6.720
  2308.165    27.462     6.720
  2308.266    27.566     6.720
  2308.366    27.670     6.720
  2312.090    27.670     6.720
  2312.190    27.826     6.720
  2312.290    27.878     6.720
  2314.806    27.878     6.720
  2314.907    27.930     6.720
  2315.008    27.982     6.668
  2320.743    27.982     6.668
  2320.843    27.982     6.615
  2320.945    27.982     6.562
  2324.264    27.982     6.562
  2324.365    27.982     6.510
  2324.465    27.982     6.458
  2324.566    27.982     6.458
  2324.666    27.982     6.405
  2326.176    27.982     6.405
  2326.277    27.982     6.353
  2326.578    27.982     6.353
  2326.680    27.982     6.300
  2326.781    27.982     6.300
  2326.881    27.982     6.248
  2326.981    27.982     6.195
  2337.746    27.982     6.195
  2337.847    27.982     6.143
  2337.948    28.086     6.038
  2348.005    28.086     6.038
  2348.107    27.930     6.038
  2348.207    27.826     6.038
  2348.509    27.826     6.038
  2348.610    27.826     5.933
  2348.710    27.826     5.881
  2348.812    27.826     5.881
  2348.912    27.878     5.775
  2352.936    27.878     5.775
  2353.037    27.982     5.775
  2353.136    28.086     5.775
  2362.093    28.086     5.775
  2362.195    28.242     5.618
  2362.295    28.294     5.566
  2362.395    28.398     5.461
  2368.634    28.398     5.461
  2368.735    28.398     5.408
  2372.458    28.398     5.408
  2372.559    28.294     5.408
  2372.659    28.242     5.408
  2373.363    28.242     5.408
  2373.464    28.190     5.356
  2373.565    28.138     5.251
  2377.191    28.138     5.251
  2377.292    28.086     5.251
  2378.498    28.086     5.251
  2378.599    28.034     5.251
  2378.700    27.982     5.199
  2382.925    27.982     5.199
  2383.027    27.982     5.251
  2383.126    27.982     5.303
  2383.227    28.034     5.356
  2383.328    28.086     5.356
  2383.428    28.086     5.356
  2383.530    28.138     5.408
  2384.132    28.138     5.408
  2384.234    28.294     5.618
  2390.471    28.294     5.618
  2390.572    28.294     5.513
  2390.672    28.294     5.408
  2390.773    28.294     5.303
  2390.874    28.346     5.199
  2390.975    28.555     5.199
  2391.075    28.711     5.146
  2391.176    28.763     5.094
  2391.276    28.867     5.041
  2391.376    28.867     5.041
  2391.478    28.919     5.041
  2391.578    29.179     5.041
  2391.679    29.387     4.988
  2392.786    29.387     4.988
  2392.886    29.491     4.988
  2392.987    29.699     5.041
  2394.094    29.699     5.041
  2394.194    29.803     5.146
  2394.294    30.064     5.146
  2394.597    30.064     5.146
  2394.698    30.116     5.199
  2394.797    30.168     5.199
  2394.898    30.220     5.199
  2394.998    30.271     5.251
  2395.100    30.532     5.251
  2395.199    30.584     5.251
  2395.401    30.584     5.251
  2395.501    30.427     5.251
  2395.804    30.427     5.251
  2395.905    30.427     5.303
  2398.319    30.427     5.303
  2398.419    30.480     5.408
  2398.521    30.688     5.513
  2398.620    30.844     5.513
  2398.721    30.948     5.513
  2398.822    30.948     5.513
  2398.922    31.000     5.513
  2399.024    31.000     5.513
  2399.123    31.000     5.461
  2399.425    31.000     5.461
  2399.526    31.208     5.461
  2399.828    31.208     5.461
  2399.929    31.260     5.356
  2400.030    31.260     5.303
  2400.131    31.260     5.199
  2400.231    31.260     5.146
  2400.331    31.260     5.094
  2400.432    31.260     5.094
  2400.532    31.364     5.041
  2400.734    31.364     5.041
  2400.835    31.832     4.936
  2400.936    31.884     4.936
  2401.941    31.884     4.936
  2402.042    32.041     4.884
  2402.143    32.041     4.884
  2402.241    32.197     4.884
  2402.343    32.301     4.831
  2402.444    32.405     4.726
  2402.544    32.457     4.674
  2402.949    32.457     4.674
  2403.048    32.457     4.621
  2403.149    32.457     4.516
  2403.249    32.457     4.464
  2405.261    32.457     4.464
  2405.362    32.561     4.464
  2405.462    32.613     4.464
  2406.268    32.613     4.464
  2406.368    32.873     4.464
  2406.469    32.925     4.464
  2412.203    32.925     4.464
  2412.304    32.925     4.516
  2412.405    32.925     4.569
  2412.505    32.925     4.621
  2412.907    32.925     4.621
  2413.009    32.925     4.674
  2413.311    32.925     4.674
  2413.411    32.925     4.779
  2413.512    32.925     4.831
  2414.015    32.925     4.831
  2414.116    32.925     4.884
  2414.216    32.925     4.884
  2414.317    32.873     4.988
  2414.417    32.873     4.988
  2414.518    32.873     5.041
  2414.618    32.873     5.146
  2418.341    32.873     5.146
  2418.442    32.613     5.199
  2418.542    32.613     5.199
  2418.644    32.509     5.199
  2418.744    32.509     5.199
  2418.846    32.405     5.251
  2418.946    32.353     5.251
  2420.767    32.353     5.251
  2420.867    32.353     5.303
  2420.968    32.353     5.408
  2421.370    32.353     5.408
  2421.471    32.353     5.461
  2422.276    32.353     5.461
  2422.376    32.561     5.566
  2422.478    32.717     5.723
  2422.578    32.821     5.828
  2423.281    32.821     5.828
  2423.383    32.665     5.881
  2423.987    32.665     5.881
  2424.087    32.665     5.986
  2424.188    32.665     6.090
  2424.390    32.665     6.090
  2424.490    32.665     6.143
  2425.798    32.665     6.143
  2425.899    32.665     6.248
  2425.999    32.665     6.353
  2426.100    32.665     6.458
  2426.201    32.665     6.458
  2426.300    32.665     6.510
  2427.007    32.665     6.510
  2427.108    32.665     6.562
  2427.208    32.665     6.668
  2427.308    32.665     6.825
  2427.409    32.613     6.982
  2427.510    32.405     7.297
  2427.611    32.249     7.454
  2427.711    32.197     7.717
  2427.812    32.197     7.874
  2427.912    32.197     7.927
  2428.013    32.197     7.927
  2428.114    32.093     8.032
  2428.214    32.041     8.136
  2428.314    32.041     8.241
  2428.414    32.041     8.346
  2428.515    31.989     8.346
  2428.616    31.989     8.451
  2428.717    31.937     8.556
  2429.020    31.937     8.556
  2429.119    31.780     8.714
  2429.321    31.780     8.714
  2429.421    31.728     8.766
  2429.522    31.624     8.766
  2429.622    31.416     8.818
  2432.642    31.416     8.818
  2432.742    31.416     8.976
  2432.843    31.416     9.081
  2432.945    31.416     9.238
  2433.043    31.416     9.343
  2433.145    31.416     9.501
  2433.245    31.416     9.501
  2433.345    31.469     9.710
  2433.447    31.469     9.815
  2433.547    31.469     9.815
  2433.648    31.469     9.920
  2433.748    31.520    10.077
  2433.849    31.520    10.182
  2433.949    31.572    10.288
  2434.050    31.572    10.497
  2434.151    31.572    10.602
  2434.251    31.572    10.707
  2434.351    31.572    10.864
  2434.453    31.624    11.022
  2434.554    31.676    11.232
  2434.654    31.728    11.337
  2434.755    31.728    11.442
  2434.856    31.780    11.651
  2434.956    31.780    11.704
  2435.057    31.780    11.861
  2435.156    31.780    11.966
  2435.257    31.780    12.176
  2435.359    31.780    12.281
  2435.458    31.780    12.334
  2435.560    31.780    12.334
  2435.660    31.780    12.386
  2435.761    31.780    12.543
  2435.862    31.728    12.753
  2435.962    31.624    12.910
  2436.062    31.469    13.173
  2436.163    31.364    13.278
  2436.264    31.364    13.435
  2436.767    31.364    13.435
  2436.867    31.364    13.593
  2436.969    31.364    13.645
  2437.070    31.364    13.960
  2437.169    31.312    14.222
  2437.271    31.260    14.275
  2437.371    31.208    14.537
  2437.472    31.052    14.694
  2438.074    31.052    14.694
  2438.175    30.792    14.694
  2438.276    30.792    14.694
  2438.377    30.584    14.747
  2438.478    30.480    14.799
  2438.578    30.220    14.904
  2438.679    30.116    14.956
  2438.780    29.907    15.062
  2438.881    29.699    15.219
  2438.980    29.647    15.271
  2439.887    29.647    15.271
  2439.987    29.595    15.324
  2440.289    29.595    15.324
  2440.389    29.491    15.534
  2440.489    29.439    15.639
  2440.591    29.439    15.796
  2440.692    29.439    15.901
  2440.792    29.439    16.058
  2440.893    29.231    16.426
  2440.993    29.075    16.583
  2441.093    29.075    16.636
  2444.111    29.075    16.636
  2444.212    29.023    16.845
  2444.313    29.023    16.898
  2447.332    29.023    16.898
  2447.433    28.971    16.898
  2447.534    28.971    16.898
  2447.635    28.919    17.108
  2447.736    28.867    17.212
  2449.849    28.867    17.212
  2449.949    28.815    17.265
  2450.050    28.763    17.317
  2450.152    28.763    17.317
  2450.250    28.711    17.317
  2450.351    28.711    17.370
  2450.552    28.711    17.370
  2450.654    28.607    17.370
  2450.753    28.607    17.370
  2450.855    28.555    17.423
  2450.955    28.555    17.527
  2451.056    28.555    17.580
  2454.289    28.555    17.580
  2454.390    28.503    17.685
  2454.894    28.503    17.685
  2454.994    28.450    17.685
  2455.094    28.450    17.790
  2455.196    28.398    17.790
  2466.561    28.398    17.790
  2466.662    28.346    17.790
  2466.762    28.294    17.790
  2466.863    28.190    17.895
  2466.964    28.086    17.999
  2467.064    28.034    18.104
  2467.164    27.982    18.104
  2468.776    27.982    18.104
  2468.875    28.034    17.842
  2468.976    28.034    17.790
  2469.278    28.034    17.790
  2469.378    28.034    17.737
  2469.479    27.982    17.685
  2469.579    27.982    17.685
  2469.680    27.982    17.632
  2469.781    27.930    17.580
  2469.881    27.826    17.580
  2469.982    27.774    17.527
  2470.082    27.721    17.475
  2470.182    27.670    17.423
  2470.283    27.618    17.423
  2470.384    27.566    17.370
  2470.485    27.410    17.370
  2470.585    27.358    17.370
  2470.686    27.306    17.370
  2470.787    27.306    17.212
  2470.887    27.306    17.055
  2471.189    27.306    17.055
  2471.290    27.254    16.950
  2471.391    27.254    16.950
  2471.492    27.150    16.845
  2471.592    27.097    16.845
  2471.694    27.046    16.793
  2471.794    26.993    16.740
  2472.397    26.993    16.740
  2472.497    26.941    16.688
  2472.598    26.734    16.583
  2477.831    26.734    16.583
  2477.932    26.734    16.636
  2485.475    26.734    16.636
  2485.576    26.578    16.636
  2485.778    26.578    16.636
  2485.878    26.578    16.583
  2485.980    26.578    16.478
  2486.079    26.578    16.321
  2486.179    26.578    16.216
  2486.281    26.578    16.216
  2486.381    26.526    16.216
  2486.481    26.473    16.216
  2486.582    26.473    16.216
  2486.683    26.421    16.216
  2486.783    26.317    16.163
  2486.884    26.265    16.111
  2486.985    26.213    16.111
  2487.086    26.213    16.111
  2487.187    26.161    16.111
  2487.287    26.109    16.111
  2487.388    26.109    16.058
  2487.489    26.005    15.953
  2487.589    25.953    15.849
  2487.691    25.901    15.796
  2487.791    25.901    15.744
  2487.891    25.797    15.691
  2487.990    25.745    15.691
  2488.092    25.641    15.691
  2488.193    25.589    15.691
  2488.293    25.537    15.691
  2488.394    25.329    15.691
  2488.494    25.277    15.691
  2488.595    25.225    15.691
  2488.696    25.069    15.639
  2488.796    24.704    15.376
  2488.897    24.548    15.271
  2489.601    24.548    15.271
  2489.701    24.392    15.271
  2489.903    24.392    15.271
  2490.002    24.340    15.271
  2490.104    24.288    15.271
  2490.204    24.184    15.271
  2490.305    24.080    15.271
  2490.406    23.924    15.271
  2490.506    23.716    15.271
  2490.607    23.559    15.271
  2490.707    23.403    15.219
  2490.809    23.248    15.114
  2490.909    23.196    15.062
  2491.009    23.144    14.956
  2491.110    23.144    14.904
  2492.318    23.144    14.904
  2492.418    23.039    14.904
  2492.519    22.935    14.904
  2492.619    22.779    14.904
  2492.720    22.675    14.904
  2492.821    22.415    14.904
  2492.921    22.311    14.904
  2493.023    22.207    14.904
  2493.122    22.155    14.904
  2493.323    22.155    14.904
  2493.424    21.998    14.904
  2493.525    21.791    14.904
  2493.625    21.635    14.799
  2493.726    21.530    14.747
  2499.864    21.530    14.747
  2499.965    21.426    14.747
  2500.065    21.322    14.747
  2500.167    21.270    14.747
  2500.268    21.218    14.747
  2500.367    21.218    14.747
  2500.468    21.114    14.747
  2500.971    21.114    14.747
  2501.072    21.010    14.747
  2501.172    20.958    14.747
  2501.273    20.906    14.747
  2501.372    20.802    14.642
  2501.474    20.646    14.589
  2501.574    20.594    14.589
  2501.876    20.594    14.589
  2501.977    20.490    14.589
  2502.077    20.438    14.589
  2503.284    20.438    14.589
  2503.385    20.230    14.484
  2504.693    20.230    14.484
  2504.793    20.073    14.484
  2505.296    20.073    14.484
  2505.398    20.021    14.432
  2508.414    20.021    14.432
  2508.516    19.917    14.380
  2508.616    19.865    14.380
  2508.918    19.865    14.380
  2509.019    19.710    14.380
  2509.119    19.605    14.380
  2509.220    19.553    14.380
  2509.321    19.553    14.380
  2509.421    19.397    14.484
  2509.521    19.189    14.642
  2509.621    19.137    14.642
  2509.723    19.085    14.694
  2509.824    19.085    14.694
  2509.923    18.981    14.747
  2510.024    18.877    14.747
  2510.125    18.721    14.799
  2510.225    18.669    14.799
  2510.426    18.669    14.799
  2510.528    18.409    14.852
  2510.628    18.148    15.062
  2510.729    17.940    15.219
  2510.830    17.836    15.271
  2510.931    17.628    15.429
  2511.031    17.472    15.534
  2511.131    17.420    15.586
  2511.332    17.420    15.586
  2511.433    17.368    15.586
  2511.533    17.264    15.586
  2511.634    17.264    15.586
  2511.735    17.160    15.586
  2511.835    17.004    15.586
  2511.936    16.744    15.744
  2512.035    16.587    15.901
  2512.137    16.431    16.006
  2512.238    16.379    16.058
  2513.545    16.379    16.058
  2513.647    15.963    16.058
  2513.747    15.859    16.058
  2514.049    15.859    16.058
  2514.150    15.755    16.058
  2514.249    15.391    16.058
  2514.350    15.339    16.111
  2514.450    15.182    16.111
  2514.551    14.975    16.163
  2514.653    14.715    16.163
  2514.753    14.402    16.321
  2514.854    14.298    16.426
  2515.156    14.298    16.426
  2515.256    14.090    16.426
  2515.357    13.934    16.426
  2515.457    13.726    16.426
  2515.557    13.622    16.426
  2515.657    13.518    16.426
  2515.759    13.466    16.426
  2515.860    13.258    16.373
  2515.960    13.205    16.321
  2516.060    13.101    16.163
  2516.161    13.049    16.111
  2516.261    12.945    16.058
  2516.362    12.841    15.953
  2516.462    12.738    15.901
  2516.564    12.633    15.901
  2516.664    12.529    15.901
  2516.765    12.269    15.901
  2516.865    12.009    15.901
  2516.966    11.853    15.849
  2517.067    11.801    15.744
  2517.190    11.696    15.429
  2517.268    11.644    15.324
  2517.367    11.489    15.166
  2517.469    11.333    15.114
  2517.569    11.333    15.114
  2517.669    11.228    15.114
  2517.771    11.176    15.114
  2517.871    11.020    15.114
  2517.973    10.812    15.114
  2518.073    10.604    15.062
  2518.172    10.552    15.062
  2518.273    10.552    15.062
  2518.374    10.344    14.904
  2518.474    10.188    14.852
  2518.574     9.980    14.852
  2518.675     9.876    14.799
  2518.777     9.719    14.799
  2518.877     9.563    14.694
  2518.978     9.459    14.642
  2519.078     9.303    14.589
  2519.179     9.199    14.589
  2519.280     9.095    14.589
  2519.380     8.887    14.589
  2519.481     8.783    14.589
  2519.580     8.627    14.589
  2519.681     8.627    14.589
  2519.782     8.315    14.642
  2519.882     8.106    14.642
  2519.983     7.951    14.642
  2520.084     7.847    14.642
  2520.184     7.794    14.642
  2520.284     7.638    14.642
  2520.385     7.586    14.642
  2520.788     7.586    14.642
  2520.889     7.430    14.484
  2520.989     7.118    14.484
  2521.091     6.858    14.380
  2521.192     6.650    14.380
  2521.291     6.546    14.275
  2521.393     6.442    14.117
  2521.493     6.390    13.907
  2521.594     6.390    13.750
  2521.695     6.337    13.593
  2521.795     6.285    13.488
  2521.896     6.233    13.435
  2521.996     6.077    13.383
  2522.097     5.869    13.278
  2522.197     5.765    13.225
  2522.298     5.765    13.173
  2522.398     5.713    12.910
  2522.700     5.713    12.910
  2522.801     5.609    12.806
  2522.902     5.557    12.806
  2523.001     5.505    12.806
  2523.102     5.453    12.806
  2523.504     5.453    12.806
  2523.605     5.401    12.753
  2523.705     5.401    12.753
  2523.807     5.349    12.543
  2523.907     5.349    12.491
  2525.316     5.349    12.491
  2525.416     5.193    12.491
  2525.517     4.881    12.491
  2525.616     4.881    12.491
  2525.718     4.724    12.491
  2525.819     4.724    12.491
  2525.919     4.620    12.491
  2526.020     4.465    12.596
  2526.120     4.256    12.701
  2526.221     4.048    12.701
  2526.322     3.840    12.701
  2526.421     3.788    12.701
  2526.523     3.632    12.858
  2526.623     3.371    12.910
  2526.725     3.216    13.016
  2526.825     3.112    13.121
  2526.926     2.904    13.173
  2527.026     2.799    13.225
  2527.126     2.747    13.225
  2527.227     2.747    13.225
  2527.327     2.695    13.330
  2527.429     2.539    13.488
  2528.965     2.539    13.488
  2529.066     2.487    13.435
  2529.166     2.487    13.383
  2529.267     2.331    13.225
  2529.368     2.279    13.173
  2529.468     2.279    13.068
  2529.570     2.279    13.016
  2530.373     2.279    13.016
  2530.475     2.227    12.963
  2530.575     2.227    12.963
  2530.676     2.175    12.858
  2530.776     2.175    12.806
  2532.185     2.175    12.806
  2532.285     2.175    12.701
  2541.843     2.175    12.701
  2541.943     2.175    12.438
  2542.044     2.175    12.386
  2542.144     2.123    12.334
  2542.244     2.123    12.176
  2542.345     2.123    12.071
  2542.447     2.123    12.019
  2552.406     2.123    12.019
  2552.508     2.123    11.756
  2552.609     2.123    11.704
  2562.280     2.123    11.704
  2562.381     1.967    11.651
  2562.482     1.811    11.651
  2562.582     1.759    11.651
  2562.683     1.707    11.651
  2566.707     1.707    11.651
  2566.808     1.603    11.599
  2566.908     1.499    11.547
  2567.109     1.499    11.547
  2567.209     1.447    11.547
  2568.114     1.447    11.547
  2568.215     1.342    11.442
  2568.719     1.342    11.442
  2568.819     1.342    11.389
  2570.128     1.342    11.389
  2570.228     1.342    11.337
  2570.932     1.342    11.337
  2571.032     1.447    11.337
  2571.133     1.499    11.337
  2581.195     1.499    11.337
  2581.295     1.447    11.337
  2581.396     1.447    11.337
  2581.497     1.342    11.337
  2581.599     1.290    11.232
  2581.699     1.238    11.232
  2581.800     1.238    11.179
  2587.030     1.238    11.179
  2587.131     1.238    11.442
  2587.233     1.238    11.494
  2587.332     1.238    11.494
  2587.434     1.290    11.547
  2587.534     1.342    11.547
  2587.635     1.394    11.651
  2587.736     1.447    11.756
  2587.835     1.499    11.756
  2587.936     1.551    11.861
  2588.036     1.603    11.914
  2588.138     1.655    12.123
  2588.238     1.655    12.334
  2588.339     1.655    12.438
  2588.440     1.707    12.543
  2588.540     1.707    12.543
  2588.641     1.759    12.596
  2588.741     1.863    12.596
  2588.841     1.967    12.596
  2591.457     1.967    12.596
  2591.559     1.915    12.596
  2593.470     1.915    12.596
  2593.570     1.915    12.491
  2593.672     1.811    12.438
  2601.116     1.811    12.438
  2601.218     1.811    12.386
  2601.319     1.759    12.334
  2601.419     1.759    12.334
  2601.519     1.759    12.281
  2601.820     1.759    12.281
  2601.921     1.707    12.229
  2602.022     1.655    12.123
  2602.123     1.603    12.071
  2602.223     1.603    12.019
  2614.598     1.603    12.019
  2614.699     1.499    11.914
  2614.799     1.499    11.809
  2615.001     1.499    11.809
  2615.101     1.447    11.809
  2615.201     1.342    11.809
  2615.302     1.238    11.704
  2615.403     1.186    11.704
  2615.504     1.134    11.599
  2615.606     1.134    11.494
  2615.706     1.134    11.337
  2615.807     1.134    11.284
  2615.907     1.134    11.179
  2616.007     1.134    11.127
  2616.108     1.134    11.022
  2616.208     1.134    10.917
  2616.309     1.134    10.707
  2616.409     1.134    10.655
  2616.511     1.134    10.655
  2616.612     1.134    10.602
  2616.711     1.134    10.445
  2616.813     1.134    10.392
  2616.913     1.134    10.340
  2617.014     1.134    10.288
  2617.113     1.186    10.235
  2618.623     1.186    10.235
  2618.725     1.186    10.130
  2618.825     1.186    10.025
  2618.926     1.186     9.973
  2619.027     1.186     9.973
  2619.126     1.238     9.920
  2619.227     1.447     9.815
  2619.327     1.603     9.658
  2619.428     1.655     9.658
  2620.937     1.655     9.658
  2621.037     1.863     9.658
  2621.138     1.915     9.658
  2624.572     1.915     9.658
  2624.673     1.915     9.553
  2624.774     1.915     9.553
  2624.874     1.915     9.448
  2624.975     1.915     9.395
  2625.076     1.915     9.291
  2625.176     1.915     9.133
  2625.277     1.915     9.028
  2625.377     1.915     8.923
  2625.478     1.915     8.818
  2628.898     1.915     8.818
  2629.000     1.915     8.766
  2629.100     1.863     8.714
  2636.345     1.863     8.714
  2636.446     1.915     8.714
  2636.546     1.967     8.714
  2636.747     1.967     8.714
  2636.848     2.279     8.714
  2647.111     2.279     8.714
  2647.210     2.071     8.661
  2647.312     2.019     8.661
  2647.411     2.019     8.661
  2647.513     1.967     8.661
  2647.613     1.967     8.661
  2647.715     1.915     8.661
  2648.318     1.915     8.661
  2648.418     1.811     8.714
  2648.519     1.707     8.871
  2648.619     1.707     8.923
  2648.820     1.707     8.923
  2648.921     1.707     8.976
  2649.021     1.707     9.081
  2650.934     1.707     9.081
  2651.033     1.655     9.133
  2653.148     1.655     9.133
  2653.247     1.603     9.186
  2653.348     1.551     9.343
  2655.563     1.551     9.343
  2655.664     1.499     9.395
  2655.764     1.447     9.395
  2655.864     1.394     9.501
  2657.070     1.394     9.501
  2657.171     1.394     9.553
  2657.272     1.394     9.605
  2678.603     1.394     9.605
  2678.702     1.394     9.448
  2678.804     1.394     9.343
  2678.903     1.394     9.291
  2679.004     1.394     9.238
  2679.105     1.394     9.186
  2679.205     1.394     9.133
  2691.379     1.394     9.133
  2691.480     1.394     9.291
  2691.580     1.394     9.343
  2691.682     1.394     9.343
  2691.782     1.447     9.395
  2691.883     1.447     9.395
  2691.984     1.499     9.448
  2696.107     1.499     9.448
  2696.207     1.499     9.553
  2697.012     1.499     9.553
  2697.112     1.603     9.605
  2697.213     1.603     9.658
  2698.219     1.603     9.658
  2698.319     1.707     9.710
  2698.420     1.759     9.763
  2702.144     1.759     9.763
  2702.244     1.811     9.868
  2702.345     1.863     9.920
  2702.445     1.863     9.920
  2702.547     1.967     9.920
  2702.647     2.071     9.920
  2702.747     2.071     9.920
  2702.849     2.123     9.920
  2702.949     2.175     9.920
  2705.664     2.175     9.920
  2705.765     2.175    10.025
  2708.984     2.175    10.025
  2709.084     2.123     9.973
  2709.186     2.071     9.920
  2709.286     1.967     9.920
  2709.387     1.863     9.815
  2709.487     1.811     9.710
  2709.588     1.759     9.605
  2709.689     1.759     9.553
  2709.789     1.759     9.553
  2709.889     1.707     9.501
  2726.995     1.707     9.501
  2727.096     1.655     9.658
  2727.196     1.655     9.763
  2733.135     1.655     9.763
  2733.235     1.655     9.815
  2734.744     1.655     9.815
  2734.845     1.707     9.815
  2748.828     1.707     9.815
  2748.930     1.707     9.973
  2749.029     1.655     9.868
  2750.136     1.655     9.868
  2750.236     1.655     9.920
  2750.337     1.655     9.973
  2774.284     1.655     9.973
  2774.385     1.655    10.077
  2787.361     1.655    10.077
  2787.462     1.603    10.235
  2787.564     1.603    10.288
  2787.865     1.603    10.288
  2787.966     1.603    10.340
  2788.067     1.603    10.392
  2796.016     1.603    10.392
  2796.115     1.707    10.288
  2796.216     1.707    10.077
  2796.318     1.707     9.973
  2796.519     1.707     9.973
  2796.619     1.707     9.815
  2796.720     1.707     9.815
  2796.820     1.707     9.658
  2796.920     1.707     9.605
  2797.022     1.707     9.605
  2797.122     1.707     9.553
  2797.222     1.707     9.501
  2797.424     1.707     9.501
  2797.525     1.707     9.395
  2797.625     1.759     9.343
  2797.726     1.759     9.291
  2798.229     1.759     9.291
  2798.330     1.863     9.291
  2799.336     1.863     9.291
  2799.437     1.863     9.238
  2802.355     1.863     9.238
  2802.455     1.863     9.395
  2802.556     1.863     9.605
  2802.858     1.863     9.605
  2802.959     1.863     9.658
  2803.059     1.863     9.658
  2803.161     1.863     9.710
  2803.765     1.863     9.710
  2803.865     1.863     9.815
  2806.079     1.863     9.815
  2806.179     1.811     9.815
  2806.279     1.811     9.710
  2806.380     1.759     9.605
  2806.481     1.707     9.553
  2806.582     1.707     9.501
  2806.884     1.707     9.501
  2806.985     1.655     9.448
  2808.897     1.655     9.448
  2808.996     1.551     9.448
  2809.097     1.134     9.605
  2809.197     1.082     9.605
  2809.600     1.082     9.605
  2809.701     0.979     9.605
  2810.103     0.979     9.605
  2810.204     0.979     9.658
  2810.304     0.979     9.658
  2810.404     0.979     9.763
  2810.506     0.979     9.920
  2810.608     0.979     9.973
  2810.707     0.979    10.077
  2810.809     0.979    10.182
  2810.909     0.979    10.182
  2811.009     0.979    10.235
  2932.752     0.979    10.235
  2932.854     0.927    10.392
  2932.954     0.927    10.550
  2937.484     0.927    10.550
  2937.585     0.927    10.445
  2937.786     0.927    10.445
  2937.887     0.927    10.392
  2938.088     0.927    10.392
  2938.188     0.927    10.288
  2938.288     0.927    10.235
  2955.797     0.927    10.235
  2955.898     1.031    10.077
  2955.998     1.082    10.077
  2961.531     1.082    10.077
  2961.632     1.082     9.763
  2961.834     1.082     9.763
  2961.935     1.082     9.710
  2962.136     1.082     9.710
  2962.235     1.134     9.658
  2962.336     1.134     9.658
  2962.438     1.186     9.605
  2970.686     1.186     9.605
  2970.786     1.082     9.448
  2970.887     1.031     9.448
  2975.717     1.031     9.448
  2975.816     1.186     9.343
  2975.918     1.290     9.291
  2976.018     1.447     9.186
  2976.118     1.551     9.186
  2976.219     1.655     9.186
  2976.319     1.811     9.186
  2976.421     1.811     9.186
  2976.522     1.863     9.186
  2976.621     1.863     9.186
  2976.722     1.915     9.186
  2976.823     1.967     9.291
  2976.924     2.071     9.343
  2977.023     2.123     9.395
  2977.225     2.123     9.395
  2977.325     2.175     9.395
  2977.426     2.175     9.448
  2977.526     2.227     9.448
  2977.628     2.279     9.448
  2977.728     2.331     9.501
  2978.432     2.331     9.501
  2978.532     2.383     9.501
  2978.635     2.435     9.553
  2978.735     2.435     9.553
  2978.835     2.487     9.605
  2978.937     2.487     9.605
  2979.036     2.487     9.658
  3000.366     2.487     9.658
  3000.466     2.695     9.763
  3000.567     2.695     9.815
  3000.668     2.747     9.868
  3000.770     2.799     9.920
  3000.893     2.851    10.025
  3000.986     2.904    10.077
  3003.285     2.904    10.077
  3003.386     2.799    10.077
  3003.486     2.747    10.077
  3003.587     2.747    10.077
  3003.688     2.695    10.077
  3003.789     2.643    10.077
  3003.889     2.643     9.973
  3007.914     2.643     9.973
  3008.015     2.539     9.868
  3008.115     2.539     9.868
  3008.216     2.487     9.868
  3008.315     2.435     9.868
  3011.455     2.435     9.868
  3011.556     2.487     9.868
  3011.656     2.539     9.868
  3017.491     2.539     9.868
  3017.591     2.539     9.920
  3017.894     2.539     9.920
  3017.993     2.591    10.025
  3018.095     2.591    10.025
  3018.196     2.643    10.077
  3018.296     2.695    10.077
  3023.629     2.695    10.077
  3023.730     2.851    10.025
  3023.830     2.956    10.025
  3023.931     3.008    10.025
  3024.031     3.112    10.025
  3024.132     3.164    10.025
  3024.231     3.268    10.025
  3024.332     3.319    10.077
  3024.433     3.424    10.077
  3024.534     3.528    10.077
  3024.635     3.632    10.077
  3055.769     3.632    10.077
  3055.869     3.580    10.077
  3056.373     3.580    10.077
  3056.473     3.528    10.130
  3096.716     3.528    10.130
  3096.817     3.319    10.235
  3096.918     3.268    10.235
  3097.220     3.268    10.235
  3097.322     3.268    10.288
  3097.422     3.268    10.392
  3097.523     3.268    10.497
  3098.025     3.268    10.497
  3098.126     3.268    10.602
  3098.226     3.268    10.655
  3098.327     3.268    10.707
  3103.156     3.268    10.707
  3103.256     3.268    11.075
  3103.357     3.268    11.127
  3103.458     3.268    11.179
  3103.660     3.268    11.179
  3103.759     3.371    11.179
  3103.860     3.371    11.179
  3103.960     3.424    11.179
  3104.061     3.476    11.179
  3104.162     3.580    11.179
  3104.262     3.684    11.179
  3138.369     3.684    11.179
  3138.469     3.580    11.075
  3138.770     3.580    11.075
  3138.871     3.528    11.075
  3140.983     3.528    11.075
  3141.084     3.528    11.127
  3141.185     3.528    11.127
  3141.286     3.528    11.232
  3141.386     3.528    11.284
  3141.486     3.528    11.284
  3141.587     3.580    11.337
  3141.688     3.580    11.337
  3141.789     3.684    11.389
  3141.888     3.684    11.442
  3144.405     3.684    11.442
  3144.504     3.684    11.337
  3144.606     3.684    11.337
  3144.706     3.684    11.284
  3144.806     3.684    11.232
  3146.818     3.684    11.232
  3146.918     3.684    11.179
  3149.735     3.684    11.179
  3149.836     3.684    11.022
  3149.936     3.684    11.022
  3150.037     3.684    10.969
  3150.137     3.684    10.917
  3150.238     3.632    10.812
  3150.339     3.580    10.812
  3150.439     3.528    10.760
  3152.854     3.528    10.760
  3152.955     3.528    10.707
  3154.665     3.528    10.707
  3154.765     3.528    10.602
  3156.576     3.528    10.602
  3156.677     3.580    10.707
  3156.777     3.684    10.707
  3156.877     3.736    10.760
  3156.978     3.788    10.760
  3157.079     3.892    10.760
  3157.179     3.996    10.760
  3157.280     4.048    10.760
  3157.380     4.100    10.760
  3157.482     4.100    10.707
  3157.582     4.100    10.707
  3157.682     4.100    10.655
  3157.783     4.100    10.550
  3157.883     4.100    10.550
  3157.984     4.100    10.445
  3158.084     4.100    10.445
  3158.185     4.100    10.392
  3158.287     4.100    10.340
  3158.387     4.100    10.288
  3165.932     4.100    10.288
  3166.034     3.996    10.288
  3166.133     3.944    10.288
  3166.234     3.736    10.288
  3167.541     3.736    10.288
  3167.642     3.684    10.235
  3167.744     3.632    10.182
  3167.844     3.632    10.077
  3167.945     3.580    10.025
  3173.176     3.580    10.025
  3173.277     3.580     9.815
  3173.377     3.580     9.763
  3173.478     3.580     9.763
  3173.578     3.580     9.710
  3176.899     3.580     9.710
  3177.000     3.528     9.710
  3177.101     3.319     9.763
  3177.201     3.268     9.763
  3177.503     3.268     9.763
  3177.605     3.268     9.868
  3184.042     3.268     9.868
  3184.144     3.216     9.868
  3184.245     3.008     9.868
  3184.345     2.904     9.868
  3184.447     2.851     9.868
  3184.546     2.851     9.868
  3184.648     2.799     9.868
  3225.012     2.799     9.868
  3225.114     2.695     9.815
  3225.213     2.539     9.763
  3225.314     2.539     9.763
  3225.416     2.487     9.710
  3225.515     2.435     9.710
  3226.823     2.435     9.710
  3226.924     2.435     9.763
  3227.025     2.435     9.815
  3227.125     2.435     9.868
  3230.245     2.435     9.868
  3230.345     2.435     9.973
  3230.447     2.435    10.025
  3230.546     2.331    10.077
  3230.647     2.227    10.130
  3231.754     2.227    10.130
  3231.854     2.227    10.077
  3237.992     2.227    10.077
  3238.092     2.227     9.973
  3238.293     2.227     9.973
  3238.395     2.175     9.973
  3238.495     2.123     9.973
  3238.595     1.967     9.973
  3238.696     1.915     9.973
  3238.796     1.863     9.973
  3295.041     1.863     9.973
  3295.141     1.863     9.868
  3295.243     1.863     9.815
  3295.343     1.863     9.763
  3295.444     1.811     9.763
  3295.644     1.811     9.763
  3295.745     1.811     9.710
  3295.845     1.811     9.710
  3295.946     1.811     9.658
  3300.575     1.811     9.658
  3300.676     1.863     9.501
  3300.777     1.863     9.501
  3300.876     1.915     9.448
  3300.977     1.967     9.448
  3301.078     2.071     9.448
  3301.681     2.071     9.448
  3301.782     2.123     9.448
  3304.800     2.123     9.448
  3304.901     2.175     9.501
  3305.102     2.175     9.501
  3305.204     2.331     9.501
  3305.303     2.383     9.501
  3310.234     2.383     9.501
  3310.335     2.435     9.605
  3313.152     2.435     9.605
  3313.253     2.435     9.658
  3313.655     2.435     9.658
  3313.755     2.487     9.658
  3313.856     2.539     9.658
  3315.567     2.539     9.658
  3315.668     2.591     9.658
  3315.768     2.643     9.710
  3315.869     2.695     9.710
  3315.969     2.747     9.710
  3316.070     2.747     9.763
  3316.372     2.747     9.763
  3316.472     2.799     9.815
  3316.573     2.851     9.815
  3316.673     2.904     9.815
  3317.177     2.904     9.815
  3317.277     2.904     9.920
  3317.377     2.904     9.973
  3317.479     2.904    10.025
  3317.579     2.956    10.077
  3317.680     3.060    10.130
  3317.780     3.112    10.130
  3322.508     3.112    10.130
  3322.608     3.216    10.130
  3322.709     3.216    10.130
  3322.810     3.268    10.130
  3322.911     3.319    10.130
  3323.212     3.319    10.130
  3323.313     3.476    10.130
  3323.415     3.580    10.130
  3323.916     3.580    10.130
  3324.017     3.580    10.077
  3325.224     3.580    10.077
  3325.325     3.580    10.025
  3325.526     3.580    10.025
  3325.627     3.736    10.025
  3325.727     3.840    10.025
  3325.827     3.840    10.025
  3325.928     3.892     9.973
  3326.029     3.892     9.973
  3326.129     3.892     9.920
  3326.230     3.892     9.868
  3326.331     3.892     9.868
  3326.431     3.944     9.868
  3326.532     3.944     9.868
  3326.632     4.048     9.815
  3326.733     4.100     9.815
  3326.833     4.152     9.815
  3326.934     4.152     9.815
  3327.035     4.204     9.815
  3327.135     4.256     9.815
  3327.236     4.256     9.763
  3327.336     4.413     9.658
  3327.437     4.517     9.448
  3327.538     4.620     9.343
  3327.638     4.672     9.238
  3327.739     4.724     9.186
  3327.839     4.776     9.186
  3327.940     4.776     9.186
  3328.040     4.933     9.186
  3328.140     5.141     9.186
  3328.242     5.193     9.186
  3328.342     5.245     9.186
  3328.443     5.245     9.186
  3328.542     5.349     9.186
  3328.643     5.401     9.186
  3328.744     5.453     9.186
  3328.945     5.453     9.186
  3329.046     5.505     9.081
  3329.147     5.609     8.871
  3329.248     5.609     8.714
  3329.348     5.609     8.714
  3329.449     5.661     8.714
  3329.548     5.713     8.714
  3330.456     5.713     8.714
  3330.555     5.713     8.661
  3330.657     5.817     8.661
  3330.757     5.817     8.661
  3330.857     5.973     8.661
  3330.958     6.025     8.608
  3331.059     6.077     8.556
  3331.662     6.077     8.556
  3331.762     6.077     8.451
  3340.113     6.077     8.451
  3340.213     6.077     8.346
  3340.315     6.077     8.346
  3340.415     6.077     8.241
  3340.517     6.077     8.136
  3340.618     6.077     8.084
  3343.233     6.077     8.084
  3343.332     6.077     7.979
  3343.435     6.077     7.874
  3343.536     6.077     7.821
  3344.138     6.077     7.821
  3344.240     6.077     7.769
  3356.414     6.077     7.769
  3356.513     6.077     7.717
  3356.615     6.077     7.664
  3378.850     6.077     7.664
  3378.950     6.077     7.559
  3379.051     6.077     7.507
  3379.151     6.077     7.454
  3379.252     6.025     7.402
  3379.354     6.025     7.402
  3379.456     6.025     7.349
  3379.756     6.025     7.349
  3379.857     6.025     7.297
  3381.969     6.025     7.297
  3382.070     6.025     7.245
  3382.170     6.025     7.245
  3382.272     6.025     7.192
  3382.372     6.025     7.192
  3382.472     5.973     7.087
  3382.573     5.921     6.982
  3382.672     5.921     6.930
  3382.975     5.921     6.930
  3383.076     5.817     6.877
  3388.005     5.817     6.877
  3388.107     5.817     6.825
  3388.207     5.765     6.825
  3391.136     5.765     6.825
  3391.237     5.765     6.772
  3391.539     5.765     6.772
  3391.639     5.765     6.720
  3391.739     5.765     6.720
  3391.839     5.817     6.720
  3391.941     5.869     6.720
  3392.041     5.921     6.668
  3404.116     5.921     6.668
  3404.215     5.921     6.772
  3404.317     5.921     6.825
  3404.417     5.869     6.930
  3404.518     5.817     7.087
  3404.619     5.817     7.140
  3404.719     5.817     7.192
  3404.820     5.817     7.297
  3404.920     5.817     7.297
  3405.021     5.817     7.349
  3407.133     5.817     7.349
  3407.233     5.765     7.349
  3407.334     5.661     7.349
  3407.435     5.609     7.349
  3407.536     5.557     7.349
  3407.635     5.453     7.349
  3407.736     5.349     7.349
  3407.837     5.349     7.297
  3407.938     5.349     7.245
  3410.050     5.349     7.245
  3410.151     5.349     7.192
  3410.251     5.349     7.087
  3410.353     5.349     7.034
  3410.454     5.349     6.930
  3410.554     5.297     6.825
  3410.654     5.297     6.720
  3410.754     5.245     6.720
  3410.855     5.193     6.668
  3410.955     5.193     6.668
  3411.057     5.193     6.615
  3411.662     5.193     6.615
  3411.761     5.193     6.562
  3411.963     5.193     6.562
  3412.064     5.193     6.510
  3412.164     5.193     6.510
  3412.265     5.193     6.458
  3412.366     5.193     6.458
  3412.466     5.193     6.405
  3412.567     5.193     6.405
  3412.666     5.193     6.353
  3412.869     5.193     6.353
  3412.969     5.141     6.353
  3433.715     5.141     6.353
  3433.815     5.193     6.458
  3434.017     5.193     6.458
  3434.118     5.193     6.510
  3434.217     5.193     6.562
  3434.320     5.193     6.615
  3435.023     5.193     6.615
  3435.123     5.193     6.562
  3435.224     5.193     6.510
  3435.626     5.193     6.510
  3435.727     5.193     6.405
  3435.828     5.193     6.300
  3435.928     5.193     6.195
  3436.029     5.193     6.143
  3436.129     5.193     6.090
  3436.533     5.193     6.090
  3436.633     5.193     6.038
  3438.846     5.193     6.038
  3438.947     5.193     5.828
  3439.047     5.193     5.828
  3439.148     5.193     5.723
  3439.249     5.193     5.671
  3439.350     5.193     5.671
  3439.450     5.193     5.618
  3439.652     5.193     5.618
  3439.752     5.193     5.513
  3440.155     5.193     5.513
  3440.255     5.193     5.461
  3460.078     5.193     5.461
  3460.179     5.037     5.618
  3460.278     4.985     5.671
  3460.379     4.933     5.671
  3460.480     4.881     5.671
  3460.581     4.828     5.671
  3461.183     4.828     5.671
  3461.285     4.828     5.723
  3461.385     4.828     5.723
  3461.486     4.828     5.828
  3461.887     4.828     5.828
  3461.989     4.776     5.933
  3462.089     4.776     5.986
  3462.190     4.776     6.038
  3462.290     4.776     6.038
  3462.392     4.724     6.090
  3462.493     4.724     6.143
  3462.593     4.672     6.195
  3462.695     4.672     6.300
  3462.793     4.672     6.353
  3462.895     4.672     6.353
  3462.996     4.672     6.510
  3463.096     4.672     6.510
  3463.197     4.672     6.562
  3463.298     4.672     6.562
  3463.398     4.672     6.668
  3463.498     4.620     6.772
  3463.599     4.620     6.877
  3463.700     4.568     6.930
  3463.800     4.568     7.034
  3463.900     4.568     7.140
  3464.000     4.568     7.192
  3464.102     4.568     7.297
  3464.203     4.568     7.349
  3464.303     4.568     7.402
  3464.404     4.568     7.507
  3464.504     4.568     7.612
  3464.606     4.568     7.821
  3464.705     4.568     8.032
  3464.806     4.568     8.084
  3464.907     4.568     8.241
  3465.007     4.568     8.346
  3465.611     4.568     8.346
  3465.711     4.568     8.399
  3465.812     4.568     8.714
  3465.912     4.568     8.766
  3466.214     4.568     8.766
  3466.315     4.568     8.818
  3466.415     4.568     8.871
  3466.717     4.568     8.871
  3466.818     4.568     9.028
  3466.918     4.568     9.133
  3467.019     4.568     9.238
  3467.120     4.568     9.343
  3467.220     4.568     9.501
  3467.321     4.568     9.605
  3467.422     4.568     9.658
  3467.523     4.568     9.710
  3467.622     4.724     9.815
  3467.724     4.828     9.868
  3467.824     4.828     9.920
  3467.925     4.933     9.920
  3468.428     4.933     9.920
  3468.529     5.089     9.920
  3468.629     5.193     9.920
  3469.233     5.193     9.920
  3469.333     5.245     9.920
  3469.434     5.245     9.920
  3469.536     5.297     9.920
  3470.138     5.297     9.920
  3470.239     5.349     9.868
  3470.339     5.349     9.815
  3470.441     5.349     9.763
  3470.541     5.401     9.763
  3470.642     5.557     9.710
  3470.743     5.609     9.710
  3471.648     5.609     9.710
  3471.748     5.713     9.710
  3472.050     5.713     9.710
  3472.151     5.765     9.710
  3472.251     6.285     9.710
  3472.352     6.337     9.710
  3473.057     6.337     9.710
  3473.158     6.337     9.658
  3473.258     6.337     9.605
  3473.359     6.337     9.501
  3473.459     6.442     9.395
  3473.560     6.546     9.395
  3473.660     6.650     9.395
  3473.761     6.754     9.343
  3473.862     6.805     9.343
  3473.962     6.962     9.291
  3474.063     7.066     9.186
  3474.163     7.066     9.133
  3474.264     7.066     9.028
  3474.365     7.066     8.976
  3474.465     7.066     8.923
  3474.566     7.066     8.923
  3474.665     7.066     8.871
  3474.767     7.066     8.818
  3474.868     7.118     8.818
  3474.968     7.222     8.818
  3475.069     7.274     8.766
  3475.169     7.326     8.766
  3475.371     7.326     8.766
  3475.471     7.378     8.714
  3475.572     7.378     8.451
  3475.672     7.378     8.399
  3476.175     7.378     8.399
  3476.276     7.430     8.294
  3476.376     7.534     8.241
  3476.477     7.690     8.189
  3476.578     7.794     8.032
  3476.678     7.794     7.874
  3476.778     7.794     7.874
  3476.879     7.847     7.717
  3476.980     7.847     7.612
  3477.282     7.847     7.612
  3477.382     8.003     7.559
  3477.483     8.003     7.559
  3477.583     8.106     7.559
  3477.684     8.158     7.559
  3478.689     8.158     7.559
  3478.789     8.106     7.559
  3478.890     7.951     7.507
  3478.992     7.899     7.454
  3482.915     7.899     7.454
  3483.016     7.899     7.297
  3483.217     7.899     7.297
  3483.318     7.899     7.245
  3483.417     7.899     7.140
  3483.519     8.003     7.087
  3483.620     8.003     7.087
  3483.720     8.210     7.087
  3485.228     8.210     7.087
  3485.329     8.262     7.087
  3485.430     8.366     6.982
  3485.531     8.471     6.930
  3485.631     8.471     6.825
  3485.732     8.523     6.720
  3485.831     8.523     6.615
  3485.933     8.523     6.615
  3486.034     8.575     6.510
  3486.134     8.575     6.405
  3486.235     8.627     6.300
  3486.334     8.627     6.300
  3486.436     8.627     6.248
  3486.537     8.627     6.195
  3486.637     8.627     6.143
  3486.738     8.627     6.143
  3486.838     8.731     6.143
  3486.938     8.835     6.143
  3487.039     8.887     6.143
  3487.140     8.887     6.143
  3487.241     8.887     6.090
  3488.045     8.887     6.090
  3488.146     8.887     6.038
  3491.062     8.887     6.038
  3491.162     8.991     5.881
  3491.263     9.095     5.775
  3491.364     9.251     5.671
  3491.465     9.251     5.566
  3491.566     9.251     5.461
  3491.666     9.251     5.303
  3491.767     9.355     5.146
  3491.868     9.407     4.988
  3491.968     9.459     4.884
  3492.070     9.563     4.779
  3492.170     9.615     4.726
  3492.270     9.719     4.674
  3492.370     9.824     4.674
  3492.472     9.824     4.674
  3492.572     9.928     4.674
  3492.773     9.928     4.674
  3492.873     9.928     4.621
  3492.975    10.136     4.569
  3493.075    10.240     4.516
  3493.176    10.240     4.464
  3493.276    10.240     4.412
  3493.377    10.240     4.254
  3493.478    10.240     4.202
  3493.578    10.240     4.097
  3493.779    10.240     4.097
  3493.880    10.292     3.992
  3493.980    10.292     3.940
  3494.082    10.292     3.887
  3494.182    10.396     3.782
  3494.283    10.448     3.677
  3494.384    10.448     3.677
  3494.485    10.500     3.572
  3494.585    10.500     3.467
  3494.685    10.500     3.415
  3494.787    10.500     3.362
  3495.087    10.500     3.362
  3495.188    10.656     3.362
  3495.288    10.760     3.362
  3495.390    10.812     3.362
  3495.491    10.916     3.362
  3495.590    11.020     3.362
  3495.692    11.124     3.362
  3496.093    11.124     3.362
  3496.194    11.176     3.362
  3496.797    11.176     3.362
  3496.898    11.228     3.310
  3496.998    11.333     3.257
  3497.099    11.385     3.257
  3497.200    11.540     3.205
  3497.301    11.644     3.100
  3497.402    11.748     3.100
  3497.602    11.748     3.100
  3497.703    11.748     2.995
  3498.205    11.748     2.995
  3498.306    11.748     2.838
  3498.408    11.748     2.785
  3498.508    11.748     2.785
  3498.609    11.748     2.680
  3498.708    11.853     2.680
  3498.809    11.853     2.680
  3498.910    11.957     2.680
  3499.011    11.957     2.680
  3499.111    12.009     2.680
  3499.212    12.061     2.680
  3499.313    12.061     2.628
  3499.413    12.165     2.628
  3499.514    12.217     2.575
  3499.615    12.269     2.575
  3499.715    12.269     2.523
  3499.816    12.321     2.470
  3499.915    12.321     2.470
  3500.016    12.321     2.418
  3500.118    12.321     2.366
  3500.218    12.321     2.366
  3500.319    12.373     2.313
  3500.418    12.477     2.313
  3500.519    12.581     2.313
  3500.620    12.633     2.313
  3502.532    12.633     2.313
  3502.632    12.738     2.208
  3502.732    12.789     2.156
  3509.373    12.789     2.156
  3509.473    12.841     2.103
  3509.776    12.841     2.103
  3509.875    12.945     2.103
  3521.647    12.945     2.103
  3521.747    13.153     2.366
  3522.151    13.153     2.366
  3522.251    13.153     2.470
  3522.351    13.153     2.523
  3522.452    13.153     2.575
  3522.553    13.153     2.628
  3522.653    13.153     2.680
  3536.860    13.153     2.680
  3536.961    13.153     2.733
  3554.066    13.153     2.733
  3554.168    13.258     2.995
  3554.468    13.258     2.995
  3554.570    13.362     2.995
  3554.669    13.518     2.995
  3560.305    13.518     2.995
  3560.407    13.570     2.995
  3560.506    13.622     2.995
  3561.110    13.622     2.995
  3561.211    13.726     2.995
  3988.344    13.726     2.995
  3988.445    13.674     2.995
  3988.544    13.622     3.047
  4295.845    13.622     3.047
  4295.946    13.466     3.047
  4296.047    13.414     3.047
  4296.448    13.414     3.047
  4296.549    13.362     3.047
  4296.953    13.362     3.047
  4297.054    13.310     3.047
  4297.154    13.258     3.047
  4297.253    13.258     3.047
  4297.354    13.205     3.047
  4300.292    13.205     3.047
  4300.393    13.153     3.047
  4300.493    13.049     3.047
  4300.594    12.997     2.995
  4300.695    12.945     2.995
  4300.795    12.893     2.995
  4301.903    12.893     2.995
  4302.001    12.841     2.995
  4302.104    12.841     2.995
  4302.202    12.789     2.995
  4302.303    12.789     2.995
  4302.403    12.738     2.995
  4302.505    12.685     2.995
  4302.606    12.581     2.995
  4531.242    12.581     2.995
  4531.342    12.738     2.995
  4534.059    12.738     2.995
  4534.160    12.685     2.995
  4535.971    12.685     2.995
  4536.071    12.633     2.995
  4536.273    12.633     2.995
  4536.372    12.581     2.995
  4536.474    12.529     2.995
  4536.574    12.477     2.995
  4536.675    12.425     2.995
  4807.206    12.425     2.995
  4807.306    12.321     2.995
  4807.406    12.269     3.047
  4807.508    12.217     3.047
  4807.609    12.165     3.153
  4807.709    12.165     3.205
  5434.303    12.165     3.205
  5434.403    12.217     3.205
  5434.504    12.217     3.205
  5434.604    12.217     3.153
  5434.705    12.269     3.100
  5434.806    12.321     3.100
  5435.107    12.321     3.100
  5435.210    12.321     3.047
  5435.308    12.321     3.047
  5435.409    12.321     2.943
  5435.511    12.321     2.943
  5435.611    12.425     2.943
  5435.712    12.529     2.943
  5435.812    12.633     2.943
  5435.913    12.633     2.890
  5436.014    12.633     2.838
  5436.114    12.633     2.785
  5436.215    12.633     2.785
  5436.315    12.633     2.680
  5436.416    12.738     2.680
  5439.535    12.738     2.680
  5439.636    12.789     2.680
  5439.736    12.893     2.680
  5440.140    12.893     2.680
  5440.242    12.893     2.575
  5440.342    12.893     2.575
  5440.441    12.997     2.470
  5440.543    13.049     2.470
  5440.744    13.049     2.470
  5440.845    13.258     2.470
  5440.945    13.414     2.470
  5443.573    13.414     2.470
  5443.673    13.414     2.366
  5443.774    13.362     2.313
  5443.875    13.362     2.260
  5443.976    13.310     2.156
  5444.076    13.258     2.156
  5448.102    13.258     2.156
  5448.201    13.205     2.156
  5448.302    13.205     2.156
  5448.403    13.205     2.208
  5448.503    13.049     2.260
  5448.604    12.997     2.313
  5449.609    12.997     2.313
  5449.710    12.945     2.313
  5449.912    12.945     2.313
  5450.013    12.841     2.313
  5450.113    12.789     2.313
  5450.215    12.738     2.313
  5450.315    12.633     2.313
  5450.415    12.581     2.313
  5450.515    12.477     2.313
  5450.616    12.477     2.313
  5450.717    12.425     2.313
  5450.817    12.373     2.313
  5450.918    12.269     2.313
  5451.119    12.269     2.313
  5451.220    12.217     2.313
  5451.321    12.061     2.313
  5451.422    11.905     2.366
  5451.521    11.696     2.418
  5451.623    11.489     2.470
  5451.724    11.385     2.470
  5451.824    11.385     2.470
  5451.925    11.281     2.523
  5452.025    11.020     2.628
  5452.729    11.020     2.628
  5452.830    10.916     2.628
  5452.931    10.708     2.680
  5453.433    10.708     2.680
  5453.534    10.500     2.680
  5453.735    10.500     2.680
  5453.836    10.448     2.680
  5453.936    10.292     2.680
  5454.540    10.292     2.680
  5454.641    10.188     2.680
  5455.445    10.188     2.680
  5455.546    10.136     2.680
  5455.848    10.136     2.680
  5455.948    10.084     2.680
  5456.049     9.980     2.628
  5456.149     9.980     2.575
  5456.251     9.928     2.523
  5456.552     9.928     2.523
  5456.652     9.876     2.470
  5456.754     9.824     2.418
  5456.854     9.667     2.418
  5456.955     9.563     2.418
  5457.056     9.511     2.366
  5457.156     9.407     2.313
  5457.257     9.251     2.260
  5457.357     9.043     2.260
  5457.458     8.835     2.260
  5457.559     8.627     2.208
  5457.658     8.418     2.156
  5457.759     8.262     2.103
  5457.860     8.210     2.051
  5457.961     8.158     1.946
  5458.061     8.003     1.841
  5458.162     7.847     1.788
  5458.263     7.638     1.631
  5458.363     7.482     1.473
  5458.465     7.378     1.473
  5458.563     7.326     1.473
  5458.665     7.222     1.473
  5458.767     7.118     1.473
  5458.867     6.962     1.473
  5458.968     6.702     1.473
  5459.068     6.650     1.473
  5459.169     6.546     1.473
  5459.269     6.442     1.316
  5459.369     6.233     1.264
  5459.470     6.181     1.264
  5459.571     6.025     1.264
  5459.671     5.921     1.264
  5459.772     5.869     1.264
  5459.872     5.817     1.264
  5459.974     5.713     1.264
  5460.074     5.557     1.264
  5460.175     5.505     1.264
  5460.678     5.505     1.264
  5460.777     5.453     1.264
  5460.879     5.245     1.264
  5460.979     5.193     1.264
  5461.080     5.141     1.264
  5461.382     5.141     1.264
  5461.483     4.985     1.369
  5461.683     4.985     1.369
  5461.785     4.881     1.473
  5461.885     4.881     1.526
  5461.986     4.881     1.526
  5462.087     4.776     1.579
  5462.187     4.672     1.683
  5462.690     4.672     1.683
  5462.791     4.413     1.893
  5462.892     4.413     1.893
  5462.992     4.360     2.051
  5463.093     4.256     2.260
  5463.193     4.100     2.470
  5463.294     3.996     2.575
  5463.393     3.944     2.680
  5463.494     3.892     2.890
  5463.596     3.684     3.047
  5463.696     3.580     3.100
  5463.797     3.476     3.153
  5463.897     3.476     3.205
  5464.199     3.476     3.205
  5464.300     3.319     3.362
  5464.400     3.268     3.415
  5465.708     3.268     3.415
  5465.808     3.164     3.415
  5465.908     3.060     3.415
  5467.419     3.060     3.415
  5467.518     3.008     3.415
  5467.619     3.008     3.415
  5467.720     2.956     3.415
  5467.922     2.956     3.415
  5468.022     2.851     3.520
  5470.537     2.851     3.520
  5470.638     2.851     3.415
  5470.739     2.799     3.415
  5470.840     2.799     3.362
  5470.939     2.799     3.310
  5471.041     2.799     3.257
  5471.142     2.799     3.205
  5471.242     2.799     3.153
  5471.343     2.799     3.100
  5471.443     2.799     2.995
  5471.544     2.799     2.890
  5471.644     2.799     2.785
  5471.745     2.799     2.628
  5471.846     2.799     2.575
  5471.947     2.799     2.470
  5472.048     2.799     2.366
  5472.148     2.799     2.260
  5472.249     2.799     2.156
  5472.350     2.799     2.103
  5472.450     2.799     1.998
  5472.551     2.799     1.946
  5473.054     2.799     1.946
  5473.154     2.799     1.788
  5474.765     2.799     1.788
  5474.864     2.799     1.736
  5475.167     2.799     1.736
  5475.267     2.851     1.736
  5476.173     2.851     1.736
  5476.273     3.060     1.526
  5476.374     3.164     1.473
  5476.474     3.216     1.369
  5476.574     3.216     1.316
  5476.876     3.216     1.316
  5476.977     3.319     1.316
  5477.078     3.424     1.316
  5477.179     3.528     1.316
  5479.101     3.528     1.316
  5479.202     3.736     1.316
