     0.167     2.058     1.904
     0.309     2.058     1.726
     1.201     2.058     1.726
     1.324     2.058     1.771
     1.459     2.058     1.771
     1.569     2.058     1.859
     1.694     1.971     1.992
     3.167     1.971     1.992
     3.273     1.926     2.036
     3.386     1.532     2.169
     3.488     1.488     2.169
     3.607     1.488     2.169
     3.728     1.795     2.169
     3.844     1.839     2.169
     4.062     1.839     2.169
     4.171     1.971     2.036
     4.293     1.971     1.992
     4.404     2.058     1.815
     4.529     2.058     1.771
     4.641     2.190     1.550
     4.763     2.233     1.550
     4.873     2.321     1.461
     4.980     2.321     1.417
     5.197     2.321     1.417
     5.306     2.409     1.417
     5.415     2.629     1.417
     6.325     2.629     1.417
     6.433     2.629     1.373
     6.653     2.629     1.373
     6.776     2.541     1.373
     6.884     2.541     1.373
     6.998     2.453     1.417
     7.808     2.453     1.417
     7.936     2.321     1.594
     8.043     2.278     1.594
     8.365     2.278     1.594
     8.469     2.278     1.638
     8.684     2.278     1.638
     8.792     2.278     1.461
     8.911     2.278     1.373
     9.020     2.278     1.284
     9.127     2.278     1.240
     9.252     2.278     1.063
     9.718     2.278     1.063
     9.827     2.278     0.930
     9.935     2.321     0.842
    11.273     2.321     0.842
    11.393     2.365     0.842
    11.623     2.365     0.842
    11.733     2.365     0.886
    12.539     2.365     0.886
    12.651     2.409     0.886
    13.088     2.409     0.886
    13.202     2.453     1.019
    13.312     2.453     1.019
    13.421     2.585     1.196
    13.542     2.585     1.196
    13.654     2.672     1.196
    13.767     2.717     1.196
    14.228     2.717     1.196
    14.335     3.155     0.621
    15.731     3.155     0.621
    15.871     3.155     0.665
    15.981     3.155     0.754
    17.627     3.155     0.754
    17.735     3.024     0.754
    17.843     2.936     0.842
    17.952     2.892     0.886
    18.059     2.892     0.886
    18.173     2.892     0.975
    18.425     2.892     0.975
    18.542     2.848     0.975
    18.661     2.760     0.975
    18.880     2.760     0.975
    18.991     2.760     1.019
    19.103     2.760     1.063
    34.057     2.760     1.063
    34.173     2.804     1.240
    34.289     2.848     1.284
    35.528     2.848     1.284
    35.641     2.804     1.284
    35.873     2.804     1.284
    35.985     2.979     1.284
    36.109     3.024     1.284
    49.508     3.024     1.284
    49.625     3.024     1.329
    49.743     3.024     1.329
    49.850     3.024     1.859
    50.197     3.024     1.859
    50.309     3.024     1.992
    50.417     3.024     2.036
    50.744     3.024     2.036
    50.851     3.024     2.301
    50.970     3.024     2.567
    51.079     3.024     2.655
    51.202     3.024     2.655
    51.310     2.936     2.655
    51.422     2.936     2.523
    51.533     2.936     2.434
    51.654     2.936     2.390
    56.747     2.936     2.390
    56.859     2.936     2.346
    60.267     2.936     2.346
    60.378     3.024     2.257
    60.504     3.024     2.080
    60.629     3.024     1.859
    60.738     3.024     1.859
    60.847     3.024     1.815
    61.417     3.024     1.815
    61.534     3.024     1.771
    61.871     3.024     1.771
    61.981     2.979     1.726
    62.198     2.979     1.726
    62.313     2.892     1.683
    62.425     2.848     1.638
    62.537     2.848     1.638
    62.654     2.804     1.638
    62.772     2.804     1.638
    62.893     2.760     1.638
    63.004     2.717     1.594
    63.444     2.717     1.594
    63.565     2.717     1.771
    63.679     2.717     1.859
    63.786     2.717     1.904
    64.606     2.717     1.904
    64.720     2.717     1.948
    64.938     2.717     1.948
    65.059     2.629     2.080
    65.166     2.453     2.301
    65.297     2.365     2.479
    65.406     2.233     2.788
    65.527     2.102     3.142
    65.640     2.058     3.363
    66.091     2.058     3.363
    66.202     2.058     3.584
    66.315     2.058     3.628
    66.654     2.058     3.628
    66.776     2.058     3.761
    66.893     2.058     3.850
    67.002     2.058     4.071
    67.116     2.058     4.424
    67.231     2.058     4.424
    67.347     2.058     4.557
    67.468     2.146     4.690
    67.588     2.146     4.778
    67.702     2.233     4.999
    67.820     2.278     5.132
    67.932     2.321     5.309
    68.048     2.365     5.442
    68.170     2.409     5.486
    68.301     2.453     5.531
    68.414     2.453     5.574
    68.523     2.497     5.752
    68.640     2.497     5.973
    68.748     2.541     6.017
    68.968     2.541     6.017
    69.086     2.629     6.061
    69.315     2.629     6.061
    69.422     2.672     6.061
    69.544     2.672     6.106
    69.663     2.672     6.149
    69.772     2.717     6.194
    69.891     2.760     6.194
    70.003     2.848     6.194
    70.122     2.936     6.194
    70.230     2.979     6.194
    70.355     3.024     6.194
    70.680     3.024     6.194
    70.796     3.243     6.371
    70.902     3.287     6.415
    74.657     3.287     6.415
    74.769     3.506     6.282
    74.888     3.594     6.282
    75.016     3.901     6.282
    75.139     3.945     6.282
    75.246     4.033     6.327
    75.356     4.033     6.327
    75.468     4.077     6.415
    78.751     4.077     6.415
    78.863     4.077     6.548
    78.973     4.120     6.636
    83.615     4.120     6.636
    83.725     4.208     6.636
    83.850     4.208     6.636
    83.959     4.340     6.592
    84.067     4.384     6.592
    84.187     4.384     6.592
    84.296     4.471     6.592
    84.409     4.559     6.592
    84.531     4.559     6.592
    84.643     4.603     6.592
    84.758     4.603     6.592
    84.887     4.734     6.592
    90.637     4.734     6.592
    90.752     4.822     6.503
    90.861     4.822     6.459
    90.969     4.910     6.371
    91.093     4.954     6.371
    91.207     4.954     6.371
    91.337     4.998     6.371
    96.209     4.998     6.371
    96.318     5.173     6.371
    96.426     5.261     6.327
    96.534     5.349     6.327
    96.643     5.349     6.327
    96.753     5.437     6.327
    96.864     5.480     6.327
    96.974     5.525     6.327
    97.207     5.525     6.327
    97.317     5.480     6.327
   121.736     5.480     6.327
   121.843     5.480     6.238
   121.958     5.480     6.061
   122.076     5.480     5.973
   122.188     5.480     5.928
   122.407     5.480     5.928
   122.537     5.480     5.840
   122.662     5.480     5.752
   122.771     5.480     5.707
   123.097     5.480     5.707
   123.207     5.480     5.663
   123.326     5.480     5.619
   123.435     5.525     5.486
   123.544     5.568     5.398
   123.661     5.656     5.221
   123.783     5.832     4.955
   123.894     5.963     4.690
   124.002     6.094     4.513
   124.129     6.270     4.292
   124.244     6.270     4.248
   124.354     6.314     4.071
   124.466     6.358     4.027
   124.575     6.402     3.894
   124.695     6.533     3.673
   124.808     6.709     3.496
   124.917     6.840     3.275
   125.029     6.972     3.142
   125.143     6.972     3.142
   125.250     6.972     3.098
   125.364     6.972     3.098
   125.479     7.016     2.965
   125.590     7.147     2.832
   125.708     7.192     2.788
   125.820     7.279     2.788
   125.942     7.279     2.788
   126.056     7.367     2.744
   126.171     7.499     2.744
   126.280     7.674     2.523
   126.396     7.850     2.434
   126.505     8.025     2.301
   126.624     8.069     2.301
   126.742     8.157     2.213
   126.865     8.245     2.169
   126.980     8.288     2.125
   127.089     8.420     2.080
   127.986     8.420     2.080
   128.094     8.376     2.080
   128.203     8.420     1.992
   128.872     8.420     1.992
   128.990     8.376     2.036
   129.207     8.376     2.036
   129.317     8.332     2.125
   146.285     8.332     2.125
   146.393     8.376     2.080
   146.501     8.552     1.859
   146.611     8.683     1.771
   146.719     8.859     1.638
   146.827     8.903     1.594
   146.938     8.903     1.594
   147.045     8.903     1.550
   147.157     8.946     1.550
   147.382     8.946     1.550
   147.507     8.991     1.550
   147.948     8.991     1.550
   148.054     9.078     1.505
   148.163     9.078     1.505
   148.274     9.122     1.505
   148.382     9.166     1.505
   148.500     9.210     1.505
   148.611     9.473     1.505
   148.720     9.648     1.505
   148.840     9.780     1.505
   148.950     9.868     1.505
   149.059    10.043     1.505
   149.173    10.131     1.505
   149.281    10.526     1.505
   149.389    10.789     1.505
   149.503    10.921     1.505
   149.613    11.096     1.505
   149.720    11.360     1.550
   149.829    11.535     1.594
   149.943    11.667     1.594
   150.069    11.711     1.594
   150.857    11.711     1.594
   150.974    11.535     1.726
   151.091    11.360     1.726
   151.533    11.360     1.726
   151.661    11.403     1.726
   157.130    11.403     1.726
   157.240    11.403     1.771
   157.358    11.360     2.036
   157.471    11.315     2.301
   157.595    11.228     2.655
   157.715    11.228     2.832
   157.830    11.228     3.098
   157.939    11.272     3.319
   158.050    11.360     3.452
   158.160    11.403     3.673
   158.271    11.403     3.761
   158.379    11.403     3.761
   158.491    11.403     3.850
   158.608    11.403     4.071
   158.725    11.403     4.115
   158.833    11.447     4.159
   158.945    11.491     4.159
   159.059    11.535     4.203
   159.170    11.623     4.203
   159.845    11.623     4.203
   159.953    11.535     4.203
   160.069    11.491     4.203
   160.178    11.360     4.203
   160.296    11.360     4.115
   160.407    11.403     3.938
   160.630    11.403     3.938
   160.739    11.447     3.850
   160.846    11.447     3.850
   160.960    11.447     3.805
   161.083    11.447     3.805
   161.208    11.447     3.761
   169.862    11.447     3.761
   169.971    11.447     3.938
   170.087    11.447     4.115
   170.207    11.360     4.336
   170.330    11.272     4.513
   170.443    11.184     4.646
   170.549    11.184     4.734
   170.664    11.096     4.867
   170.770    10.921     4.999
   170.894    10.921     4.999
   171.000    10.877     5.132
   171.112    10.789     5.265
   171.225    10.789     5.309
   172.026    10.789     5.309
   172.137    10.701     5.398
   172.244    10.658     5.442
   172.483    10.658     5.442
   172.592    10.658     5.486
   172.703    10.658     5.531
   172.822    10.658     5.574
   172.935    10.614     5.619
   173.044    10.614     5.663
   173.151    10.614     5.707
   173.270    10.614     5.752
   174.147    10.614     5.752
   174.261    10.614     5.796
   174.595    10.614     5.796
   174.707    10.570     5.796
   174.818    10.570     5.796
   174.936    10.526     5.796
   175.055    10.351     5.796
   175.176     9.912     6.061
   175.290     9.692     6.238
   176.284     9.692     6.238
   176.400     9.648     6.238
   176.738     9.648     6.238
   176.860     9.517     6.106
   176.974     9.429     5.928
   177.087     9.341     5.840
   177.430     9.341     5.840
   177.541     9.210     5.928
   181.736     9.210     5.928
   181.846     9.166     5.973
   181.955     9.122     6.017
   182.066     9.122     6.061
   182.176     9.078     6.149
   182.286     9.078     6.149
   182.396     8.946     6.194
   192.029     8.946     6.194
   192.140     8.771     6.017
   192.271     8.727     5.973
   192.381     8.727     5.928
   192.496     8.639     5.884
   192.616     8.595     5.884
   192.722     8.508     5.840
   192.831     8.508     5.840
   192.944     8.463     5.840
   193.419     8.463     5.840
   193.534     8.420     5.442
   194.224     8.420     5.442
   194.332     8.420     5.486
   194.446     8.595     5.619
   194.571     9.078     5.752
   194.685     9.385     5.752
   194.905     9.385     5.752
   195.014     9.298     5.752
   195.128     9.078     5.752
   197.545     9.078     5.752
   197.655     8.946     5.796
   197.765     8.946     5.796
   197.878     8.903     5.840
   200.611     8.903     5.840
   200.719     8.815     5.840
   210.696     8.815     5.840
   210.806     8.683     6.017
   210.912     8.552     6.327
   211.043     8.463     6.548
   211.155     8.200     6.724
   211.274     7.806     6.946
   211.394     7.192     7.256
   211.502     7.104     7.256
   211.611     7.016     7.256
   211.735     6.972     7.256
   211.845     6.797     7.300
   211.971     6.490     7.344
   212.079     6.182     7.432
   212.192     6.051     7.432
   213.701     6.051     7.432
   213.809     6.051     7.653
   213.923     6.051     7.786
   214.033     6.051     7.919
   214.155     6.051     7.919
   214.271     5.919     8.007
   214.392     5.832     8.007
   214.935     5.832     8.007
   215.038     5.832     8.052
   215.168     5.832     8.096
   215.276     5.787     8.140
   215.410     5.787     8.184
   215.525     5.787     8.228
   215.644     5.787     8.228
   215.751     5.787     8.405
   215.869     5.744     8.671
   215.980     5.744     8.848
   216.090     5.744     9.113
   216.203     5.787     9.334
   216.327     5.787     9.422
   216.436     5.963     9.600
   216.551     6.007     9.732
   216.658     6.139     9.954
   216.766     6.139     9.997
   216.982     6.139     9.997
   217.102     6.139    10.130
   217.216     6.139    10.175
   217.327     6.139    10.175
   217.458     6.139    10.263
   217.571     6.139    10.263
   217.688     6.139    10.572
   217.802     6.139    10.661
   217.918     6.139    10.794
   218.034     6.139    10.838
   218.148     6.226    11.015
   218.272     6.226    11.148
   218.382     6.314    11.192
   218.491     6.314    11.236
   218.600     6.358    11.236
   219.048     6.358    11.236
   219.157     6.578    11.369
   219.266     6.578    11.413
   220.179     6.578    11.413
   220.287     6.578    11.325
   220.397     6.578    11.192
   220.505     6.578    11.148
   220.731     6.578    11.148
   220.848     6.621    11.148
   222.482     6.621    11.148
   222.594     6.885    11.148
   222.708     7.192    11.148
   222.816     7.454    11.148
   222.940     7.586    11.148
   231.203     7.586    11.148
   231.313     7.762    11.148
   234.548     7.762    11.148
   234.657     7.893    11.148
   234.770     7.893    11.104
   234.879     7.893    11.104
   235.006     7.893    11.059
   235.133     7.893    11.015
   235.250     7.893    10.882
   235.357     7.893    10.838
   235.466     7.893    10.838
   235.575     7.938    10.794
   235.687     7.938    10.750
   235.801     7.938    10.750
   235.915     7.938    10.705
   245.056     7.938    10.705
   245.164     8.112    10.661
   253.461     8.112    10.661
   253.574     8.112    10.572
   253.686     8.112    10.440
   253.796     8.069    10.351
   253.908     8.025    10.263
   254.018     8.025    10.219
   259.969     8.025    10.219
   260.084     7.718     9.954
   260.194     7.499     9.776
   260.303     7.235     9.467
   260.412     7.147     9.334
   260.520     7.060     9.113
   260.628     6.972     8.936
   260.736     6.885     8.715
   260.848     6.797     8.450
   260.960     6.797     8.405
   261.088     6.753     8.405
   261.204     6.753     8.361
   261.314     6.709     8.273
   261.421     6.665     8.184
   261.532     6.578     8.052
   261.652     6.533     8.007
   261.778     6.358     7.875
   261.886     6.226     7.609
   261.994     6.094     7.344
   262.114     6.051     7.256
   262.224     6.051     7.256
   262.337     5.963     7.167
   262.445     5.919     7.123
   262.665     5.919     7.123
   262.773     5.875     7.078
   262.883     5.875     7.034
   263.455     5.875     7.034
   263.565     5.832     6.946
   263.675     5.832     6.857
   263.784     5.832     6.769
   263.895     5.787     6.503
   264.010     5.700     6.238
   264.136     5.525     5.884
   264.253     5.480     5.619
   264.366     5.393     5.221
   264.486     5.349     4.823
   264.596     5.349     4.602
   264.706     5.349     4.336
   264.814     5.437     4.159
   264.923     5.480     4.115
   265.032     5.525     4.115
   265.143     5.612     4.115
   265.251     5.787     4.115
   265.360     5.963     4.115
   265.476     6.051     4.115
   265.589     6.314     4.027
   265.700     6.446     3.938
   265.808     6.533     3.805
   265.922     6.621     3.673
   266.034     6.709     3.584
   266.146     6.840     3.452
   266.256     6.840     3.407
   266.362     6.885     3.363
   266.473     6.928     3.319
   266.598     7.147     3.142
   266.706     7.323     3.053
   266.814     7.411     3.009
   266.928     7.454     3.009
   267.048     7.454     3.009
   267.159     7.542     2.921
   267.268     7.674     2.876
   267.379     7.893     2.832
   267.491     7.981     2.832
   267.599     8.157     2.788
   267.731     8.332     2.744
   267.842     8.376     2.744
   267.949     8.420     2.744
   268.061     8.420     2.744
   268.173     8.639     2.744
   268.286     8.771     2.655
   268.402     8.903     2.655
   268.525     8.991     2.655
   268.650     9.298     2.655
   268.760     9.605     2.655
   268.870     9.780     2.700
   268.980     9.912     2.700
   269.088    10.087     2.788
   269.211    10.175     2.876
   269.320    10.263     2.965
   269.457    10.570     3.142
   269.573    10.746     3.230
   269.685    10.833     3.230
   269.790    10.877     3.230
   269.901    11.096     3.230
   270.008    11.403     3.319
   270.130    11.667     3.407
   270.239    11.711     3.407
   270.354    11.754     3.407
   270.468    11.754     3.407
   270.578    11.930     3.407
   270.690    12.061     3.407
   272.817    12.061     3.407
   272.924    11.974     3.452
   273.053    11.842     3.496
   273.160    11.667     3.540
   273.504    11.667     3.540
   273.611    11.623     3.540
   275.863    11.623     3.540
   275.976    11.579     3.540
   276.090    11.579     3.540
   276.200    11.535     3.584
   276.330    11.535     3.584
   276.444    11.535     3.717
   276.559    11.535     3.717
   276.673    11.579     3.717
   276.781    11.579     3.717
   276.895    11.623     3.717
   280.141    11.623     3.717
   280.251    11.623     3.761
   281.255    11.623     3.761
   281.363    11.623     3.805
   295.331    11.623     3.805
   295.437    11.711     3.805
   295.570    12.061     3.894
   295.682    12.368     3.982
   295.804    12.544     4.027
   295.916    12.632     4.027
   296.038    12.764     4.071
   296.163    12.895     4.071
   296.270    12.939     4.071
   296.376    12.983     4.071
   296.489    12.983     4.071
   296.602    13.027     4.071
   296.711    13.027     4.071
   296.822    13.114     4.071
   296.935    13.202     4.071
   301.791    13.202     4.071
   301.900    13.202     4.115
   302.009    13.202     4.115
   302.122    13.202     4.159
   302.241    13.202     4.159
   302.346    13.246     4.159
   302.455    13.246     4.203
   312.518    13.246     4.203
   312.641    13.246     4.248
   330.578    13.246     4.248
   330.686    13.159     4.248
   331.024    13.159     4.248
   331.138    13.114     4.248
   331.247    13.071     4.248
   331.376    13.027     4.248
   331.484    12.939     4.248
   331.613    12.895     4.248
   335.716    12.895     4.248
   335.827    12.939     4.248
   336.512    12.939     4.248
   336.621    13.027     4.248
   336.729    13.159     4.248
   336.836    13.202     4.248
   336.944    13.202     4.248
   337.053    13.202     4.336
   337.166    13.202     4.380
   405.674    13.202     4.380
   405.801    13.421     4.424
   405.911    13.685     4.469
   406.032    13.685     4.469
   406.145    13.729     4.513
   406.254    13.860     4.557
   406.365    13.860     4.557
   406.479    13.904     4.557
   413.773    13.904     4.557
   413.891    13.860     4.557
   454.286    13.860     4.557
   454.396    13.992     4.557
   454.507    14.036     4.557
   454.614    14.080     4.557
   454.721    14.124     4.557
   454.841    14.212     4.557
   454.957    14.255     4.557
   455.300    14.255     4.557
   455.408    14.299     4.557
   456.526    14.299     4.557
   456.635    14.387     4.602
   460.768    14.387     4.602
   460.883    14.519     4.602
   497.948    14.519     4.602
   498.064    14.606     4.602
   498.177    14.606     4.602
   498.287    14.650     4.602
   498.628    14.650     4.602
   498.733    14.694     4.602
   504.777    14.694     4.602
   504.886    14.694     4.469
   504.991    14.694     4.424
   509.458    14.694     4.424
   509.575    14.694     4.336
   509.686    14.650     4.292
   509.809    14.606     4.248
   527.313    14.606     4.248
   527.448    14.606     4.159
   527.558    14.913     3.982
   527.681    14.957     3.982
   683.535    14.957     3.982
   683.646    14.957     4.071
   683.753    14.957     4.115
   684.435    14.957     4.115
   684.545    14.913     4.115
   684.663    14.913     4.115
   684.773    14.913     4.159
   684.880    14.913     4.159
   684.994    14.913     4.203
   685.346    14.913     4.203
   685.453    14.913     4.248
   685.679    14.913     4.248
   685.789    14.826     4.248
   685.897    14.826     4.292
   686.005    14.826     4.292
   686.131    14.826     4.336
   687.272    14.826     4.336
   687.406    14.782     4.336
   730.071    14.782     4.336
   730.182    14.738     4.336
   730.293    14.519     4.336
   730.401    14.255     4.336
   730.508    14.124     4.336
   730.620    14.080     4.336
   730.729    13.904     4.336
   730.837    13.860     4.380
   730.944    13.816     4.513
   731.054    13.816     4.690
   731.400    13.816     4.690
   731.508    13.773     4.690
   761.291    13.773     4.690
   761.401    13.685     4.690
   761.521    13.685     4.646
   761.636    13.641     4.646
   762.085    13.641     4.646
   762.205    13.641     4.557
   762.313    13.597     4.513
   762.420    13.597     4.424
   796.266    13.597     4.424
   796.374    13.597     4.469
   891.550    13.597     4.469
   891.659    13.509     4.646
   891.771    13.466     4.778
   891.875    13.466     4.955
   892.008    13.421     5.044
   892.123    13.334     5.088
   892.241    13.290     5.132
   892.349    13.246     5.132
   903.332    13.246     5.132
   903.443    13.246     5.177
   910.024    13.246     5.177
   910.132    13.246     5.088
   910.241    13.202     4.999
   910.602    13.202     4.999
   910.710    13.159     4.999
   910.821    13.114     4.999
   910.937    13.071     4.999
   914.206    13.071     4.999
   914.314    13.071     4.911
   914.430    13.071     4.823
   914.538    12.983     4.690
   914.649    12.895     4.557
   914.768    12.588     4.424
   914.883    12.544     4.424
   915.010    12.456     4.380
   916.480    12.456     4.380
   916.588    12.368     4.380
   917.254    12.368     4.380
   917.363    12.237     4.380
   917.805    12.237     4.380
   917.917    12.149     4.380
   918.045    12.106     4.380
   918.172    12.018     4.380
   918.284    12.018     4.380
   918.391    11.930     4.424
   918.499    11.842     4.469
   921.212    11.842     4.469
   921.336    11.842     4.557
   924.061    11.842     4.557
   924.174    11.842     4.646
   926.436    11.842     4.646
   926.555    11.842     4.690
   927.320    11.842     4.690
   927.428    11.974     4.867
   927.540    11.974     4.911
   928.658    11.974     4.911
   928.770    12.018     4.911
   928.888    12.018     4.911
   928.998    12.018     4.867
   929.227    12.018     4.867
   929.335    12.018     4.823
   929.447    12.018     4.823
   929.565    12.018     4.778
   930.032    12.018     4.778
   930.139    12.061     4.690
   930.256    12.106     4.424
   931.271    12.106     4.424
   931.381    12.106     4.469
   931.494    12.106     4.513
   932.630    12.106     4.513
   932.741    12.413     4.778
   932.849    12.456     4.823
   936.339    12.456     4.823
   936.452    12.500     4.823
   942.515    12.500     4.823
   942.637    12.588     4.823
   942.750    12.588     4.778
   942.857    12.588     4.690
   942.968    12.588     4.690
   943.083    12.588     4.602
   943.201    12.632     4.557
   943.554    12.632     4.557
   943.667    12.632     4.513
   943.779    12.632     4.469
   943.901    12.676     4.424
   944.122    12.676     4.424
   944.244    12.720     4.380
   944.351    12.720     4.292
   944.463    12.764     4.203
   944.570    12.807     4.071
   944.677    12.807     4.027
   944.791    12.852     3.938
   944.903    12.895     3.894
   945.700    12.895     3.894
   945.808    12.939     3.894
   945.936    12.983     3.894
   946.524    12.983     3.894
   946.641    13.027     3.938
   946.776    13.027     3.938
   946.883    13.114     3.938
   970.231    13.114     3.938
   970.339    13.202     4.115
   970.449    13.202     4.469
   970.564    13.202     4.690
   970.682    13.159     4.823
   970.799    13.114     4.867
   970.928    13.114     4.867
   971.038    13.071     4.867
   978.717    13.071     4.867
   978.825    13.202     4.911
   978.937    13.202     4.955
   979.045    13.202     4.955
   979.150    13.202     5.221
   979.260    13.202     5.221
   979.368    13.202     5.398
   979.473    13.202     5.442
   979.586    13.202     5.531
   979.698    13.202     5.707
   979.807    13.202     5.752
   979.920    13.246     5.796
   980.049    13.334     5.840
   980.156    13.378     5.884
   980.276    13.421     5.884
   980.384    13.421     5.928
   980.493    13.466     5.973
   980.603    13.553     6.061
   980.714    13.685     6.238
   980.831    13.860     6.415
   980.939    13.904     6.415
   981.814    13.904     6.415
   981.922    13.904     6.503
   982.041    13.904     6.503
   982.168    13.904     6.548
   982.277    13.904     6.592
   982.496    13.904     6.592
   982.611    13.904     6.681
   982.730    13.904     6.681
   982.840    13.904     6.813
   984.982    13.904     6.813
   985.090    13.992     6.902
   985.215    14.212     7.034
   985.560    14.212     7.034
   985.668    14.212     7.078
   985.774    14.299     7.123
   985.880    14.343     7.167
   986.004    14.343     7.211
   986.450    14.343     7.211
   986.558    14.387     7.344
   986.666    14.387     7.344
   986.777    14.431     7.344
   987.103    14.431     7.344
   987.211    14.562     7.344
   987.328    14.606     7.344
   987.564    14.606     7.344
   987.674    14.606     7.477
   987.788    14.694     7.742
   987.904    14.694     7.742
   988.012    14.782     7.875
   988.123    14.782     7.875
   988.228    14.826     7.875
   991.570    14.826     7.875
   991.677    14.869     7.875
   991.786    14.913     7.875
   991.895    14.913     7.875
   992.004    14.957     7.830
   992.111    15.001     7.830
   992.326    15.001     7.830
   992.445    15.045     7.742
   992.564    15.045     7.742
   992.673    15.133     7.742
   992.798    15.221     7.742
   992.906    15.528     7.742
   993.571    15.528     7.742
   993.696    15.703     7.742
   993.817    15.922     7.786
   993.927    16.010     7.786
   994.478    16.010     7.786
   994.588    16.186     7.786
   994.695    16.229     7.830
   994.928    16.229     7.830
   995.042    16.274     7.875
   995.259    16.274     7.875
   995.367    16.317     7.875
   995.489    16.405     7.919
   996.059    16.405     7.919
   996.169    16.537     7.963
   998.571    16.537     7.963
   998.685    16.361     7.963
   998.810    16.361     7.963
   998.923    16.317     7.963
  1001.196    16.317     7.963
  1001.306    16.361     8.007
  1001.414    16.449     8.140
  1001.527    16.493     8.273
  1001.646    16.537     8.317
  1001.767    16.581     8.361
  1001.877    16.625     8.538
  1002.000    16.625     8.538
  1002.108    16.756     8.582
  1002.216    16.756     8.582
  1002.326    16.844     8.626
  1002.436    16.975     8.671
  1002.567    17.020     8.715
  1002.806    17.020     8.715
  1002.914    17.020     8.759
  1003.022    17.020     8.759
  1003.135    17.063     8.803
  1003.247    17.107     8.848
  1003.363    17.151     8.936
  1004.260    17.151     8.936
  1004.370    17.282     9.157
  1004.482    17.282     9.157
  1004.593    17.282     9.201
  1004.716    17.282     9.201
  1004.830    17.282     9.246
  1005.948    17.282     9.246
  1006.061    17.282     9.290
  1006.170    17.239     9.290
  1006.279    17.195     9.290
  1035.202    17.195     9.290
  1035.312    17.107     9.290
  1037.433    17.107     9.290
  1037.543    17.195     9.334
  1037.657    17.239     9.334
  1037.767    17.327     9.334
  1037.876    17.414     9.334
  1158.923    17.414     9.334
  1159.033    17.370     9.334
  1159.152    17.327     9.334
  1159.261    17.327     9.334
  1159.375    17.282     9.334
  1160.276    17.282     9.334
  1160.394    17.239     9.334
  1328.635    17.239     9.334
  1328.742    17.239     8.980
  1328.852    17.239     8.803
  1328.960    17.239     8.759
  1329.071    17.239     8.715
  1329.178    17.195     8.671
  1329.515    17.195     8.671
  1329.623    17.195     8.626
  1329.731    17.107     8.626
  1332.097    17.107     8.626
  1332.206    17.063     8.582
  1332.323    17.020     8.494
  1332.434    17.020     8.494
  1332.543    16.932     8.450
  1332.651    16.932     8.450
  1332.758    16.800     8.273
  1332.867    16.800     8.273
  1332.987    16.668     8.007
  1333.094    16.668     8.007
  1333.203    16.668     7.963
  1334.348    16.668     7.963
  1334.468    16.713     7.742
  1334.581    16.713     7.653
  1334.802    16.713     7.653
  1334.914    16.625     7.432
  1335.025    16.625     7.388
  1335.703    16.625     7.388
  1335.812    16.713     7.521
  1337.897    16.713     7.521
  1338.010    16.713     7.653
  1339.045    16.713     7.653
  1339.165    16.756     7.698
  1339.273    16.844     7.786
  1341.611    16.844     7.786
  1341.724    16.888     7.875
  1341.843    16.888     7.919
  1342.069    16.888     7.919
  1342.184    16.932     7.963
  1345.354    16.932     7.963
  1345.473    17.195     7.963
  1345.609    17.239     7.963
  1347.349    17.239     7.963
  1347.458    17.239     8.096
  1347.572    17.239     8.140
  1347.693    17.239     8.184
  1347.806    17.107     8.405
  1347.917    17.151     8.582
  1349.043    17.151     8.582
  1349.154    16.975     8.582
  1349.285    16.713     8.759
  1349.392    16.625     8.803
  1349.502    16.493     8.980
  1349.613    16.361     9.113
  1349.726    16.229     9.246
  1349.840    16.098     9.334
  1349.966    16.010     9.334
  1350.082    15.879     9.378
  1350.195    15.659     9.422
  1350.321    15.264     9.555
  1350.540    15.264     9.555
  1350.653    15.089     9.644
  1350.763    14.957     9.688
  1350.876    14.913     9.688
  1350.999    14.826     9.732
  1351.133    14.826     9.732
  1351.247    14.782     9.821
  1351.369    14.782     9.909
  1351.481    14.782     9.954
  1351.588    14.738    10.042
  1351.697    14.738    10.130
  1351.811    14.650    10.175
  1351.935    14.519    10.307
  1352.049    14.475    10.351
  1352.157    14.387    10.440
  1352.263    14.124    10.661
  1352.372    14.124    10.661
  1352.479    14.080    10.926
  1352.586    14.080    11.015
  1352.698    14.080    11.104
  1352.812    14.299    11.369
  1352.919    14.343    11.457
  1353.033    14.431    11.679
  1353.151    14.431    11.723
  1353.267    14.606    12.076
  1353.376    14.694    12.254
  1353.486    14.694    12.254
  1353.602    14.782    12.430
  1353.706    14.826    12.740
  1353.819    14.913    12.961
  1353.927    15.133    13.448
  1354.035    15.308    13.846
  1355.506    15.308    13.846
  1355.620    15.308    14.067
  1355.728    15.308    14.199
  1355.844    15.352    14.377
  1355.964    15.352    14.377
  1356.075    15.440    14.642
  1356.194    15.440    14.774
  1356.327    15.484    14.952
  1356.435    15.528    15.173
  1356.546    15.528    15.349
  1356.668    15.572    15.438
  1356.776    15.572    15.482
  1356.884    15.703    15.659
  1356.994    15.835    15.881
  1357.101    15.879    16.013
  1357.210    15.967    16.146
  1357.324    15.967    16.278
  1357.453    16.054    16.456
  1357.560    16.098    16.499
  1357.683    16.142    16.544
  1357.791    16.142    16.544
  1357.900    16.186    16.544
  1358.009    16.186    16.588
  1358.127    16.274    16.765
  1358.245    16.274    16.765
  1358.360    16.274    16.809
  1358.490    16.274    16.898
  1358.599    16.405    16.942
  1358.710    16.405    16.942
  1358.821    16.581    17.074
  1358.933    16.756    17.163
  1359.040    16.975    17.296
  1359.151    17.020    17.384
  1359.261    17.020    17.561
  1359.376    17.020    17.694
  1359.830    17.020    17.694
  1359.944    17.107    17.782
  1360.050    17.195    17.915
  1360.160    17.239    17.959
  1360.266    17.239    17.959
  1360.373    17.239    18.003
  1360.484    17.239    18.092
  1360.592    17.239    18.136
  1360.706    17.239    18.180
  1360.816    17.195    18.180
  1360.924    17.195    18.269
  1361.273    17.195    18.269
  1361.383    17.195    18.136
  1361.501    17.327    17.915
  1361.623    17.370    17.871
  1361.731    17.414    17.871
  1361.850    17.458    17.871
  1362.064    17.458    17.871
  1362.179    17.589    17.871
  1362.296    17.721    18.092
  1362.408    17.897    18.269
  1362.520    17.941    18.446
  1362.630    18.028    18.578
  1362.741    18.028    18.623
  1362.854    18.160    18.844
  1362.970    18.380    19.109
  1363.080    18.687    19.286
  1363.192    18.774    19.330
  1363.307    18.818    19.375
  1363.629    18.818    19.375
  1363.744    18.862    19.419
  1363.859    18.862    19.507
  1363.982    18.862    19.551
  1364.093    18.862    19.640
  1364.326    18.862    19.640
  1364.442    18.862    19.684
  1364.553    18.862    19.729
  1364.662    18.906    19.905
  1364.773    18.950    20.082
  1364.889    19.037    20.347
  1365.009    19.169    20.569
  1365.121    19.389    20.922
  1365.245    19.433    21.055
  1365.353    19.476    21.232
  1365.466    19.564    21.454
  1365.575    19.652    21.542
  1365.683    19.783    21.719
  1365.795    19.959    21.940
  1365.915    20.003    22.029
  1366.027    20.003    22.161
  1366.138    19.915    22.205
  1366.467    19.915    22.205
  1366.592    19.871    22.205
  1366.702    19.827    22.205
  1367.496    19.827    22.205
  1367.619    19.827    22.250
  1367.729    19.827    22.250
  1367.840    19.783    22.250
  1367.951    19.783    22.250
  1368.075    19.740    22.382
  1368.543    19.740    22.382
  1368.652    19.740    22.471
  1368.758    19.608    22.780
  1369.215    19.608    22.780
  1369.323    19.476    22.780
  1369.431    19.476    22.736
  1371.642    19.476    22.736
  1371.751    19.520    22.736
  1371.865    19.564    22.736
  1372.435    19.564    22.736
  1372.557    19.696    22.869
  1372.670    19.827    22.957
  1372.779    19.871    23.046
  1372.891    19.871    23.090
  1374.030    19.871    23.090
  1374.138    19.871    23.178
  1374.247    19.915    23.223
  1374.359    19.915    23.223
  1374.468    19.915    23.355
  1374.585    20.003    23.488
  1374.694    20.003    23.532
  1374.805    20.003    23.577
  1374.922    20.003    23.753
  1376.515    20.003    23.753
  1376.624    20.047    23.798
  1376.843    20.047    23.798
  1376.950    20.178    23.886
  1377.061    20.354    24.019
  1377.169    20.354    24.019
  1377.278    20.398    24.328
  1377.409    20.442    24.373
  1377.518    20.442    24.417
  1377.633    20.486    24.461
  1377.742    20.486    24.461
  1377.852    20.486    24.505
  1377.978    20.573    24.549
  1378.083    20.573    24.549
  1378.191    20.573    24.594
  1378.319    20.573    24.638
  1378.648    20.573    24.638
  1378.757    20.661    24.638
  1378.865    20.661    24.727
  1378.973    20.661    24.770
  1379.081    20.661    24.815
  1379.210    20.661    24.859
  1379.323    20.661    24.859
  1379.450    20.661    24.992
  1379.558    20.661    24.992
  1379.667    20.661    25.036
  1379.777    20.661    25.036
  1379.885    20.661    25.080
  1379.998    20.661    25.169
  1380.107    20.661    25.169
  1380.218    20.705    25.213
  1380.329    20.705    25.213
  1380.437    20.749    25.257
  1380.560    20.836    25.257
  1381.702    20.836    25.257
  1381.810    20.924    25.257
  1382.719    20.924    25.257
  1382.830    20.749    25.346
  1383.168    20.749    25.346
  1383.290    20.749    25.434
  1383.404    20.749    25.832
  1385.633    20.749    25.832
  1385.769    20.793    25.832
  1386.218    20.793    25.832
  1386.326    20.793    25.877
  1386.452    20.793    25.921
  1386.563    20.836    25.921
  1386.681    20.881    25.921
  1386.805    21.012    25.921
  1387.809    21.012    25.921
  1387.923    21.012    25.788
  1388.048    21.012    25.788
  1388.159    21.012    25.611
  1388.278    21.056    25.611
  1388.389    21.143    25.523
  1388.498    21.188    25.478
  1388.606    21.231    25.478
  1388.735    21.231    25.478
  1388.841    21.319    25.478
  1391.801    21.319    25.478
  1391.923    21.450    25.478
  1392.033    21.670    25.478
  1392.141    21.889    25.478
  1392.249    22.021    25.478
  1392.377    22.196    25.478
  1392.484    22.372    25.478
  1392.591    22.460    25.523
  1392.698    22.460    25.611
  1393.135    22.460    25.611
  1393.243    22.416    25.655
  1393.351    22.372    25.699
  1394.049    22.372    25.699
  1394.160    22.460    25.744
  1394.267    22.460    25.744
  1394.376    22.591    25.832
  1394.485    22.591    25.877
  1397.808    22.591    25.877
  1397.921    22.679    25.877
  1398.033    22.679    25.877
  1398.146    22.723    25.877
  1398.257    22.811    25.877
  1398.369    22.855    25.877
  1398.482    22.942    25.877
  1398.589    23.030    25.877
  1398.701    23.381    25.965
  1398.816    23.601    26.009
  1398.924    23.601    26.009
  1399.054    23.644    26.009
  1399.174    23.951    26.053
  1399.283    24.259    26.053
  1399.390    24.302    26.053
  1399.498    24.347    26.053
  1399.613    24.434    26.053
  1399.728    24.566    26.053
  1399.835    24.697    26.053
  1399.954    24.961    26.053
  1400.081    25.004    26.053
  1400.202    25.048    26.053
  1400.974    25.048    26.053
  1401.083    25.180    26.098
  1406.546    25.180    26.098
  1406.658    25.136    26.098
  1420.954    25.136    26.098
  1421.062    25.224    26.098
  1421.169    25.356    26.186
  1421.278    25.356    26.186
  1421.399    25.531    26.274
  1421.947    25.531    26.274
  1422.064    25.531    26.319
  1422.286    25.531    26.319
  1422.414    25.575    26.319
  1422.521    25.575    26.363
  1422.635    25.750    26.584
  1422.758    26.014    26.628
  1423.303    26.014    26.628
  1423.414    25.970    26.628
  1424.320    25.970    26.628
  1424.432    25.926    26.628
  1426.367    25.926    26.628
  1426.492    25.926    26.717
  1426.816    25.926    26.717
  1426.929    25.926    26.806
  1434.055    25.926    26.806
  1434.170    25.750    26.894
  1434.283    26.496    26.806
  1434.402    27.155    26.673
  1434.511    27.155    26.673
  1434.625    27.329    26.673
  1434.743    27.593    26.761
  1434.851    27.769    26.849
  1434.966    27.812    26.849
  1435.095    27.812    26.849
  1435.205    27.900    26.849
  1435.320    27.900    26.849
  1435.435    28.032    26.849
  1435.552    28.163    26.849
  1435.781    28.163    26.849
  1435.915    28.515    26.806
  1436.022    28.602    26.806
  1436.251    28.602    26.806
  1436.371    28.690    26.806
  1436.480    28.734    26.761
  1436.595    28.822    26.761
  1436.709    28.822    26.761
  1436.817    29.129    26.761
  1436.939    29.172    26.761
  1438.205    29.172    26.761
  1438.314    29.436    26.761
  1440.560    29.436    26.761
  1440.668    29.568    26.761
  1440.777    29.568    26.761
  1440.886    29.611    26.761
  1441.002    29.743    26.761
  1441.131    29.962    26.628
  1441.240    30.050    26.584
  1441.352    30.225    26.584
  1441.469    30.269    26.584
  1441.576    30.269    26.584
  1441.692    30.357    26.584
  1441.801    30.533    26.584
  1441.912    30.752    26.496
  1442.025    30.971    26.452
  1442.133    31.103    26.363
  1442.249    31.278    26.319
  1442.360    31.323    26.319
  1442.473    31.498    26.319
  1442.584    31.498    26.274
  1442.697    31.673    26.186
  1442.810    31.761    26.098
  1442.927    31.805    26.053
  1443.041    31.805    26.053
  1443.152    31.937    26.009
  1443.264    32.069    25.921
  1443.374    32.156    25.921
  1443.484    32.244    25.921
  1443.593    32.331    25.921
  1443.703    32.551    25.877
  1443.811    32.814    25.788
  1443.918    33.033    25.744
  1444.044    33.253    25.611
  1444.159    33.429    25.567
  1444.270    33.472    25.567
  1444.377    33.516    25.523
  1444.486    33.516    25.523
  1444.596    33.560    25.478
  1444.814    33.560    25.478
  1444.931    33.429    25.567
  1445.379    33.429    25.567
  1445.488    33.560    25.434
  1445.609    33.648    25.390
  1445.719    33.691    25.346
  1445.826    33.691    25.302
  1445.935    33.691    25.169
  1446.049    33.691    25.124
  1446.163    33.691    24.992
  1446.281    33.823    24.815
  1446.404    33.911    24.727
  1446.514    33.911    24.682
  1446.626    33.998    24.594
  1446.736    34.043    24.549
  1446.844    34.043    24.549
  1446.962    34.043    24.461
  1447.856    34.043    24.461
  1447.973    34.043    24.417
  1448.083    34.043    24.373
  1448.209    34.043    24.328
  1448.313    34.043    24.328
  1448.421    34.043    24.284
  1448.534    34.043    24.240
  1449.333    34.043    24.240
  1449.441    34.043    24.196
  1459.932    34.043    24.196
  1460.042    34.043    24.373
  1460.151    34.043    24.461
  1460.259    34.043    24.505
  1460.814    34.043    24.505
  1460.922    33.998    24.417
  1461.029    33.998    24.373
  1461.133    33.998    24.328
  1461.242    33.998    24.284
  1461.353    33.998    24.152
  1461.478    33.998    24.019
  1461.590    33.998    24.019
  1461.704    34.043    23.930
  1461.813    34.043    23.886
  1461.921    34.043    23.842
  1462.028    34.043    23.842
  1462.150    34.130    23.621
  1462.264    34.174    23.532
  1462.378    34.174    23.488
  1462.491    34.218    23.400
  1462.619    34.262    23.311
  1462.733    34.262    23.311
  1462.841    34.306    23.311
  1462.960    34.350    23.311
  1463.083    34.350    23.311
  1463.190    34.394    23.311
  1463.878    34.394    23.311
  1463.988    34.394    23.577
  1465.921    34.394    23.577
  1466.034    34.306    23.621
  1466.144    34.218    23.665
  1466.254    33.998    23.798
  1474.299    33.998    23.798
  1474.407    33.955    23.798
  1474.516    33.911    23.753
  1484.012    33.911    23.753
  1484.121    34.043    23.753
  1484.229    34.086    23.753
  1484.338    34.130    23.753
  1488.328    34.130    23.753
  1488.438    34.130    24.063
  1488.548    34.130    24.107
  1488.658    34.130    24.196
  1488.777    34.130    24.284
  1488.892    34.086    24.373
  1489.008    34.043    24.505
  1489.233    34.043    24.505
  1489.339    34.043    24.549
  1489.449    34.043    24.594
  1489.565    34.043    24.638
  1489.819    34.043    24.638
  1489.926    34.043    24.727
  1490.045    34.043    24.770
  1492.402    34.043    24.770
  1492.509    34.043    24.815
  1492.955    34.043    24.815
  1493.067    34.043    24.903
  1493.175    34.043    24.992
  1493.284    34.043    24.992
  1493.397    33.998    25.124
  1493.519    33.998    25.213
  1493.632    33.998    25.213
  1493.739    33.998    25.257
  1493.847    33.998    25.302
  1494.307    33.998    25.302
  1494.426    33.998    25.346
  1494.534    33.998    25.390
  1495.086    33.998    25.390
  1495.206    33.998    25.434
  1511.960    33.998    25.434
  1512.089    33.955    25.434
  1512.209    33.955    25.434
  1512.318    33.823    25.434
  1512.538    33.823    25.434
  1512.652    33.736    25.434
  1513.460    33.736    25.434
  1513.568    33.604    25.434
  1536.687    33.604    25.434
  1536.797    33.560    25.434
  1536.923    33.384    25.434
  1537.039    33.384    25.434
  1537.147    33.253    25.346
  1537.257    33.121    25.213
  1537.376    33.077    25.169
  1537.485    33.033    25.169
  1537.601    33.033    25.124
  1537.711    32.902    25.080
  1537.821    32.726    24.948
  1537.938    32.638    24.948
  1538.047    32.507    24.859
  1538.155    32.419    24.815
  1538.262    32.419    24.815
  1538.376    32.376    24.815
  1538.492    32.112    24.770
  1538.602    32.069    24.770
  1538.714    32.069    24.770
  1538.826    32.024    24.770
  1539.173    32.024    24.770
  1539.295    31.981    24.727
  1539.405    31.849    24.638
  1539.525    31.805    24.638
  1539.635    31.585    24.638
  1540.338    31.585    24.638
  1540.446    31.585    24.727
  1540.573    31.585    24.903
  1540.681    31.585    24.903
  1540.792    31.410    24.859
  1540.913    31.366    24.815
  1541.021    31.323    24.770
  1541.136    31.147    24.727
  1541.243    31.015    24.594
  1541.353    30.884    24.549
  1541.460    30.796    24.549
  1541.573    30.796    24.549
  1541.680    30.620    24.549
  1541.810    30.357    24.461
  1541.922    30.269    24.417
  1542.596    30.269    24.417
  1542.708    30.357    24.417
  1543.508    30.357    24.417
  1543.619    30.533    24.417
  1543.728    30.577    24.417
  1543.849    30.577    24.417
  1543.960    30.620    24.417
  1544.069    30.752    24.417
  1544.182    30.840    24.417
  1544.624    30.840    24.417
  1544.734    30.840    24.461
  1545.518    30.840    24.461
  1545.628    30.840    24.505
  1546.546    30.840    24.505
  1546.656    30.664    24.505
  1546.767    30.489    24.505
  1546.875    30.445    24.505
  1546.989    30.225    24.505
  1547.097    30.182    24.505
  1547.221    30.006    24.549
  1547.335    29.743    24.549
  1547.440    29.611    24.549
  1547.560    29.568    24.549
  1548.123    29.568    24.549
  1548.252    29.523    24.549
  1548.363    29.392    24.549
  1548.479    29.260    24.549
  1548.604    29.216    24.549
  1548.714    29.129    24.549
  1548.824    29.041    24.549
  1548.932    28.997    24.549
  1550.737    28.997    24.549
  1550.848    28.909    24.549
  1550.960    28.909    24.549
  1551.079    28.865    24.505
  1551.207    28.777    24.417
  1552.120    28.777    24.417
  1552.248    28.777    24.373
  1552.699    28.777    24.373
  1552.811    28.777    24.328
  1552.920    28.777    24.328
  1553.044    28.777    24.284
  1553.174    28.777    24.240
  1553.282    28.777    24.152
  1553.389    28.777    23.974
  1553.502    28.777    23.930
  1553.732    28.777    23.930
  1553.841    28.777    23.842
  1556.582    28.777    23.842
  1556.690    28.427    23.842
  1556.800    28.120    23.798
  1556.928    27.944    23.709
  1557.148    27.944    23.709
  1557.273    27.988    23.665
  1557.378    28.032    23.621
  1557.485    28.032    23.621
  1557.592    28.076    23.621
  1557.700    28.076    23.577
  1557.808    28.163    23.532
  1558.256    28.163    23.532
  1558.372    28.163    23.355
  1558.492    28.163    23.178
  1558.601    28.163    23.046
  1558.723    28.163    22.780
  1558.834    28.163    22.604
  1558.944    28.163    22.471
  1559.056    28.076    22.294
  1559.174    28.076    22.250
  1559.284    28.076    22.250
  1559.409    28.032    22.161
  1559.517    27.988    22.073
  1559.641    27.944    21.940
  1559.749    27.900    21.807
  1559.859    27.812    21.719
  1559.966    27.812    21.675
  1560.090    27.812    21.630
  1560.198    27.812    21.586
  1560.325    27.769    21.454
  1560.454    27.724    21.365
  1560.565    27.593    21.276
  1560.677    27.505    21.144
  1560.788    27.417    20.967
  1560.899    27.374    20.922
  1561.243    27.374    20.922
  1561.372    27.374    20.879
  1561.478    27.329    20.746
  1561.586    27.242    20.613
  1561.700    27.242    20.569
  1561.808    27.242    20.569
  1561.917    27.242    20.525
  1562.044    27.242    20.525
  1562.175    27.242    20.480
  1563.638    27.242    20.480
  1563.751    27.242    20.436
  1563.862    27.242    20.347
  1563.976    27.198    20.259
  1564.094    27.198    20.259
  1564.205    27.155    20.171
  1564.326    27.155    20.126
  1564.444    27.155    20.126
  1564.554    27.155    20.082
  1564.665    27.155    20.038
  1565.585    27.155    20.038
  1565.696    27.155    19.994
  1566.047    27.155    19.994
  1566.172    27.110    19.950
  1566.280    27.110    19.950
  1566.390    27.110    19.905
  1566.612    27.110    19.905
  1566.720    27.110    19.861
  1568.562    27.110    19.861
  1568.675    27.066    19.861
  1570.387    27.066    19.861
  1570.494    27.066    19.817
  1570.606    27.066    19.817
  1570.721    27.066    19.729
  1570.837    27.110    19.551
  1570.970    27.110    19.507
  1571.088    27.155    19.375
  1571.205    27.155    19.330
  1571.313    27.198    19.330
  1571.427    27.198    19.330
  1571.534    27.242    19.286
  1571.644    27.286    19.242
  1571.762    27.329    19.197
  1571.887    27.374    19.197
  1572.007    27.417    19.109
  1572.116    27.505    19.021
  1572.778    27.505    19.021
  1572.889    27.505    18.932
  1573.012    27.505    18.932
  1573.123    27.505    18.844
  1573.340    27.505    18.844
  1573.447    27.505    18.755
  1573.555    27.505    18.755
  1573.659    27.593    18.667
  1573.770    27.593    18.667
  1573.885    27.637    18.667
  1574.005    27.681    18.623
  1574.113    27.769    18.534
  1574.248    27.812    18.534
  1574.357    27.856    18.534
  1574.486    28.076    18.357
  1574.593    28.163    18.225
  1574.704    28.251    18.136
  1574.814    28.251    18.136
  1574.925    28.295    18.136
  1575.036    28.383    18.136
  1575.166    28.470    18.092
  1575.952    28.470    18.092
  1576.064    28.558    18.003
  1576.193    28.734    17.827
  1576.301    28.997    17.694
  1576.406    29.129    17.561
  1576.521    29.172    17.473
  1576.638    29.172    17.296
  1576.748    29.085    17.031
  1576.857    28.997    16.809
  1576.967    28.865    16.411
  1577.097    28.865    16.278
  1577.212    28.865    16.278
  1577.319    28.909    16.278
  1577.438    29.041    16.278
  1577.548    29.129    16.278
  1577.654    29.129    16.278
  1577.762    29.172    16.234
  1577.878    29.172    16.234
  1578.002    29.172    16.102
  1578.126    29.172    16.102
  1578.243    29.172    16.057
  1578.357    29.216    16.057
  1578.468    29.260    16.013
  1578.575    29.304    16.013
  1578.794    29.304    16.013
  1578.914    29.348    16.013
  1581.609    29.348    16.013
  1581.729    29.348    15.924
  1585.815    29.348    15.924
  1585.923    29.304    15.924
  1587.894    29.304    15.924
  1588.012    29.304    15.969
  1588.129    29.304    16.057
  1588.690    29.304    16.057
  1588.801    29.304    16.102
  1588.917    29.304    16.146
  1589.582    29.304    16.146
  1589.696    29.216    16.146
  1594.803    29.216    16.146
  1594.911    29.041    15.924
  1595.019    28.997    15.881
  1595.130    28.909    15.659
  1595.252    28.734    15.438
  1595.362    28.602    15.217
  1595.483    28.558    15.084
  1595.591    28.251    14.863
  1595.714    28.120    14.863
  1595.831    28.120    14.863
  1595.942    28.032    14.819
  1596.056    28.032    14.819
  1596.175    27.988    14.819
  1596.282    27.988    14.819
  1596.411    27.944    14.819
  1603.733    27.944    14.819
  1603.848    27.681    14.819
  1603.974    27.637    14.819
  1604.083    27.637    14.819
  1604.193    27.549    14.819
  1607.204    27.549    14.819
  1607.322    27.462    14.819
  1607.434    27.286    14.907
  1607.553    27.286    14.907
  1607.671    27.110    14.996
  1608.002    27.110    14.996
  1608.118    27.110    15.040
  1608.236    27.110    15.084
  1608.360    27.110    15.084
  1608.469    27.110    15.173
  1608.577    27.110    15.173
  1608.685    26.978    15.217
  1608.793    26.978    15.217
  1608.911    26.935    15.394
  1614.220    26.935    15.394
  1614.328    26.935    15.482
  1617.036    26.935    15.482
  1617.150    26.935    15.527
  1617.264    26.847    15.659
  1617.489    26.847    15.659
  1617.598    26.847    15.703
  1627.007    26.847    15.703
  1627.118    26.716    15.703
  1627.237    26.628    15.703
  1627.351    26.584    15.748
  1629.390    26.584    15.748
  1629.504    26.233    15.748
  1629.617    25.926    15.748
  1629.729    25.707    15.792
  1629.850    25.443    16.013
  1629.972    25.399    16.057
  1630.318    25.399    16.057
  1630.438    25.356    16.057
  1630.549    25.224    16.057
  1630.659    24.829    16.190
  1631.248    24.829    16.190
  1631.363    24.741    16.190
  1631.928    24.741    16.190
  1632.038    24.654    16.190
  1632.158    24.478    16.234
  1632.831    24.478    16.234
  1632.939    24.347    16.367
  1633.051    24.347    16.367
  1633.160    24.302    16.367
  1633.292    24.215    16.367
  1633.406    24.127    16.456
  1633.517    24.039    16.456
  1633.633    23.820    16.499
  1634.866    23.820    16.499
  1634.974    23.688    16.499
  1635.086    23.644    16.499
  1638.891    23.644    16.499
  1639.006    23.469    16.499
  1639.124    23.294    16.323
  1639.248    23.118    16.190
  1639.361    23.030    16.146
  1639.473    22.942    15.969
  1639.580    22.855    15.969
  1639.689    22.855    15.969
  1639.801    22.767    15.881
  1639.909    22.723    15.792
  1640.017    22.679    15.615
  1640.128    22.591    15.438
  1640.578    22.591    15.438
  1640.686    22.548    15.305
  1640.795    22.416    15.084
  1640.904    22.372    14.863
  1641.012    22.328    14.642
  1641.121    22.284    14.598
  1641.347    22.284    14.598
  1641.453    22.241    14.598
  1641.673    22.241    14.598
  1641.783    22.196    14.642
  1641.898    22.196    14.819
  1642.014    22.196    14.907
  1646.352    22.196    14.907
  1646.465    22.241    14.907
  1646.576    22.241    14.863
  1646.685    22.241    14.819
  1646.812    22.284    14.553
  1646.923    22.328    14.421
  1647.034    22.328    14.377
  1647.253    22.328    14.377
  1647.366    22.328    14.332
  1651.662    22.328    14.332
  1651.775    22.328    14.288
  1651.883    22.328    14.244
  1652.010    22.328    14.199
  1652.125    22.328    14.199
  1652.231    22.328    14.067
  1652.357    22.328    13.890
  1652.465    22.284    13.802
  1652.576    22.284    13.802
  1652.686    22.284    13.713
  1658.893    22.284    13.713
  1659.003    22.284    13.669
  1671.251    22.284    13.669
  1671.360    22.065    13.934
  1671.471    22.065    13.934
  1671.582    21.934    13.978
  1671.794    21.934    13.978
  1671.917    21.889    13.978
  1672.053    21.802    13.978
  1682.729    21.802    13.978
  1682.836    21.495    13.802
  1682.965    21.407    13.757
  1683.088    21.143    13.536
  1683.193    20.968    13.359
  1683.307    20.749    13.226
  1683.415    20.661    13.138
  1705.209    20.661    13.138
  1705.324    20.661    13.271
  1705.444    20.661    13.315
  1707.583    20.661    13.315
  1707.693    20.705    13.315
  1707.804    20.705    13.315
  1707.929    20.749    13.315
  1708.153    20.749    13.315
  1708.264    20.836    13.315
  1710.446    20.836    13.315
  1710.552    20.968    13.315
  1710.663    20.968    13.315
  1710.772    21.012    13.315
  1710.892    21.056    13.315
  1711.332    21.056    13.315
  1711.436    21.143    13.315
  1712.571    21.143    13.315
  1712.682    21.143    13.226
  1712.805    21.143    13.182
  1713.474    21.143    13.182
  1713.579    21.143    13.138
  1713.687    21.143    13.138
  1713.802    21.143    13.094
  1716.102    21.143    13.094
  1716.221    21.143    13.005
  1716.334    21.143    13.005
  1716.443    21.231    12.873
  1716.552    21.231    12.873
  1716.660    21.275    12.829
  1716.995    21.275    12.829
  1717.111    21.319    12.829
  1719.045    21.319    12.829
  1719.153    21.363    12.829
  1719.281    21.407    12.829
  1719.522    21.407    12.829
  1719.637    21.363    12.829
  1719.750    21.319    12.829
  1719.875    21.319    12.829
  1719.993    21.275    12.829
  1720.121    21.143    12.829
  1720.242    21.143    12.829
  1720.349    21.056    12.829
  1738.216    21.056    12.829
  1738.323    21.188    13.050
  1738.440    21.188    13.094
  1738.567    21.231    13.403
  1738.676    21.407    13.625
  1738.789    21.407    13.625
  1738.899    21.626    13.802
  1739.590    21.626    13.802
  1739.701    21.626    13.846
  1743.053    21.626    13.846
  1743.171    21.450    13.846
  1743.288    21.363    13.846
  1765.388    21.363    13.846
  1765.496    21.363    13.890
  1765.606    21.363    14.023
  1766.309    21.363    14.023
  1766.422    21.319    14.023
  1767.115    21.319    14.023
  1767.227    21.319    14.067
  1767.341    21.275    14.244
  1767.449    21.231    14.465
  1767.563    21.231    14.598
  1769.932    21.231    14.598
  1770.041    21.231    14.509
  1770.953    21.231    14.509
  1771.067    21.275    14.509
  1771.184    21.319    14.509
  1772.313    21.319    14.509
  1772.419    21.363    14.465
  1775.821    21.363    14.465
  1775.927    21.407    14.377
  1776.039    21.407    14.244
  1776.263    21.407    14.244
  1776.369    21.450    14.244
  1776.487    21.582    14.199
  1776.595    21.934    14.111
  1776.821    21.934    14.111
  1776.930    21.977    14.111
  1777.043    22.021    14.067
  1777.278    22.021    14.067
  1777.403    22.065    14.067
  1777.522    22.153    14.023
  1777.741    22.153    14.023
  1777.853    22.153    13.978
  1779.446    22.153    13.978
  1779.554    22.153    13.934
  1779.771    22.153    13.934
  1779.877    22.196    13.890
  1779.985    22.196    13.890
  1780.096    22.196    13.846
  1780.209    22.196    13.846
  1780.320    22.241    13.846
  1780.432    22.284    13.846
  1780.542    22.328    13.846
  1780.652    22.328    13.846
  1780.766    22.548    13.846
  1780.892    22.679    13.846
  1781.340    22.679    13.846
  1781.452    22.635    13.846
  1781.575    22.635    13.846
  1781.687    22.284    13.890
  1781.815    22.241    13.890
  1782.152    22.241    13.890
  1782.263    22.196    13.890
  1782.370    22.109    13.934
  1782.481    22.109    13.934
  1782.588    22.065    13.934
  1782.696    22.021    13.934
  1783.152    22.021    13.934
  1783.265    22.021    14.023
  1783.373    22.021    14.067
  1795.823    22.021    14.067
  1795.944    22.241    14.067
  1796.492    22.241    14.067
  1796.609    22.284    14.067
  1796.848    22.284    14.067
  1796.967    22.372    14.067
  1797.074    22.416    14.067
  1797.412    22.416    14.067
  1797.530    22.241    14.332
  1797.642    22.021    14.421
  1797.754    21.538    14.553
  1797.869    21.450    14.598
  1797.982    21.538    14.598
  1798.094    21.538    14.598
  1798.201    22.109    14.465
  1798.311    22.196    14.421
  1798.421    22.196    14.377
  1798.536    22.109    14.111
  1810.323    22.109    14.111
  1810.447    21.889    14.111
  1810.555    21.758    14.111
  1810.664    21.450    14.111
  1810.773    21.363    14.111
  1818.451    21.363    14.111
  1818.563    21.319    14.111
  1818.670    21.143    14.111
  1818.779    21.056    14.111
  1818.897    21.012    14.288
  1819.013    20.924    14.509
  1819.128    20.749    14.730
  1819.788    20.749    14.730
  1819.902    20.705    14.730
  1821.703    20.705    14.730
  1821.813    20.661    14.730
  1822.142    20.661    14.730
  1822.251    20.617    14.730
  1822.717    20.617    14.730
  1822.825    20.529    14.730
  1822.935    20.486    14.730
  1823.042    20.442    14.774
  1823.162    20.398    14.907
  1823.735    20.398    14.907
  1823.843    20.354    14.907
  1824.885    20.354    14.907
  1824.992    20.354    14.952
  1845.145    20.354    14.952
  1845.255    20.354    14.996
  1845.817    20.354    14.996
  1845.925    20.398    15.084
  1846.038    20.573    15.173
  1846.161    20.661    15.217
  1846.274    20.661    15.261
  1849.493    20.661    15.261
  1849.612    20.749    15.482
  1856.957    20.749    15.482
  1857.067    20.836    15.482
  1857.174    21.012    15.482
  1857.284    21.231    15.527
  1857.391    21.363    15.527
  1857.503    21.450    15.703
  1857.616    21.538    15.881
  1857.728    21.582    15.969
  1857.847    21.582    15.969
  1857.957    21.626    16.013
  1858.070    21.626    16.057
  1858.183    21.714    16.278
  1858.291    21.714    16.367
  1858.410    21.758    16.411
  1858.521    21.758    16.456
  1858.746    21.758    16.456
  1858.860    21.802    16.456
  1858.975    21.846    16.544
  1859.084    22.021    16.765
  1859.193    22.153    16.898
  1859.305    22.328    17.074
  1859.417    22.503    17.296
  1859.525    22.591    17.428
  1859.633    22.635    17.473
  1859.740    22.635    17.561
  1859.846    22.635    17.605
  1860.285    22.635    17.605
  1860.412    22.591    17.605
  1861.282    22.591    17.605
  1861.387    22.591    17.650
  1861.494    22.591    17.694
  1861.606    22.591    17.694
  1861.724    22.635    17.915
  1861.835    22.767    18.136
  1861.963    23.030    18.313
  1862.072    23.074    18.357
  1862.180    23.074    18.446
  1862.291    23.074    18.490
  1862.399    22.942    18.667
  1862.526    22.942    18.755
  1862.656    22.942    18.932
  1863.329    22.942    18.932
  1863.440    22.942    19.153
  1863.552    22.855    19.640
  1863.662    22.811    20.082
  1863.774    22.898    20.392
  1863.888    23.030    20.701
  1864.002    23.118    20.922
  1864.233    23.118    20.922
  1864.340    23.074    20.879
  1864.575    23.074    20.879
  1864.685    22.898    21.055
  1864.812    22.811    21.276
  1864.922    22.811    21.365
  1865.042    22.811    21.409
  1865.152    22.811    21.409
  1865.263    22.811    21.321
  1865.379    22.811    21.276
  1866.399    22.811    21.276
  1866.527    22.855    21.232
  1869.144    22.855    21.232
  1869.254    22.898    21.188
  1869.374    22.986    21.055
  1869.484    23.030    20.922
  1869.605    23.030    20.879
  1869.713    23.030    20.834
  1869.832    23.030    20.746
  1869.951    23.030    20.746
  1870.066    23.030    20.790
  1870.173    23.118    20.967
  1884.529    23.118    20.967
  1884.642    23.118    21.144
  1884.755    23.118    21.276
  1884.863    23.118    21.409
  1884.971    23.162    21.498
  1889.967    23.162    21.498
  1890.078    23.337    21.675
  1890.193    23.381    21.675
  1891.286    23.381    21.675
  1891.393    24.083    22.073
  1898.558    24.083    22.073
  1898.672    24.083    22.338
  1898.779    24.083    22.382
  1898.891    24.083    22.382
  1899.007    24.083    22.426
  1899.137    24.127    22.515
  1899.246    24.215    22.604
  1899.361    24.347    22.692
  1899.469    24.347    22.692
  1899.579    24.347    22.825
  1899.688    24.347    22.869
  1899.796    24.347    22.913
  1899.906    24.302    23.046
  1900.020    24.215    23.090
  1900.372    24.215    23.090
  1900.494    24.302    23.223
  1900.603    24.347    23.311
  1900.710    24.347    23.311
  1900.822    24.302    23.311
  1900.946    24.259    23.355
  1901.066    24.259    23.400
  1901.188    24.259    23.488
  1901.295    24.259    23.532
  1901.840    24.259    23.532
  1901.949    24.171    23.842
  1902.062    24.171    24.107
  1902.178    24.171    24.373
  1902.303    23.864    24.682
  1902.415    23.820    24.727
  1902.530    23.820    24.727
  1902.639    23.732    24.770
  1902.751    23.732    24.815
  1902.861    23.688    24.815
  1902.979    23.556    24.903
  1903.108    23.469    24.903
  1903.215    23.381    24.903
  1903.331    23.381    24.903
  1903.451    23.249    24.992
  1903.559    22.986    25.080
  1903.670    22.942    25.124
  1903.781    22.898    25.124
  1903.898    22.723    25.169
  1904.009    22.548    25.257
  1904.131    22.460    25.302
  1904.240    22.416    25.302
  1904.354    22.372    25.390
  1904.467    22.328    25.434
  1904.576    22.284    25.478
  1904.695    22.109    25.744
  1904.811    22.065    25.788
  1905.379    22.065    25.788
  1905.493    22.021    25.788
  1905.934    22.021    25.788
  1906.068    21.934    25.788
  1906.518    21.934    25.788
  1906.626    21.802    25.788
  1908.315    21.802    25.788
  1908.421    21.802    25.699
  1908.527    21.758    25.655
  1909.082    21.758    25.655
  1909.189    21.846    25.567
  1909.303    21.846    25.567
  1909.418    21.626    25.567
  1910.333    21.626    25.567
  1910.443    21.143    25.302
  1910.570    21.100    25.302
  1910.689    21.100    25.302
  1910.800    21.100    25.523
  1910.909    21.100    25.655
  1911.017    21.100    25.744
  1911.237    21.100    25.744
  1911.344    20.924    25.611
  1911.455    20.924    25.567
  1911.570    20.924    25.567
  1911.702    20.924    25.699
  1911.810    20.968    25.832
  1911.920    20.968    25.832
  1912.030    20.924    25.832
  1912.144    20.836    25.788
  1912.260    20.793    25.744
  1912.698    20.793    25.744
  1912.818    20.749    25.699
  1913.044    20.749    25.699
  1913.175    20.705    25.699
  1913.284    20.617    25.655
  1913.396    20.573    25.611
  1913.509    20.442    25.611
  1913.628    20.398    25.611
  1913.736    20.222    25.611
  1913.848    20.178    25.611
  1913.958    20.090    25.611
  1914.065    20.090    25.611
  1914.173    20.003    25.611
  1914.282    19.740    25.699
  1914.392    19.433    25.832
  1914.502    19.301    25.877
  1914.613    19.301    25.877
  1914.721    19.169    25.877
  1914.832    18.994    25.877
  1914.954    18.994    25.877
  1915.062    18.950    25.877
  1915.170    18.950    25.877
  1915.280    18.730    25.921
  1915.408    18.730    25.921
  1915.516    18.599    26.053
  1915.627    18.599    26.098
  1915.742    18.599    26.142
  1916.430    18.599    26.142
  1916.541    18.555    26.142
  1916.652    18.423    26.186
  1918.499    18.423    26.186
  1918.607    18.335    26.231
  1918.737    18.292    26.274
  1918.852    18.248    26.319
  1918.964    18.248    26.319
  1919.083    18.248    26.407
  1919.203    18.248    26.496
  1919.313    18.248    26.540
  1919.421    18.204    26.628
  1919.529    18.160    26.673
  1919.659    18.160    26.673
  1919.774    18.073    26.806
  1919.895    18.073    26.806
  1920.004    17.897    27.071
  1920.116    17.853    27.159
  1920.224    17.853    27.159
  1920.334    17.853    27.203
  1920.458    17.853    27.248
  1920.932    17.853    27.248
  1921.040    17.853    27.292
  1921.148    17.853    27.336
  1925.144    17.853    27.336
  1925.254    17.853    27.425
  1925.725    17.853    27.425
  1925.835    17.853    27.469
  1925.942    17.853    27.513
  1926.297    17.853    27.513
  1926.409    17.853    27.557
  1926.524    17.853    27.646
  1926.751    17.853    27.646
  1926.862    17.853    27.690
  1927.082    17.853    27.690
  1927.191    17.853    27.734
  1927.298    17.853    27.911
  1927.409    17.853    27.955
  1927.513    17.853    28.000
  1927.626    17.853    28.044
  1927.754    17.853    28.088
  1927.869    17.985    28.088
  1927.975    18.073    28.176
  1928.084    18.160    28.309
  1928.298    18.160    28.309
  1928.419    18.160    28.353
  1928.984    18.160    28.353
  1929.094    18.160    28.398
  1929.207    18.160    28.398
  1929.335    18.160    28.486
  1930.850    18.160    28.486
  1930.959    18.160    28.530
  1932.318    18.160    28.530
  1932.433    18.116    28.530
  1932.545    18.116    28.619
  1932.659    18.116    28.663
  1932.783    18.116    28.663
  1932.888    18.116    28.707
  1933.688    18.116    28.707
  1933.814    18.116    28.796
  1934.732    18.116    28.796
