     2.325     7.013     5.699
    46.203     7.013     5.699
    46.303     6.890     5.699
    46.706     6.890     5.699
    46.808     6.828     5.699
    46.909     6.705     5.699
    47.010     6.644     5.699
    56.870     6.644     5.699
    56.971     6.767     5.699
    58.782     6.767     5.699
    58.883     6.767     5.761
    75.887     6.767     5.761
    75.989     6.644     5.822
    76.390     6.644     5.822
    76.491     6.583     5.944
    81.321     6.583     5.944
    81.422     6.644     6.006
    81.723     6.644     6.006
    81.824     6.705     6.006
    83.735     6.705     6.006
    83.836     6.767     6.006
    83.936     6.952     6.006
    84.239     6.952     6.006
    84.339     7.013     6.006
    84.640     7.013     6.006
    84.741     7.075     6.006
   393.556     7.075     6.006
   393.655     7.198     6.006
   396.171     7.198     6.006
   396.271     7.136     6.067
   396.372     7.075     6.067
   396.674     7.075     6.067
   396.774     7.013     6.067
   401.302     7.013     6.067
   401.403     6.952     6.128
   500.865     6.952     6.128
   500.965     6.952     6.251
   501.065     6.952     6.312
   503.582     6.952     6.312
   503.681     6.952     6.435
   520.491     6.952     6.435
   520.592     6.952     6.496
   520.692     6.952     6.496
   520.792     6.952     6.557
   520.893     6.952     6.557
   520.994     6.952     6.618
   521.496     6.952     6.618
   521.597     6.952     6.680
   522.303     6.952     6.680
   522.402     6.952     6.741
   522.504     6.952     6.741
   522.603     6.952     6.864
   529.145     6.952     6.864
   529.246     6.952     6.925
   533.673     6.952     6.925
   533.774     7.013     6.925
   534.277     7.013     6.925
   534.377     7.075     6.925
   534.477     7.259     6.925
   540.917     7.259     6.925
   541.017     7.321     6.986
   541.220     7.321     6.986
   541.320     7.382     6.986
   541.421     7.444     6.986
   541.520     7.444     6.986
   541.621     7.567     6.986
   541.721     7.690     6.986
   541.822     7.751     6.986
   541.924     7.751     7.047
   542.527     7.751     7.047
   542.627     7.813     7.047
   542.828     7.813     7.047
   542.930     7.813     7.109
   544.136     7.813     7.109
   544.238     7.997     7.109
   544.338     8.059     7.109
   549.371     8.059     7.109
   549.470     8.121     7.109
   549.571     8.121     7.047
   549.672     8.121     7.047
   549.772     8.121     6.986
   553.396     8.121     6.986
   553.498     8.305     6.986
   553.597     8.305     6.986
   553.698     8.305     6.925
   553.899     8.305     6.925
   554.000     8.305     6.864
   554.100     8.305     6.802
   557.623     8.305     6.802
   557.723     8.305     6.741
   557.824     8.367     6.680
   557.926     8.428     6.557
   558.026     8.428     6.435
   566.277     8.428     6.435
   566.378     8.428     6.496
   566.478     8.428     6.496
   566.579     8.428     6.557
   566.679     8.428     6.618
   566.780     8.428     6.618
   566.880     8.490     6.618
   568.189     8.490     6.618
   568.291     8.551     6.680
   568.692     8.551     6.680
   568.793     8.551     6.741
   568.893     8.551     6.741
   568.994     8.490     6.802
   569.094     8.490     6.925
   569.195     8.490     6.925
   569.296     8.490     6.986
   571.510     8.490     6.986
   571.610     8.490     7.109
   571.812     8.490     7.109
   571.913     8.612     7.109
   572.013     8.612     7.109
   572.114     8.797     7.109
   574.428     8.797     7.109
   574.529     8.920     7.170
   575.335     8.920     7.170
   575.433     9.043     7.170
   575.736     9.043     7.170
   575.836     9.043     7.293
   575.937     9.043     7.476
   576.038     9.043     7.660
   578.855     9.043     7.660
   578.956     8.920     7.660
   579.358     8.920     7.660
   579.458     8.920     7.537
   579.559     8.920     7.537
   579.660     8.920     7.415
   579.760     8.920     7.354
   579.861     8.859     7.354
   580.163     8.859     7.354
   580.263     8.797     7.354
   580.364     8.797     7.231
   580.666     8.797     7.231
   580.766     8.797     7.170
   581.974     8.797     7.170
   582.075     8.736     7.170
   582.779     8.736     7.170
   582.880     8.736     7.109
   582.979     8.736     6.986
   583.081     8.736     6.925
   583.483     8.736     6.925
   583.584     8.736     6.802
   586.200     8.736     6.802
   586.301     8.674     6.802
   586.601     8.674     6.802
   586.703     8.674     6.741
   586.802     8.674     6.680
   587.407     8.674     6.680
   587.508     8.674     6.557
   589.421     8.674     6.557
   589.520     8.490     6.618
   589.622     8.367     6.802
   590.024     8.367     6.802
   590.125     8.490     6.802
   590.326     8.490     6.802
   590.427     8.490     6.864
   590.527     8.551     6.925
   590.628     8.612     6.925
   593.345     8.612     6.925
   593.445     8.551     6.925
   593.950     8.551     6.925
   594.050     8.551     6.802
   594.151     8.551     6.680
   594.252     8.551     6.618
   600.589     8.551     6.618
   600.689     8.428     6.557
   607.433     8.428     6.557
   607.533     8.367     6.557
   607.835     8.367     6.557
   607.936     8.305     6.557
   612.262     8.305     6.557
   612.362     8.244     6.557
   612.866     8.244     6.557
   612.966     8.244     6.496
   622.336     8.244     6.496
   622.436     8.059     6.435
  1772.607     8.059     6.435
  1772.707     7.936     6.435
  1790.114     7.936     6.435
  1790.215     7.874     6.312
  1790.315     7.874     6.251
  1790.719     7.874     6.251
  1790.819     7.813     6.312
  1791.021     7.813     6.312
  1791.136     7.813     6.435
  1791.222     7.874     6.618
  1791.321     7.874     6.680
  1791.422     7.874     6.741
  1791.523     7.874     6.741
  1791.623     7.874     6.557
  1791.725     7.874     6.435
  1791.825     7.874     6.373
  1791.927     7.874     6.312
  1792.027     7.874     6.312
  1792.128     7.874     6.435
  1792.229     7.874     6.435
  1792.330     7.874     6.496
  1792.530     7.874     6.496
  1792.632     7.936     6.496
  1792.732     7.997     6.496
  1797.772     7.997     6.496
  1797.873     7.997     6.435
  1798.477     7.997     6.435
  1798.578     7.997     6.373
  1799.282     7.997     6.373
  1799.383     7.997     6.312
  1799.484     7.936     6.312
  1799.885     7.936     6.312
  1799.985     7.936     6.251
  5467.581     7.936     6.251
  5467.683     8.182     6.006
  5467.783     8.182     5.944
  5467.883     8.182     5.944
  5467.983     8.182     5.883
  5468.185     8.182     5.883
  5468.285     7.936     6.006
  5468.386     7.874     6.251
  5468.486     7.874     6.496
  5468.588     7.936     6.802
  5468.688     7.874     6.864
  5468.789     7.567     7.170
  5468.890     7.382     7.476
  5468.989     7.382     7.783
  5469.392     7.382     7.783
  5469.493     7.321     7.783
  5470.699     7.321     7.783
  5470.800     7.321     7.660
  5472.209     7.321     7.660
  5472.310     7.321     7.476
  5472.410     7.321     7.415
  5472.512     7.321     7.354
  5472.611     7.321     7.293
  5472.813     7.321     7.293
  5472.913     7.321     7.231
  5473.014     7.321     7.047
  5473.417     7.321     7.047
  5473.517     7.382     7.047
  5473.617     7.382     6.986
  5473.718     7.382     6.925
  5473.817     7.382     6.864
  5473.918     7.382     6.741
  5474.020     7.444     6.741
  5474.120     7.567     6.741
  5474.221     7.567     6.680
  5475.630     7.567     6.680
  5475.731     7.690     6.557
  5477.239     7.690     6.557
  5477.340     7.690     6.435
  5477.440     7.690     6.373
  5477.541     7.690     6.312
  5477.642     7.629     6.190
  5477.844     7.629     6.190
  5477.943     7.751     6.190
  5478.245     7.751     6.190
  5478.346     7.751     6.067
  5478.647     7.751     6.067
  5478.749     7.690     6.067
  5478.849     7.690     5.944
  5478.950     7.629     5.944
  5485.690     7.629     5.944
  5485.791     7.629     6.006
  5485.891     7.629     6.006
  5485.992     7.629     6.128
  5486.193     7.629     6.128
  5486.294     7.629     6.190
  5486.395     7.629     6.251
  5486.495     7.629     6.373
  5486.696     7.629     6.373
  5486.797     7.567     6.373
  5487.099     7.567     6.373
  5487.199     7.505     6.373
  5488.305     7.505     6.373
  5488.406     7.567     6.435
  5492.230     7.567     6.435
  5492.330     7.690     6.373
  5492.530     7.690     6.373
  5492.632     7.751     6.312
  5493.134     7.751     6.312
  5493.234     7.751     6.373
  5493.336     7.751     6.557
  5493.437     7.751     6.618
  5493.536     7.751     6.680
  5493.638     7.874     6.741
  5493.738     7.874     6.741
  5493.839     7.936     6.741
  5494.241     7.936     6.741
  5494.342     7.936     6.680
  5494.441     7.936     6.618
  5496.957     7.936     6.618
  5497.058     7.936     6.373
  5497.159     7.936     6.373
  5497.260     7.936     6.251
  5497.360     7.936     6.190
  5501.081     7.936     6.190
  5501.182     8.059     6.067
  5501.283     8.121     6.067
  5501.986     8.121     6.067
  5502.088     8.121     5.883
  5502.389     8.121     5.883
  5502.489     8.244     5.822
  5506.937     8.244     5.822
  5507.039     8.367     6.006
  5507.140     8.367     6.128
  5507.239     8.367     6.128
  5507.341     8.367     6.190
  5507.441     8.367     6.435
  5507.643     8.367     6.435
  5507.743     8.428     6.557
  5507.844     8.428     6.680
  5507.944     8.551     6.741
  5508.044     8.612     6.802
  5508.750     8.612     6.802
  5508.851     8.551     6.864
  5509.756     8.551     6.864
  5509.855     8.551     6.925
  5509.957     8.490     6.925
  5510.158     8.490     6.925
  5510.258     8.428     6.925
  5512.373     8.428     6.925
  5512.474     8.367     6.925
  5512.574     8.182     7.047
  5512.675     8.121     7.047
  5513.583     8.121     7.047
  5513.684     8.121     6.986
  5513.784     8.121     6.986
  5513.884     8.121     6.925
  5513.985     8.244     6.925
  5514.086     8.428     6.864
  5514.187     8.551     6.864
  5515.192     8.551     6.864
  5515.293     8.612     6.741
  5516.198     8.612     6.741
  5516.299     8.551     6.986
  5516.400     8.490     7.047
  5516.702     8.490     7.047
  5516.803     8.490     7.109
  5516.903     8.490     7.109
  5517.003     8.490     7.170
  5517.507     8.490     7.170
  5517.606     8.551     7.293
  5520.021     8.551     7.293
  5520.122     8.612     7.293
  5520.224     8.612     7.047
  5520.323     8.612     7.047
  5520.425     8.612     6.986
  5520.626     8.612     6.986
  5520.727     8.736     6.986
  5520.826     8.859     6.986
  5521.329     8.859     6.986
  5521.431     8.797     6.925
  5521.530     8.797     6.864
  5522.033     8.797     6.864
  5522.135     8.797     6.802
  5522.234     8.797     6.802
  5522.335     8.797     6.557
  5522.436     8.797     6.496
  5522.536     8.797     6.496
  5522.638     8.736     6.496
  5522.738     8.674     6.496
  5524.348     8.674     6.496
  5524.448     8.612     6.496
  5524.549     8.612     6.435
  5524.649     8.612     6.373
  5524.750     8.551     6.373
  5524.952     8.551     6.373
  5525.052     8.551     6.312
  5525.152     8.551     6.312
  5525.253     8.612     6.251
  5525.354     8.612     6.190
  5525.455     8.612     6.067
  5528.876     8.612     6.067
  5528.977     8.612     6.190
  5529.077     8.551     6.251
  5529.178     8.551     6.251
  5529.278     8.612     6.312
  5536.422     8.612     6.312
  5536.523     8.490     6.312
  5536.925     8.490     6.312
  5537.025     8.490     6.190
  5541.654     8.490     6.190
  5541.754     8.490     6.128
  5541.956     8.490     6.128
  5542.055     8.490     6.067
  5542.156     8.428     6.067
  5542.257     8.367     6.067
  5542.358     8.305     6.067
  5542.459     8.244     6.067
  5542.961     8.244     6.067
  5543.062     8.305     6.067
  5544.875     8.305     6.067
  5544.976     8.305     5.944
  5545.378     8.305     5.944
  5545.480     8.305     5.883
  5545.579     8.305     5.761
  5545.681     8.305     5.699
  5549.000     8.305     5.699
  5549.101     8.490     5.699
  5549.201     8.612     5.761
  5549.301     8.612     5.761
  5549.401     8.551     6.006
  5549.502     8.490     6.067
  5549.604     8.490     6.067
  5549.704     8.428     6.312
  5549.805     8.367     6.373
  5549.906     8.367     6.435
  5550.005     8.367     6.435
  5550.106     8.367     6.557
  5550.207     8.367     6.557
  5550.308     8.367     6.618
  5550.408     8.367     6.680
  5550.509     8.305     6.741
  5550.710     8.305     6.741
  5550.811     8.305     6.802
