     0.139    33.283    31.560
     3.560    33.283    31.560
     3.661    33.283    31.499
     3.761    33.283    31.437
     3.862    33.283    31.437
     3.963    33.283    31.376
     4.063    33.221    31.376
     4.163    33.160    31.376
     4.366    33.160    31.376
     4.467    33.098    31.376
     4.568    33.098    31.376
     4.667    33.098    31.315
     5.274    33.098    31.315
     5.374    33.036    31.315
    10.006    33.036    31.315
    10.110    33.036    31.192
    10.210    33.098    31.192
    10.311    33.098    31.192
    10.412    33.098    31.131
    10.614    33.098    31.131
    10.714    33.160    31.131
    22.708    33.160    31.131
    22.809    33.160    31.070
    23.010    33.160    31.070
    23.111    33.221    31.070
    24.521    33.221    31.070
    24.621    33.221    31.008
    24.722    33.221    31.008
    24.824    33.221    30.947
    27.243    33.221    30.947
    27.343    33.283    30.886
    27.446    33.406    30.886
    27.747    33.406    30.886
    27.848    33.467    30.947
    38.932    33.467    30.947
    39.033    33.344    31.131
    69.631    33.344    31.131
    69.732    33.590    31.131
    70.638    33.590    31.131
    70.739    33.652    31.131
    78.293    33.652    31.131
    78.394    33.652    31.008
    78.495    33.652    31.008
    78.595    33.713    31.008
    78.697    33.898    31.008
   100.230    33.898    31.008
   100.331    33.837    31.008
   100.432    33.837    31.008
   100.531    33.837    30.947
   100.632    33.837    30.825
   100.734    33.837    30.764
   100.832    33.775    30.641
   100.934    33.775    30.579
   101.036    33.713    30.518
   101.136    33.652    30.457
   101.236    33.590    30.457
   101.337    33.529    30.457
   102.143    33.529    30.457
   102.244    33.467    30.457
   102.345    33.406    30.457
   106.267    33.406    30.457
   106.369    33.406    30.579
   121.965    33.406    30.579
   122.066    33.406    30.641
   122.166    33.406    30.702
   122.569    33.406    30.702
   122.668    33.467    30.702
   122.970    33.467    30.702
   123.071    33.467    30.764
   123.675    33.467    30.764
   123.776    33.467    30.886
   124.883    33.467    30.886
   124.983    33.467    30.947
   125.083    33.529    30.947
   125.789    33.529    30.947
   125.889    33.590    31.008
   136.957    33.590    31.008
   137.058    33.713    31.008
   137.159    33.837    31.008
   137.763    33.837    31.008
   137.864    33.898    30.886
   138.065    33.898    30.886
   138.166    34.021    30.947
   138.266    34.021    31.070
   138.367    34.021    31.070
   138.468    34.082    31.070
   146.017    34.082    31.070
   146.119    34.082    31.131
   146.218    34.021    31.131
   146.320    33.898    31.131
   146.420    33.713    31.192
   149.238    33.713    31.192
   149.338    33.837    31.192
   149.439    33.898    31.192
   149.539    33.898    31.192
   149.640    33.959    31.192
   149.741    34.021    31.192
   149.841    34.082    31.192
   150.042    34.082    31.192
   150.143    34.082    31.070
   150.245    34.082    30.947
   150.446    34.082    30.947
   150.546    34.144    30.947
   151.249    34.144    30.947
   151.350    34.144    30.886
   151.452    34.144    30.702
   151.552    34.205    30.702
   151.654    34.329    30.702
   152.155    34.329    30.702
   152.256    34.267    30.764
   152.358    34.205    30.886
   156.180    34.205    30.886
   156.281    34.144    31.070
   156.382    34.144    31.131
   156.885    34.144    31.131
   156.985    34.082    31.131
   174.597    34.082    31.131
   174.698    34.021    31.131
   174.797    33.775    31.131
   174.898    33.775    31.131
   175.000    33.713    31.070
   175.202    33.713    31.070
   175.302    33.713    30.947
   175.404    33.713    30.886
   178.322    33.713    30.886
   178.422    33.898    30.947
   178.826    33.898    30.947
   178.926    33.959    30.947
   179.229    33.959    30.947
   179.329    34.082    30.947
   212.343    34.082    30.947
   212.444    34.021    30.947
   212.543    33.775    31.008
   212.644    33.775    31.008
   212.746    33.713    31.008
   213.450    33.713    31.008
   213.550    33.652    31.070
   229.486    33.652    31.070
   229.588    33.652    31.131
   229.688    33.652    31.376
   229.789    33.652    31.376
   229.890    33.775    31.376
   240.556    33.775    31.376
   240.655    33.775    31.499
   240.757    33.775    31.560
   241.359    33.775    31.560
   241.460    33.837    31.622
   241.863    33.837    31.622
   241.964    33.837    31.683
   242.367    33.837    31.683
   242.468    33.898    31.683
   242.567    34.082    31.683
   242.669    34.267    31.683
   242.769    34.390    31.683
   242.870    34.452    31.683
   242.972    34.390    31.805
   243.071    34.390    31.928
   243.171    34.329    31.989
   243.273    34.329    32.050
   243.775    34.329    32.050
   243.875    34.267    32.050
   244.278    34.267    32.050
   244.379    34.205    32.050
   244.479    34.144    32.050
   244.682    34.144    32.050
   244.782    34.082    32.050
   244.883    34.082    31.928
   244.983    33.898    31.928
   245.084    33.590    31.928
   245.285    33.590    31.928
   245.385    33.467    31.928
   245.485    33.406    31.928
   245.586    33.344    31.928
   252.026    33.344    31.928
   252.127    33.344    31.866
   252.328    33.344    31.866
   252.430    33.160    31.866
   252.530    33.036    31.805
   252.631    32.791    31.683
   252.731    32.791    31.622
   257.662    32.791    31.622
   257.763    32.791    31.683
   258.266    32.791    31.683
   258.366    32.791    31.805
   259.271    32.791    31.805
   259.371    32.791    31.989
   259.473    32.791    32.050
   259.774    32.791    32.050
   259.876    32.791    32.111
   260.580    32.791    32.111
   260.681    32.606    32.111
   260.781    32.483    32.050
   260.882    32.360    32.050
   260.982    32.298    31.928
   261.083    32.237    31.805
   261.184    32.237    31.683
   261.284    32.175    31.622
   261.385    32.114    31.560
   261.787    32.114    31.560
   261.889    32.053    31.437
   261.988    32.053    31.376
   262.895    32.053    31.376
   262.996    32.053    31.254
   263.096    32.053    31.192
   263.196    32.053    31.131
   263.297    32.053    31.070
   263.397    32.053    31.008
   263.498    32.053    30.947
   263.599    31.991    30.886
   263.699    31.991    30.825
   263.801    31.991    30.702
   263.901    31.991    30.641
   264.002    31.991    30.579
   264.907    31.991    30.579
   265.008    31.991    30.457
   265.108    31.991    30.335
   265.209    31.991    30.150
   265.309    31.991    30.028
   265.411    31.991    29.844
   265.512    31.991    29.721
   267.020    31.991    29.721
   267.120    32.114    29.721
   267.221    32.298    29.721
   267.321    32.421    29.660
   267.422    32.606    29.660
   267.523    32.729    29.660
   267.624    32.729    29.538
   267.725    32.729    29.415
   268.027    32.729    29.415
   268.128    32.852    29.415
   270.040    32.852    29.415
   270.141    32.791    29.415
   270.241    32.729    29.354
   274.666    32.729    29.354
   274.767    32.606    29.354
   274.868    32.544    29.354
   274.969    32.483    29.354
   275.068    32.483    29.292
   275.169    32.421    29.170
   275.270    32.360    29.109
   277.785    32.360    29.109
   277.886    32.360    29.048
   277.985    32.360    28.925
   278.288    32.360    28.925
   278.390    32.421    28.863
   278.792    32.421    28.863
   278.893    32.421    28.741
   278.993    32.483    28.741
   279.094    32.544    28.741
   291.269    32.544    28.741
   291.369    32.544    28.925
   291.470    32.544    29.048
   291.571    32.544    29.292
   291.772    32.544    29.292
   291.873    32.729    29.292
   291.975    32.791    29.292
   292.074    32.791    29.292
   292.174    32.791    29.415
   292.274    32.791    29.477
   292.478    32.791    29.477
   292.577    32.852    29.538
   297.006    32.852    29.538
   297.106    32.913    29.538
   297.206    33.098    29.538
   298.816    33.098    29.538
   298.917    33.036    29.538
   304.351    33.036    29.538
   304.451    33.098    29.599
   304.552    33.098    29.721
   304.653    33.098    29.721
   304.754    33.098    29.906
   304.853    33.098    30.028
   304.955    33.098    30.150
   305.056    33.098    30.150
   305.156    33.344    30.150
   305.256    33.467    30.150
   319.143    33.467    30.150
   319.243    33.283    30.273
   319.343    33.283    30.273
   319.444    33.221    30.273
   319.545    33.098    30.457
   319.644    33.098    30.579
   319.745    33.098    30.641
   319.848    33.098    30.702
   323.569    33.098    30.702
   323.670    33.221    30.764
   323.770    33.221    30.764
   323.871    33.283    30.825
   524.527    33.283    30.825
   524.628    33.529    30.825
   524.729    33.529    30.825
   524.830    33.590    30.825
   524.931    33.652    30.825
   591.855    33.652    30.825
   591.955    33.652    30.764
   592.056    33.652    30.764
   592.155    33.590    30.702
   592.256    33.529    30.702
   712.025    33.529    30.702
   712.124    33.467    30.702
   712.226    33.467    30.886
   712.629    33.467    30.886
   712.730    33.406    30.886
   779.663    33.406    30.886
   779.763    33.529    31.070
   779.863    33.652    31.315
   779.964    33.652    31.315
   780.065    33.652    31.437
   780.165    33.652    31.437
   780.266    33.775    31.437
   780.366    33.898    31.437
   793.243    33.898    31.437
   793.345    33.467    31.437
   793.446    32.975    31.437
   793.546    32.975    31.437
   793.647    32.913    31.437
   794.150    32.913    31.437
   794.249    32.975    31.315
   794.351    32.975    31.315
   794.451    33.036    31.315
   794.653    33.036    31.315
   794.752    33.160    31.315
   794.853    33.283    31.315
   794.954    33.283    31.315
   795.055    33.406    31.315
   795.156    33.529    31.315
   796.262    33.529    31.315
   796.363    33.467    31.315
   797.067    33.467    31.315
   797.167    33.406    31.315
   797.269    33.406    31.315
   797.369    33.344    31.315
   797.470    33.283    31.315
   797.571    33.098    31.315
   797.671    33.036    31.315
   797.772    32.975    31.192
   797.872    32.975    31.070
   797.973    32.975    31.008
   798.074    32.913    30.947
   798.275    32.913    30.947
   798.375    32.913    30.764
   801.092    32.913    30.764
   801.193    32.913    30.702
   801.293    32.913    30.702
   801.394    32.913    30.579
   801.494    32.913    30.518
   801.595    32.913    30.457
   801.697    32.913    30.396
   801.796    32.913    30.335
   801.998    32.913    30.335
   802.099    32.913    30.273
   802.198    32.913    30.212
   802.299    32.913    30.212
   802.401    32.913    30.150
   802.502    32.913    30.089
   802.602    32.852    30.028
   802.702    32.791    30.028
   802.803    32.791    30.028
   802.904    32.729    30.028
   803.004    32.729    30.028
   803.105    32.668    29.967
   803.306    32.668    29.967
   803.407    32.668    29.906
   803.507    32.668    29.783
   803.608    32.483    29.783
   803.709    32.421    29.783
   803.809    32.360    29.783
   803.909    32.360    29.599
   804.010    32.360    29.354
   804.111    32.360    29.170
   804.211    32.360    28.863
   804.312    32.360    28.741
   804.412    32.360    28.619
   804.513    32.360    28.496
   804.614    32.360    28.373
   804.716    32.360    28.312
   804.816    32.360    28.251
   804.916    32.360    28.128
   805.017    32.360    28.006
   805.117    32.360    28.006
   805.218    32.360    27.883
   805.319    32.360    27.822
   805.420    32.360    27.638
   805.521    32.360    27.516
   805.620    32.544    27.454
   805.721    32.729    27.454
   805.822    32.791    27.331
   805.922    32.852    27.270
   806.023    32.852    27.148
   806.123    32.852    27.025
   806.224    32.852    26.964
   806.324    32.852    26.902
   806.426    32.852    26.902
   806.527    32.975    26.719
   806.626    32.975    26.596
   807.029    32.975    26.596
   807.129    33.098    26.596
   809.141    33.098    26.596
   809.241    33.098    26.351
   809.342    33.098    26.229
   809.443    33.098    26.167
   809.543    33.160    26.106
   809.645    33.344    25.983
   809.745    33.713    25.861
   809.846    33.959    25.861
   809.947    34.390    25.861
   810.046    34.452    25.861
   810.449    34.452    25.861
   810.550    34.698    25.861
   810.852    34.698    25.861
   810.952    34.698    25.800
   812.462    34.698    25.800
   812.564    34.759    25.800
   812.664    34.759    25.800
   812.764    34.883    25.800
   812.865    34.883    25.800
   812.965    35.005    25.800
   813.166    35.005    25.800
   813.268    35.067    25.738
   813.367    35.128    25.677
   817.910    35.128    25.677
   818.012    35.128    25.432
   818.113    35.128    25.371
   818.213    35.128    25.371
   818.315    35.128    25.309
   818.414    35.128    25.248
   818.516    35.128    25.187
   818.617    35.313    25.187
   818.716    35.436    25.187
   818.817    35.436    25.187
   818.918    35.498    25.187
   819.118    35.498    25.187
   819.219    35.498    25.248
   826.666    35.498    25.248
   826.767    35.621    25.371
   826.867    35.621    25.371
   826.968    35.744    25.432
   827.068    35.866    25.432
   827.168    35.866    25.432
   827.269    36.051    25.493
   827.369    36.174    25.615
   845.280    36.174    25.615
   845.380    36.297    25.554
   845.481    36.359    25.554
   845.582    36.543    25.554
   845.683    36.790    25.432
   845.782    36.974    25.309
   845.884    37.220    25.248
   845.984    37.466    25.248
   846.085    37.712    25.248
   846.186    37.958    25.248
   846.286    38.081    25.248
   846.388    38.327    25.125
   846.488    38.697    24.880
   846.588    39.004    24.758
   846.690    39.312    24.635
   846.790    39.620    24.635
   846.891    39.927    24.635
   846.991    40.173    24.635
   847.091    40.173    24.635
   847.192    40.296    24.635
   847.292    40.603    24.574
   847.393    40.727    24.574
   847.494    40.973    24.451
   847.594    41.342    24.451
   847.695    41.711    24.390
   847.795    41.896    24.268
   847.895    42.203    24.268
   847.995    42.511    24.022
   848.097    42.573    24.022
   848.198    42.634    23.900
   848.299    42.757    23.777
   848.400    42.941    23.655
   848.499    43.188    23.532
   848.602    43.311    23.410
   848.702    43.311    23.410
   848.803    43.372    23.287
   848.903    43.495    23.226
   849.004    43.619    23.042
   849.105    43.619    22.920
   849.204    43.680    22.858
   849.305    43.926    22.613
   849.406    44.295    22.306
   849.506    44.725    22.123
   849.607    44.910    21.939
   849.707    44.910    21.877
   850.009    44.910    21.877
   850.110    44.910    21.816
   850.210    44.972    21.816
   850.312    45.095    21.755
   850.412    45.279    21.755
   850.513    45.403    21.755
   850.614    45.464    21.755
   850.714    45.464    21.694
   850.815    45.464    21.632
   850.915    45.587    21.448
   851.017    45.587    21.265
   851.117    45.587    21.020
   851.216    45.587    20.897
   851.318    45.648    20.652
   851.418    45.648    20.591
   851.520    45.648    20.468
   851.620    45.710    20.284
   851.721    45.956    20.162
   851.822    46.202    20.162
   851.921    46.325    20.162
   852.826    46.325    20.162
   852.927    46.325    20.223
   853.029    46.264    20.284
   853.531    46.264    20.284
   853.632    46.264    20.407
   853.733    46.325    20.468
   853.833    46.387    20.468
   853.934    46.572    20.468
   854.033    46.879    20.468
   854.134    47.125    20.529
   854.236    47.310    20.591
   854.336    47.433    20.652
   854.438    47.555    20.713
   854.537    47.740    20.774
   854.639    48.109    20.836
   854.739    48.294    20.836
   854.838    48.417    20.958
   854.939    48.601    21.142
   855.040    48.601    21.203
   863.191    48.601    21.203
   863.291    48.786    21.571
   863.392    48.971    21.755
   863.492    48.971    21.816
   863.594    49.094    22.000
   863.695    49.155    22.061
   863.795    49.155    22.123
   863.997    49.155    22.123
   864.097    49.278    22.184
   864.199    49.278    22.245
   867.417    49.278    22.245
   867.517    49.340    22.552
   867.618    49.401    22.858
   867.719    49.401    22.920
   867.820    49.401    23.103
   867.919    49.401    23.349
   868.020    49.401    23.532
   868.121    49.770    24.084
   868.221    50.078    24.390
   868.322    50.201    24.513
   868.422    50.201    24.880
   868.524    50.201    25.187
   868.624    50.201    25.309
   868.724    50.201    25.371
   868.826    50.263    25.493
   868.925    50.386    25.861
   869.026    50.632    26.535
   869.126    50.878    27.087
   869.228    50.878    27.209
   869.328    50.878    27.454
   872.849    50.878    27.454
   872.951    50.816    27.454
   873.051    50.693    27.454
   873.151    50.570    27.454
   873.251    50.447    27.454
   873.352    50.447    27.454
   873.453    50.386    27.393
   873.554    50.386    27.393
   873.655    50.386    27.331
   873.856    50.386    27.331
   873.955    50.324    27.331
   874.057    50.078    27.331
   874.159    49.955    27.331
   874.258    49.832    27.516
   874.360    49.586    27.699
   874.460    49.463    27.883
   874.562    49.401    28.006
   874.661    49.401    28.128
   874.762    49.401    28.373
   874.863    49.401    28.557
   874.963    49.217    28.925
   875.064    49.032    29.415
   875.164    48.971    29.721
   875.265    48.971    29.967
   875.366    48.971    30.212
   875.466    49.094    30.518
   875.567    49.094    30.886
   875.667    49.094    31.192
   875.768    49.094    31.437
   875.867    49.094    31.622
   875.969    49.155    31.866
   876.069    49.340    32.050
   876.170    49.401    32.173
   876.271    49.525    32.295
   876.371    49.525    32.357
   876.472    49.525    32.601
   876.573    49.525    32.724
   876.673    49.525    32.908
   876.774    49.525    32.969
   878.183    49.525    32.969
   878.284    49.525    33.092
   878.384    49.525    33.215
   878.485    49.525    33.215
   878.585    49.525    33.337
   878.687    49.525    33.459
   878.787    49.525    33.888
   878.886    49.340    34.256
   878.988    49.340    34.502
   879.088    49.340    34.624
   879.189    49.340    34.931
   879.289    49.401    35.421
   879.390    49.401    35.666
   879.591    49.401    35.666
   879.692    49.401    35.788
   883.213    49.401    35.788
   883.314    49.278    35.788
   883.414    49.217    35.788
   883.516    49.155    35.788
   883.616    49.094    35.788
   883.717    48.971    35.849
   883.817    48.909    35.911
   883.916    48.909    35.911
   884.018    48.848    35.911
   884.118    48.724    36.034
   884.219    48.540    36.156
   884.321    48.356    36.278
   884.825    48.356    36.278
   884.924    48.109    36.585
   885.125    48.109    36.585
   885.226    47.925    36.585
   885.326    47.063    37.075
   885.428    47.002    37.136
   885.628    47.002    37.136
   885.729    47.125    37.136
   886.232    47.125    37.136
   886.332    46.940    37.136
   887.943    46.940    37.136
   888.043    46.509    37.136
   888.144    46.325    37.136
   901.024    46.325    37.136
   901.123    46.264    37.136
   901.225    46.202    37.136
   901.325    46.141    37.136
   901.425    46.141    37.136
   901.526    46.141    37.075
   901.626    46.141    37.075
   901.727    46.079    37.014
   901.828    46.018    37.014
   902.129    46.018    37.014
   902.230    45.956    36.953
   902.331    45.833    36.892
   902.432    45.771    36.830
   902.533    45.648    36.769
   912.795    45.648    36.769
   912.898    45.403    36.769
   912.996    45.279    36.769
   913.097    45.156    36.830
   913.199    45.033    37.014
   913.299    44.972    37.198
   913.400    44.972    37.259
   913.500    44.972    37.321
   913.602    44.910    37.565
   913.703    44.725    37.933
   913.802    44.357    38.423
   913.903    44.357    38.485
   914.003    44.295    38.485
   914.104    44.049    38.669
   914.406    44.049    38.669
   914.506    43.864    38.975
   914.607    43.864    39.098
   914.706    43.680    39.343
   914.908    43.680    39.343
   915.009    43.619    39.404
   915.110    43.372    39.526
   915.210    43.372    39.526
   915.311    43.065    39.588
   915.411    43.003    39.588
   915.513    43.003    39.588
   915.613    42.757    39.772
   915.815    42.757    39.772
   915.913    42.573    39.955
   916.014    42.511    40.016
   921.449    42.511    40.016
   921.550    42.388    40.016
   921.650    42.203    40.016
   921.750    42.142    40.016
   921.851    41.957    40.016
   921.952    41.896    40.016
   922.052    41.834    40.139
   922.153    41.527    40.384
   922.253    41.280    40.507
   922.354    40.850    40.752
   922.454    40.542    40.997
   922.555    40.481    41.059
   922.756    40.481    41.059
   922.857    40.419    41.059
   922.958    40.296    41.181
   923.059    40.235    41.242
   923.160    40.050    41.365
   923.261    39.927    41.488
   923.362    39.804    41.488
   923.663    39.804    41.488
   923.764    39.681    41.610
   923.865    39.496    41.610
   923.965    39.435    41.671
   924.066    39.435    41.671
   924.166    39.250    41.733
   924.267    39.189    41.733
   924.368    39.189    41.733
   924.469    38.819    41.917
   924.570    38.511    41.917
   924.668    38.266    41.978
   924.769    37.896    41.978
   924.870    37.589    41.978
   924.971    37.220    41.978
   925.073    36.667    41.978
   925.172    36.236    41.978
   925.273    36.174    41.978
   925.373    36.174    41.978
   925.474    36.113    41.978
   925.676    36.113    41.978
   925.777    35.989    41.978
   925.877    35.744    41.978
   927.488    35.744    41.978
   927.587    35.682    41.978
   927.687    35.621    41.978
   927.788    35.621    41.978
   927.889    35.436    41.978
   927.990    35.313    41.978
   928.392    35.313    41.978
   928.494    35.005    41.978
   928.593    34.883    41.978
   928.895    34.883    41.978
   928.995    34.759    41.978
   929.096    34.636    41.978
   929.298    34.636    41.978
   929.399    34.575    41.978
   929.800    34.575    41.978
   929.901    34.513    41.978
   930.001    34.452    41.978
   930.303    34.452    41.978
   930.404    34.390    41.978
   931.813    34.390    41.978
   931.913    34.267    41.978
   932.014    34.144    41.978
   949.018    34.144    41.978
   949.118    34.144    42.039
   949.218    34.144    42.100
   949.320    34.144    42.100
   949.420    34.144    42.162
   949.521    34.021    42.223
   949.620    34.021    42.407
   949.722    33.959    42.529
   949.823    33.959    42.591
   949.922    33.959    42.652
   950.326    33.959    42.652
   950.426    33.837    42.836
   950.527    33.713    42.897
   950.627    33.529    43.081
   950.728    33.344    43.203
   950.828    33.283    43.510
   950.928    33.036    43.816
   952.538    33.036    43.816
   952.639    32.975    43.816
   952.739    32.913    43.816
   952.839    32.791    43.816
   953.243    32.791    43.816
   953.343    32.729    43.816
   953.645    32.729    43.816
   953.745    32.668    43.816
   953.845    32.544    43.816
   954.048    32.544    43.816
   954.149    32.421    43.878
   954.249    32.360    43.939
   956.564    32.360    43.939
   956.664    32.237    43.939
   956.766    32.114    43.939
   956.865    32.237    43.939
   956.966    32.237    43.939
   957.067    31.991    44.000
   957.167    31.867    44.061
   957.268    31.745    44.061
   957.369    31.745    44.122
   957.470    31.560    44.122
   957.570    31.437    44.184
   957.772    31.437    44.184
   957.871    31.314    44.184
   961.393    31.314    44.184
   961.495    31.191    44.184
   961.594    31.007    44.184
   961.795    31.007    44.184
   961.896    30.884    44.184
   961.996    30.576    44.184
   962.097    30.453    44.184
   963.304    30.453    44.184
   963.405    30.453    44.368
   964.913    30.453    44.368
   965.014    30.330    44.368
   965.115    30.145    44.429
   965.216    30.022    44.429
   965.818    30.022    44.429
   965.919    29.961    44.429
   966.020    29.961    44.490
   969.744    29.961    44.490
   969.845    29.961    44.551
   969.946    29.838    44.613
   970.047    29.776    44.613
   970.147    29.715    44.674
   970.247    29.715    44.674
   970.348    29.653    44.674
   970.449    29.591    44.736
   970.549    29.530    44.736
   970.651    29.530    44.797
   978.097    29.530    44.797
   978.198    29.284    44.980
   978.297    29.222    45.103
   978.399    29.222    45.165
   979.012    29.222    45.165
   979.113    29.222    45.287
   979.314    29.222    45.287
   979.415    29.222    45.348
   979.516    29.222    45.471
   979.616    29.222    45.655
   981.428    29.222    45.655
   981.529    29.222    45.838
   987.767    29.222    45.838
   987.868    29.284    45.900
   987.967    29.284    45.961
   988.572    29.284    45.961
   988.671    29.284    46.084
   991.892    29.284    46.084
   991.993    29.222    46.084
   992.093    29.161    46.084
   992.194    29.037    45.961
   992.998    29.037    45.961
   993.101    29.037    45.900
   993.202    29.037    45.838
   993.302    29.037    45.838
   993.403    29.037    45.716
   993.503    29.037    45.655
   993.604    29.037    45.532
   993.704    29.037    45.471
   994.912    29.037    45.471
   995.012    29.037    45.409
   995.113    29.037    45.348
   995.213    29.037    45.226
   995.314    29.037    45.165
   995.414    29.037    45.103
   995.515    29.037    44.919
   995.616    29.037    44.858
   995.717    29.100    44.797
   996.018    29.100    44.797
   996.119    29.100    44.858
   997.124    29.100    44.858
   997.225    29.100    44.919
   997.326    29.100    45.103
   997.426    29.100    45.287
   998.231    29.100    45.287
   998.331    29.100    45.471
   998.433    29.100    45.471
   998.534    29.100    45.532
   998.635    29.100    45.655
   998.736    29.100    45.777
   998.836    29.100    45.900
   998.937    29.100    45.900
   999.037    29.037    46.022
   999.642    29.037    46.022
   999.742    29.037    46.084
   999.842    29.037    46.145
   999.943    29.037    46.145
  1000.043    29.037    46.267
  1000.346    29.037    46.267
  1000.446    28.976    46.329
  1000.546    28.976    46.390
  1000.648    28.976    46.390
  1000.747    28.976    46.574
  1007.591    28.976    46.574
  1007.691    28.915    46.696
  1007.791    28.915    46.696
  1007.892    28.915    46.819
  1007.993    28.915    46.880
  1008.093    28.915    46.941
  1008.294    28.915    46.941
  1008.395    28.915    47.003
  1008.497    28.915    47.125
  1016.142    28.915    47.125
  1016.244    28.976    47.187
  1016.446    28.976    47.187
  1016.546    29.037    47.248
  1016.646    29.037    47.309
  1020.972    29.037    47.309
  1021.073    29.037    47.187
  1021.173    29.037    47.187
  1021.277    29.037    47.125
  1021.377    29.037    47.064
  1025.703    29.037    47.064
  1025.802    28.915    47.064
  1025.903    28.853    47.064
  1026.004    28.853    47.064
  1026.104    28.730    47.125
  1026.205    28.607    47.125
  1026.305    28.607    47.125
  1026.409    28.546    47.125
  1028.621    28.546    47.125
  1028.721    28.546    47.187
  1028.822    28.546    47.187
  1028.923    28.546    47.248
  1030.030    28.546    47.248
  1030.130    28.238    47.309
  1030.834    28.238    47.309
  1030.935    28.299    47.309
  1031.036    28.361    47.187
  1031.337    28.361    47.187
  1031.440    28.361    47.125
  1031.540    28.361    47.003
  1031.640    28.361    46.941
  1031.741    28.176    46.941
  1031.840    27.992    46.941
  1031.942    27.746    46.941
  1032.647    27.746    46.941
  1032.747    27.869    46.941
  1034.258    27.869    46.941
  1034.358    28.115    46.941
  1034.459    28.299    46.941
  1034.760    28.299    46.941
  1034.861    28.361    46.941
  1034.961    28.361    46.819
  1035.062    28.361    46.696
  1035.163    28.361    46.574
  1038.483    28.361    46.574
  1038.584    28.484    46.574
  1038.685    28.546    46.574
  1038.786    28.546    46.574
  1038.885    28.607    46.574
  1039.289    28.607    46.574
  1039.388    28.669    46.574
  1039.489    28.853    46.574
  1043.313    28.853    46.574
  1043.414    28.853    46.696
  1043.515    28.853    46.696
  1043.615    28.976    46.819
  1043.715    28.976    46.880
  1044.219    28.976    46.880
  1044.321    28.976    46.941
  1044.420    28.976    47.064
  1044.522    28.976    47.187
  1044.622    28.976    47.248
  1045.024    28.976    47.248
  1045.124    28.976    47.309
  1045.225    28.976    47.309
  1045.326    28.915    47.432
  1045.427    28.915    47.493
  1045.729    28.915    47.493
  1045.829    28.915    47.554
  1046.534    28.915    47.554
  1046.635    28.915    47.616
  1046.836    28.915    47.616
  1046.936    28.915    47.677
  1047.037    28.853    47.738
  1047.540    28.853    47.738
  1047.641    28.792    47.738
