     0.004    33.775    33.459
     9.057    33.775    33.459
     9.160    33.590    33.459
     9.261    33.529    33.459
     9.461    33.529    33.459
     9.564    33.467    33.459
    22.260    33.467    33.459
    22.362    33.467    33.398
    22.462    33.467    33.337
    23.065    33.467    33.337
    23.166    33.529    33.337
    23.266    33.529    33.337
    23.370    33.590    33.337
    23.471    33.590    33.337
    23.572    33.590    33.276
    23.671    33.590    33.215
    23.772    33.590    33.092
    24.879    33.590    33.092
    24.981    33.590    33.030
    31.616    33.590    33.030
    31.715    33.590    32.847
    45.912    33.590    32.847
    46.012    33.713    32.847
    46.113    33.837    32.847
    46.213    33.837    32.847
    46.314    33.898    32.847
    47.523    33.898    32.847
    47.624    33.713    32.847
    48.227    33.713    32.847
    48.328    33.652    32.969
    49.534    33.652    32.969
    49.635    33.652    33.030
    50.138    33.652    33.030
    50.241    33.652    32.908
    50.342    33.652    32.908
    50.444    33.652    32.786
    59.208    33.652    32.786
    59.309    33.652    32.724
    59.711    33.652    32.724
    59.812    33.713    32.724
    60.616    33.713    32.724
    60.718    33.775    32.724
    72.694    33.775    32.724
    72.793    33.775    32.786
    72.994    33.775    32.786
    73.095    33.713    32.786
    73.195    33.652    32.847
    73.398    33.652    32.847
    73.498    33.652    32.908
    73.599    33.652    32.908
    73.700    33.652    32.969
    73.799    33.652    33.030
    73.900    33.652    33.030
    74.001    33.590    33.030
    74.504    33.590    33.030
    74.604    33.529    33.030
    76.220    33.529    33.030
    76.320    33.467    33.030
    76.421    33.467    33.092
    76.522    33.467    33.215
    76.622    33.467    33.215
    76.723    33.406    33.276
    84.574    33.406    33.276
    84.674    33.467    33.276
    85.278    33.467    33.276
    85.379    33.529    33.276
    85.480    33.590    33.215
    85.580    33.590    33.153
    85.681    33.590    33.092
    85.781    33.590    33.030
    85.881    33.590    32.969
    86.184    33.590    32.969
    86.284    33.652    32.969
    86.587    33.652    32.969
    86.687    33.713    32.969
    86.787    33.837    32.969
    86.888    33.837    32.908
    86.989    33.837    32.847
    97.868    33.837    32.847
    97.969    33.898    32.847
    98.070    33.959    32.847
  1132.272    33.959    32.847
  1132.373    33.959    32.908
  1132.472    33.959    32.969
  1151.690    33.959    32.969
  1151.791    34.082    32.969
  1151.891    34.082    32.969
  1151.992    34.144    32.969
  1152.494    34.144    32.969
  1152.595    34.205    32.969
  1152.695    34.205    32.847
  1152.897    34.205    32.847
  1152.998    34.267    32.847
  1153.098    34.329    32.847
  1153.803    34.329    32.847
  1153.904    34.390    32.847
  1155.212    34.390    32.847
  1155.312    34.452    32.847
  1155.414    34.575    32.847
  1155.615    34.575    32.847
  1155.716    34.636    32.847
  1157.526    34.636    32.847
  1157.627    34.698    32.847
  1158.332    34.698    32.847
  1158.432    34.698    32.908
  1162.458    34.698    32.908
  1162.557    34.820    32.908
  1162.659    34.883    32.908
  1162.759    34.944    32.908
  1162.960    34.944    32.908
  1163.061    34.944    32.847
  1163.162    34.883    32.847
  1163.465    34.883    32.847
  1163.565    35.005    32.847
  1171.815    35.005    32.847
  1171.915    35.067    32.847
  1172.016    35.067    32.786
  1172.419    35.067    32.786
  1172.519    35.190    32.724
  1172.619    35.313    32.724
  1172.719    35.436    32.663
  1175.435    35.436    32.663
  1175.537    35.436    32.601
  1178.765    35.436    32.601
  1178.866    35.436    32.540
  1178.967    35.436    32.540
  1179.067    35.436    32.479
  1179.169    35.436    32.418
  1179.269    35.436    32.357
  1180.275    35.436    32.357
  1180.376    35.559    32.357
  1185.117    35.559    32.357
  1185.218    35.559    32.234
  1198.878    35.559    32.234
  1198.980    35.436    32.418
  1199.080    35.436    32.479
  1199.282    35.436    32.479
  1199.383    35.313    32.479
  1200.187    35.313    32.479
  1200.287    35.251    32.540
  1200.388    35.190    32.601
  1200.489    35.128    32.601
  1201.795    35.128    32.601
  1201.896    35.067    32.601
  1202.400    35.067    32.601
  1202.500    35.067    32.479
  1203.205    35.067    32.479
  1203.306    35.005    32.479
  1229.278    35.005    32.479
  1229.377    35.190    32.479
  1229.480    35.190    32.479
  1229.580    35.251    32.479
  1229.881    35.251    32.479
  1229.982    35.313    32.479
  1230.082    35.436    32.479
  1230.184    35.436    32.479
  1230.285    35.498    32.479
  1243.675    35.498    32.479
  1243.777    35.621    32.479
  1243.877    35.682    32.418
  1274.066    35.682    32.418
  1274.165    35.744    32.418
  1274.368    35.744    32.418
  1274.467    35.866    32.418
  1274.569    35.866    32.418
  1274.669    35.928    32.418
  1274.769    35.989    32.479
  1275.071    35.989    32.479
  1275.171    36.051    32.479
  1313.716    36.051    32.479
  1313.816    36.051    32.418
  1313.916    36.051    32.357
  1314.621    36.051    32.357
  1314.723    36.051    32.295
  1314.824    36.051    32.234
  1315.124    36.051    32.234
  1315.225    35.989    32.234
  1315.325    35.989    32.234
  1315.426    35.989    32.173
  1315.527    35.989    32.111
  1341.484    35.989    32.111
  1341.584    35.989    31.928
  1341.685    35.989    31.744
  1351.144    35.989    31.744
  1351.244    35.928    31.683
  1351.345    35.928    31.560
  1351.447    35.928    31.499
  1351.949    35.928    31.499
  1352.049    35.928    31.437
  1352.451    35.928    31.437
  1352.552    36.051    31.376
  1352.653    36.113    31.376
  1353.761    36.113    31.376
  1353.861    36.113    31.315
  1371.368    36.113    31.315
  1371.469    36.113    31.376
  1371.569    36.051    31.499
  1372.172    36.051    31.499
  1372.273    35.989    31.499
  1372.776    35.989    31.499
  1372.877    35.989    31.560
  1372.977    35.805    31.622
  1373.077    35.805    31.683
  1389.784    35.805    31.683
  1389.884    35.805    31.744
  1389.986    35.621    31.928
  1390.187    35.621    31.928
  1390.287    35.621    31.989
  1395.521    35.621    31.989
  1395.621    35.621    32.234
  1395.721    35.621    32.357
  1395.824    35.621    32.357
  1395.923    35.498    32.357
  1396.024    35.436    32.357
  1396.629    35.436    32.357
  1396.730    35.374    32.357
  1396.829    35.313    32.357
  1424.805    35.313    32.357
  1424.906    35.436    32.357
  1425.307    35.436    32.357
  1425.408    35.559    32.663
  1425.509    35.559    32.724
  1425.811    35.559    32.724
  1425.911    35.559    32.601
  1426.212    35.559    32.601
  1426.313    35.621    32.601
  1426.516    35.621    32.601
  1426.615    35.682    32.601
  1427.219    35.682    32.601
  1427.321    35.805    32.601
  1427.421    35.866    32.601
  1427.824    35.866    32.601
  1427.924    35.866    32.663
  1428.025    35.866    32.786
  1453.882    35.866    32.786
  1453.983    35.928    32.786
  1454.184    35.928    32.786
  1454.284    36.051    32.786
  1454.385    36.113    32.786
  1454.888    36.113    32.786
  1454.989    36.174    32.786
  1455.089    36.236    32.786
  1455.190    36.359    32.786
  3072.760    36.359    32.786
  3072.860    36.359    32.663
  3072.961    36.359    32.601
  3073.061    36.359    32.601
  3073.162    36.359    32.540
  3073.765    36.359    32.540
  3073.866    36.359    32.479
  3074.572    36.359    32.479
  3074.673    36.297    32.479
  3075.275    36.297    32.479
  3075.376    36.297    32.540
  3076.885    36.297    32.540
  3076.985    36.297    32.479
  3077.186    36.297    32.479
  3077.288    36.236    32.418
  3077.388    36.174    32.418
  3077.490    36.174    32.357
  3077.590    36.174    32.295
  3077.992    36.174    32.295
  3078.093    36.113    32.295
  3078.193    36.113    32.295
  3078.294    36.051    32.295
  3078.394    35.989    32.295
  3078.595    35.989    32.295
  3078.696    35.989    32.234
  3078.897    35.989    32.234
  3078.998    35.928    32.234
  3079.098    35.866    32.234
  3079.200    35.805    32.234
  3079.301    35.744    32.234
  3079.601    35.744    32.234
  3079.703    35.744    32.173
  3079.802    35.744    32.111
  3079.903    35.744    32.050
  3080.406    35.744    32.050
  3080.508    35.682    32.050
  3080.808    35.682    32.050
  3080.909    35.682    32.173
  3081.010    35.682    32.234
  3084.330    35.682    32.234
  3084.430    35.682    32.173
  3084.531    35.621    32.173
  3084.632    35.621    32.173
  3084.732    35.498    32.234
  3084.833    35.436    32.111
  3084.934    35.436    32.111
  3085.035    35.374    32.111
  3085.136    35.313    31.989
  3085.236    35.251    31.866
  3085.337    35.190    31.805
  3085.438    35.067    31.683
  3085.538    34.944    31.560
  3086.844    34.944    31.560
  3086.946    35.005    31.744
  3087.047    35.128    31.928
  3087.158    35.190    31.928
  3087.862    35.190    31.928
  3087.963    35.190    31.989
  3088.063    35.190    32.050
  3088.164    35.128    32.050
  3088.467    35.128    32.050
  3088.567    35.190    32.050
  3088.669    35.190    32.050
  3088.767    35.251    32.050
  3088.869    35.313    32.050
  3089.070    35.313    32.050
  3089.171    35.374    32.050
  3090.379    35.374    32.050
  3090.478    35.436    32.111
  3090.580    35.436    32.173
  3091.886    35.436    32.173
  3091.987    35.436    32.234
  3093.094    35.436    32.234
  3093.194    35.498    32.234
  3094.705    35.498    32.234
  3094.805    35.559    32.234
  3097.925    35.559    32.234
  3098.025    35.436    32.111
  3098.150    35.436    31.989
  3098.327    35.436    31.989
  3098.428    35.313    31.989
  3098.528    35.313    31.989
  3098.629    35.251    31.989
  3099.736    35.251    31.989
  3099.837    35.251    31.866
  3099.937    35.251    31.805
  3100.541    35.251    31.805
  3100.640    35.251    31.744
  3100.843    35.251    31.744
  3100.942    35.313    31.683
  3101.044    35.313    31.683
  3101.144    35.436    31.683
  3101.245    35.498    31.683
  3102.151    35.498    31.683
  3102.252    35.498    31.622
  3102.654    35.498    31.622
  3102.754    35.559    31.622
  3102.854    35.621    31.622
  3102.956    35.621    31.499
  3103.358    35.621    31.499
  3103.459    35.621    31.437
  3103.559    35.621    31.376
  3103.660    35.621    31.315
  3104.262    35.621    31.315
  3104.364    35.621    31.254
  3104.465    35.621    31.254
  3104.565    35.621    31.192
  3107.081    35.621    31.192
  3107.180    35.621    31.131
  3107.683    35.621    31.131
  3107.786    35.621    31.070
  3107.885    35.621    30.886
  3107.986    35.621    30.886
  3108.087    35.621    30.764
  3108.992    35.621    30.764
  3109.094    35.682    30.764
  3109.194    35.744    30.764
  3109.497    35.744    30.764
  3109.596    35.744    30.702
  3111.205    35.744    30.702
  3111.306    35.682    30.579
  3112.514    35.682    30.579
  3112.615    35.682    30.518
  3112.716    35.682    30.457
  3112.816    35.682    30.457
  3112.917    35.744    30.457
  3113.017    35.805    30.457
  3113.117    35.866    30.273
  3113.218    35.866    30.150
  3113.319    35.866    30.028
  3113.420    35.866    30.028
  3113.520    35.928    30.028
  3113.621    35.928    30.028
  3113.720    35.989    30.028
  3116.438    35.989    30.028
  3116.538    36.113    30.028
  3116.638    36.297    30.028
  3116.740    36.359    30.028
  3119.860    36.359    30.028
  3119.962    36.482    30.150
  3120.061    36.605    30.150
  3120.262    36.605    30.150
  3120.364    36.667    30.212
  3120.465    36.790    30.212
  3120.866    36.790    30.212
  3120.968    36.851    30.273
  3122.577    36.851    30.273
  3122.678    36.912    30.273
  3129.820    36.912    30.273
  3129.921    36.974    30.273
  3130.425    36.974    30.273
  3130.525    36.974    30.335
  3130.626    36.974    30.335
  3130.725    37.097    30.335
  3130.927    37.097    30.335
  3131.027    37.158    30.335
  3131.128    37.158    30.335
  3131.228    37.220    30.335
  3131.430    37.220    30.335
  3131.531    37.282    30.335
  3135.254    37.282    30.335
  3135.354    37.220    30.335
  3135.456    37.158    30.335
  3135.758    37.158    30.335
  3135.857    37.158    30.396
  3135.958    37.158    30.579
  3136.058    37.158    30.579
  3136.160    37.158    30.641
  3136.361    37.158    30.641
  3136.462    37.097    30.641
  3136.562    37.097    30.702
  3136.662    37.035    30.825
  3136.862    37.035    30.825
  3136.964    37.035    30.886
  3137.064    37.035    30.947
  3137.470    37.035    30.947
  3137.570    37.035    31.070
  3137.871    37.035    31.070
  3137.971    37.035    31.131
  3138.072    37.035    31.131
  3138.173    36.974    31.131
  3143.303    36.974    31.131
  3143.405    36.974    31.254
  3143.506    36.974    31.254
  3143.604    36.974    31.315
  3148.536    36.974    31.315
  3148.636    36.974    31.376
  3150.257    36.974    31.376
  3150.357    36.912    31.376
  3150.860    36.912    31.376
  3150.961    36.912    31.499
  3151.364    36.912    31.499
  3151.465    36.912    31.560
  3151.564    36.912    31.622
  3151.866    36.912    31.622
  3151.967    36.912    31.683
  3157.503    36.912    31.683
  3157.603    36.851    31.622
  3157.704    36.851    31.622
  3157.802    36.851    31.560
  3157.903    36.851    31.499
  3159.615    36.851    31.499
  3159.715    36.851    31.376
  3160.016    36.851    31.376
  3160.118    36.851    31.315
  3160.219    36.851    31.315
  3160.319    36.790    31.254
  3161.326    36.790    31.254
  3161.426    36.728    31.254
  3162.533    36.728    31.254
  3162.633    36.728    31.315
  3164.947    36.728    31.315
  3165.048    36.728    31.437
  3165.149    36.667    31.437
  3168.671    36.667    31.437
  3168.770    36.605    31.315
  3168.872    36.605    31.254
  3168.973    36.543    31.192
  3170.079    36.543    31.192
  3170.180    36.543    31.131
  3170.583    36.543    31.131
  3170.683    36.543    31.008
  3170.984    36.543    31.008
  3171.086    36.543    30.947
  3171.186    36.482    30.702
  3171.287    36.420    30.641
  3171.689    36.420    30.641
  3171.789    36.420    30.518
  3171.889    36.420    30.457
  3171.991    36.420    30.396
  3172.091    36.420    30.273
  3172.192    36.482    30.273
  3172.293    36.482    30.150
  3172.392    36.482    30.150
  3172.494    36.482    30.212
  3172.594    36.482    30.273
  3172.695    36.482    30.335
  3173.198    36.482    30.335
  3173.299    36.605    30.335
  3173.399    36.728    30.335
  3173.601    36.728    30.335
  3173.700    36.851    30.273
  3173.811    36.912    30.212
  3174.416    36.912    30.212
  3174.517    36.912    30.089
  3180.855    36.912    30.089
  3180.956    36.851    30.150
  3181.057    36.728    30.335
  3181.157    36.728    30.335
  3181.258    36.728    30.396
  3181.359    36.728    30.457
  3181.560    36.728    30.457
  3181.661    36.728    30.518
  3181.761    36.667    30.579
  3181.861    36.667    30.764
  3181.962    36.667    30.825
  3182.263    36.667    30.825
  3182.365    36.667    30.886
  3183.875    36.667    30.886
  3183.975    36.667    30.947
  3187.297    36.667    30.947
  3187.396    36.667    30.886
  3187.498    36.667    30.825
  3187.698    36.667    30.825
  3187.799    36.667    30.702
  3187.901    36.667    30.579
  3188.001    36.605    30.579
  3188.101    36.543    30.457
  3188.202    36.482    30.457
  3188.303    36.420    30.396
  3188.404    36.359    30.335
  3193.636    36.359    30.335
  3193.737    36.297    30.335
  3193.837    36.113    30.335
  3194.038    36.113    30.335
  3194.138    35.989    30.335
  3250.493    35.989    30.335
  3250.593    35.805    30.089
  3254.015    35.805    30.089
  3254.116    35.805    30.273
  3254.217    35.805    30.396
  3254.519    35.805    30.396
  3254.620    35.866    30.457
  3254.821    35.866    30.457
  3254.921    35.928    30.457
  3255.021    35.928    30.457
  3255.122    35.928    30.518
  3256.833    35.928    30.518
  3256.934    36.051    30.518
  3257.034    36.051    30.518
  3257.135    36.113    30.518
  3257.236    36.113    30.579
  3257.839    36.113    30.579
  3257.940    36.236    30.579
  3258.140    36.236    30.579
  3258.242    36.297    30.702
  3262.870    36.297    30.702
  3262.970    36.297    30.764
  3263.071    36.297    30.764
  3263.172    36.297    30.825
  3267.198    36.297    30.825
  3267.299    36.297    30.886
  3273.837    36.297    30.886
  3273.939    36.359    30.886
  3274.139    36.359    30.886
  3274.240    36.420    30.886
  3286.414    36.420    30.886
  3286.513    36.420    30.825
  3286.615    36.482    30.764
  3286.716    36.482    30.764
  3286.815    36.482    30.641
  3286.916    36.482    30.641
  3287.016    36.420    30.579
  3287.922    36.420    30.579
  3288.022    36.420    30.641
  3288.123    36.482    30.641
  3293.557    36.482    30.641
  3293.658    36.543    30.641
  3293.757    36.543    30.641
  3293.858    36.605    30.641
  3293.960    36.605    30.641
  3294.059    36.667    30.641
  3294.161    36.728    30.641
  3294.262    36.790    30.641
  3294.464    36.790    30.641
  3294.563    36.790    30.702
  3294.664    36.790    30.702
  3294.764    36.912    30.702
  3294.865    36.974    30.764
  3294.966    37.035    30.764
  3296.674    37.035    30.764
  3296.776    37.097    30.764
  3296.877    37.158    30.764
  3298.587    37.158    30.764
  3298.687    37.343    31.008
  3301.805    37.343    31.008
  3301.906    37.282    30.886
  3302.007    37.282    30.764
  3302.107    37.220    30.702
  3302.409    37.220    30.702
  3302.509    37.220    30.579
  3302.610    37.220    30.518
  3302.712    37.220    30.457
  3302.811    37.220    30.335
  3302.912    37.220    30.212
  3303.013    37.158    30.089
  3303.113    37.158    29.967
  3303.416    37.158    29.967
  3303.516    37.158    29.906
  3303.617    37.158    29.844
  3303.817    37.158    29.844
  3303.919    37.282    29.844
  3304.018    37.282    29.783
  3305.024    37.282    29.783
  3305.126    37.282    29.844
  3305.226    37.282    29.906
  3305.327    37.282    29.906
  3305.427    37.282    29.967
  3305.528    37.282    30.028
  3305.629    37.343    30.150
  3308.847    37.343    30.150
  3308.947    37.343    30.273
  3309.148    37.343    30.273
  3309.250    37.343    30.335
  3309.551    37.343    30.335
  3309.651    37.343    30.396
  3312.872    37.343    30.396
  3312.971    37.035    30.518
  3313.072    36.974    30.579
  3313.174    36.974    30.641
  3313.778    36.974    30.641
  3313.878    36.912    30.641
  3320.217    36.912    30.641
  3320.318    36.912    30.702
  3320.419    36.912    30.825
  3320.921    36.912    30.825
  3321.021    36.851    30.947
  3321.425    36.851    30.947
  3321.524    36.851    31.008
  3321.626    36.851    31.070
  3322.732    36.851    31.070
  3322.832    36.851    31.008
  3323.939    36.851    31.008
  3324.039    36.851    31.070
  3324.342    36.851    31.070
  3324.442    36.851    31.131
  3324.543    36.974    31.131
  3324.642    37.158    31.192
  3400.455    37.158    31.192
  3400.555    37.035    31.192
  3400.656    36.974    31.192
  3400.858    36.974    31.192
  3400.960    36.912    31.192
  3401.059    36.912    31.192
  3401.160    36.790    31.192
  3401.260    36.790    31.192
  3401.361    36.728    31.192
  3409.109    36.728    31.192
  3409.210    36.543    31.315
  3439.309    36.543    31.315
  3439.410    36.420    31.499
  3439.510    36.359    31.560
  3439.814    36.359    31.560
  3439.916    36.236    31.683
  3442.934    36.236    31.683
  3443.035    36.174    31.683
  3451.587    36.174    31.683
  3451.687    36.174    31.805
  3451.787    36.113    31.928
  3451.887    36.051    31.928
  3451.989    36.051    31.989
  3452.290    36.051    31.989
  3452.390    35.989    31.989
  3454.203    35.989    31.989
  3454.302    35.866    31.989
  3467.484    35.866    31.989
  3467.585    35.805    31.989
  3470.100    35.805    31.989
  3470.203    35.928    31.989
  3548.822    35.928    31.989
  3548.923    35.989    31.989
  3549.224    35.989    31.989
  3549.327    35.989    31.928
  3549.426    35.989    31.928
  3549.526    35.989    31.866
  3549.628    35.989    31.805
  3609.203    35.989    31.805
  3609.303    36.113    31.866
  3609.505    36.113    31.866
  3609.605    36.113    31.928
  3609.706    36.113    31.928
  3609.806    36.174    31.928
  3609.908    36.236    31.989
  3611.920    36.236    31.989
  3612.020    36.236    32.050
  3627.426    36.236    32.050
  3627.528    36.236    32.173
  3664.855    36.236    32.173
  3664.956    36.420    32.173
  3665.056    36.482    32.173
  3665.660    36.482    32.173
  3665.760    36.482    32.111
  3665.861    36.543    32.111
  3665.962    36.667    32.111
  3666.063    36.790    32.111
  3666.464    36.790    32.111
  3666.564    36.790    31.989
  3667.672    36.790    31.989
  3667.772    36.851    31.989
  3667.873    36.912    31.989
  3690.009    36.912    31.989
  3690.110    36.974    31.866
  3690.211    36.974    31.805
  3690.412    36.974    31.805
  3690.513    37.097    31.805
  3690.612    37.220    31.805
  3690.714    37.282    31.744
  3713.671    37.282    31.744
  3713.771    37.282    31.683
  3713.875    37.282    31.622
  3713.975    37.097    31.622
  3714.076    37.097    31.499
  3714.175    37.097    31.499
  3714.277    37.097    31.437
  3714.378    37.097    31.315
  3714.477    36.974    31.315
  3714.578    36.974    31.192
  3714.678    36.974    31.192
  3714.780    36.974    31.131
  3714.880    36.974    31.008
  3714.981    36.974    30.947
  3715.082    36.974    30.886
  3716.589    36.974    30.886
  3716.691    36.851    31.070
  3716.792    36.851    31.131
  3716.992    36.851    31.131
  3717.093    36.790    31.131
  3717.194    36.728    31.131
  3717.295    36.605    31.192
  3717.394    36.605    31.254
  3717.495    36.605    31.315
  3717.595    36.420    31.315
  3717.696    36.420    31.376
  3719.608    36.420    31.376
  3719.709    36.359    31.376
  3721.522    36.359    31.376
  3721.622    36.359    31.560
  3721.722    36.359    31.683
  3722.226    36.359    31.683
  3722.327    36.297    31.683
  3722.426    36.174    31.683
  3723.736    36.174    31.683
  3723.838    36.113    31.622
  3723.938    36.113    31.560
  3724.039    36.113    31.499
  3724.642    36.113    31.499
  3724.743    36.051    31.437
  3724.842    35.928    31.315
  3724.943    35.805    31.192
  3725.044    35.621    31.070
  3725.145    35.498    31.070
  3725.245    35.498    31.070
  3725.346    35.374    30.886
  3725.445    35.374    30.825
  3725.546    35.374    30.825
  3725.647    35.374    30.764
  3725.849    35.374    30.764
  3725.949    35.374    30.641
  3726.049    35.374    30.641
  3726.150    35.251    30.396
  3726.252    35.128    30.396
  3726.352    35.067    30.396
  3726.453    34.944    30.457
  3726.554    34.944    30.457
  3726.654    34.883    30.457
  3726.855    34.883    30.457
  3726.956    34.820    30.457
  3727.057    34.759    30.457
  3727.861    34.759    30.457
  3727.963    34.759    30.396
  3728.062    34.759    30.396
  3728.163    34.759    30.335
  3728.263    34.759    30.273
  3728.364    34.759    30.212
  3728.464    34.759    30.150
  3728.566    34.698    30.089
  3728.667    34.636    30.089
  3728.768    34.636    30.089
  3728.869    34.575    29.967
  3728.968    34.452    29.844
  3729.069    34.390    29.721
  3729.170    34.390    29.660
  3729.270    34.390    29.599
  3729.371    34.329    29.599
  3729.471    34.205    29.538
  3729.571    34.144    29.538
  3729.671    34.082    29.538
  3729.774    34.082    29.477
  3729.874    33.959    29.415
  3729.975    33.837    29.354
  3730.076    33.713    29.354
  3730.980    33.713    29.354
  3731.084    33.652    29.354
  3731.184    33.652    29.354
  3731.284    33.590    29.354
  3731.385    33.529    29.354
  3732.591    33.529    29.354
  3732.692    33.590    29.354
  3732.793    33.652    29.354
  3732.994    33.652    29.354
  3733.095    33.652    29.292
  3733.196    33.652    29.231
  3733.297    33.775    29.231
  3733.396    33.959    29.231
  3733.497    34.021    29.231
  3733.597    34.021    29.231
  3733.698    34.021    29.170
  3733.798    34.082    29.109
  3748.286    34.082    29.109
  3748.385    34.082    29.048
  3749.191    34.082    29.048
  3749.292    34.082    28.986
  3751.204    34.082    28.986
  3751.304    34.082    28.925
  3753.417    34.082    28.925
  3753.516    33.959    28.925
  3753.618    33.898    28.986
  3755.027    33.898    28.986
  3755.128    33.898    29.231
  3755.931    33.898    29.231
  3756.033    34.021    29.231
  3756.133    34.021    29.231
  3756.234    34.144    29.477
  3756.335    34.144    29.599
  3756.435    34.144    29.721
  3756.536    34.144    29.844
  3756.636    34.144    29.906
  3756.737    34.267    30.089
  3756.838    34.267    30.335
  3756.938    34.390    30.335
  3759.051    34.390    30.335
  3759.152    34.329    30.457
  3762.576    34.329    30.457
  3762.676    34.329    30.335
  3762.978    34.329    30.335
  3763.079    34.390    30.335
  3763.179    34.452    30.335
  3763.280    34.575    30.335
  3763.380    34.636    30.335
  3763.582    34.636    30.335
  3763.682    34.883    30.396
  3763.783    35.005    30.396
  3764.286    35.005    30.396
  3764.386    35.128    30.396
  3768.411    35.128    30.396
  3768.510    34.944    30.396
  3768.612    34.759    30.396
  3768.712    34.698    30.396
  3769.215    34.698    30.396
  3769.316    34.698    30.457
  3769.517    34.698    30.457
  3769.617    34.759    30.457
  3771.429    34.759    30.457
  3771.529    34.513    30.396
  3771.630    34.267    30.396
  3771.730    34.205    30.396
  3774.849    34.205    30.396
  3774.951    34.205    30.335
  3775.051    34.267    30.335
  3775.153    34.267    30.335
  3775.254    34.390    30.335
  3775.354    34.513    30.335
  3775.459    34.575    30.335
  3775.554    34.636    30.335
  3775.655    34.759    30.335
  3775.755    34.820    30.335
  3775.856    35.005    30.335
  3775.957    35.067    30.335
  3777.366    35.067    30.335
  3777.465    34.883    30.396
  3777.668    34.883    30.396
  3777.767    34.820    30.396
  3777.869    34.759    30.396
  3777.969    34.636    30.396
  3778.070    34.513    30.396
  3778.171    34.452    30.396
  3781.692    34.452    30.396
  3781.792    34.575    30.273
  3781.892    34.636    30.273
  3781.994    34.698    30.273
  3784.004    34.698    30.273
  3784.105    35.005    30.273
  3784.207    35.067    30.273
  3784.307    35.067    30.335
  3784.508    35.067    30.335
  3784.608    35.190    30.457
  3784.709    35.190    30.457
  3784.809    35.313    30.457
  3785.112    35.313    30.457
  3785.213    35.436    30.457
  3785.614    35.436    30.457
  3785.714    35.436    30.518
  3785.815    35.436    30.518
  3785.917    35.559    30.518
  3786.218    35.559    30.518
  3786.319    35.559    30.579
  3786.420    35.621    30.579
  3787.023    35.621    30.579
  3787.124    35.682    30.579
  3787.224    35.682    30.641
  3787.324    35.682    30.702
  3787.425    35.682    30.702
  3787.526    35.682    30.764
  3788.130    35.682    30.764
  3788.229    35.682    30.825
  3789.135    35.682    30.825
  3789.236    35.805    30.886
  3789.337    35.866    30.886
  3789.437    35.928    30.947
  3789.538    36.051    31.008
  3792.857    36.051    31.008
  3792.958    36.051    31.070
  3794.266    36.051    31.070
  3794.367    36.051    31.131
  3794.467    36.051    31.192
  3798.892    36.051    31.192
  3798.994    36.051    31.315
  3799.196    36.051    31.315
  3799.295    36.051    31.376
  3799.396    36.051    31.437
  3799.798    36.051    31.437
  3799.899    36.051    31.499
  3800.001    36.174    31.622
  3805.031    36.174    31.622
  3805.130    36.113    31.866
  3805.333    36.113    31.866
  3805.433    36.113    31.928
  3813.894    36.113    31.928
  3813.995    36.051    32.173
  3815.001    36.051    32.173
  3815.101    35.989    32.295
  3815.203    35.989    32.295
  3815.302    35.928    32.418
  3820.032    35.928    32.418
  3820.132    35.805    32.418
  3826.271    35.805    32.418
  3826.372    35.805    32.479
  3826.875    35.805    32.479
  3826.975    35.805    32.540
  3828.686    35.805    32.540
  3828.787    35.805    32.601
  3828.887    35.805    32.663
  3829.088    35.805    32.663
  3829.189    35.805    32.724
  3829.290    35.805    32.786
  3830.596    35.805    32.786
  3830.698    35.805    32.908
  3830.799    35.805    32.969
  3848.808    35.805    32.969
  3848.909    35.805    33.153
  3849.613    35.805    33.153
  3849.713    35.682    33.215
  3879.806    35.682    33.215
  3879.907    35.805    33.398
  3880.309    35.805    33.398
  3880.410    35.928    33.398
  3889.667    35.928    33.398
  3889.767    35.928    33.276
  3890.169    35.928    33.276
  3890.270    35.928    33.153
  3890.371    35.928    33.153
  3890.471    35.928    33.092
  3890.572    35.928    33.030
  3890.672    35.928    32.969
  3890.773    35.928    32.847
  3891.075    35.928    32.847
  3891.176    35.928    32.786
  3891.276    35.928    32.663
  3891.378    35.928    32.540
  3891.477    35.928    32.479
  3891.579    35.989    32.479
  3891.679    35.989    32.479
  3891.779    36.051    32.479
  3898.823    36.051    32.479
  3898.923    35.989    32.540
  3899.125    35.989    32.540
  3899.225    35.989    32.601
  3899.326    35.989    32.663
  3899.426    35.989    32.724
  3900.030    35.989    32.724
  3900.131    35.989    32.786
  3901.642    35.989    32.786
  3901.744    35.989    32.724
  3901.945    35.989    32.724
  3902.044    35.989    32.663
  3902.146    35.989    32.724
  3902.247    35.989    32.663
  3902.347    35.989    32.663
  3902.448    35.989    32.601
  3902.548    35.989    32.601
  3902.649    35.989    32.540
  3902.849    35.989    32.540
  3902.951    35.989    32.479
  3903.152    35.989    32.479
  3903.254    36.113    32.479
  3903.353    36.174    32.479
  3904.962    36.174    32.479
  3905.064    36.113    32.418
  3905.466    36.113    32.418
  3905.566    36.113    32.295
  3909.200    36.113    32.295
  3909.300    36.051    32.295
  3909.702    36.051    32.295
  3909.802    35.989    32.234
  3914.230    35.989    32.234
  3914.331    35.866    32.295
  3914.431    35.744    32.295
  3914.632    35.744    32.295
  3914.732    35.682    32.295
  3921.683    35.682    32.295
  3921.785    35.744    32.295
  3929.736    35.744    32.295
  3929.836    35.744    32.479
  3930.340    35.744    32.479
  3930.441    35.805    32.479
  3934.666    35.805    32.479
  3934.767    35.744    32.479
  3935.169    35.744    32.479
  3935.269    35.682    32.357
  3935.371    35.682    32.234
  3935.470    35.682    32.234
  3935.571    35.682    32.173
  3935.772    35.682    32.173
  3935.873    35.621    32.173
  3959.620    35.621    32.173
  3959.720    35.498    32.173
  3959.821    35.374    32.173
  3960.424    35.374    32.173
  3960.526    35.374    32.111
  3960.827    35.374    32.111
  3960.928    35.313    32.111
  3961.230    35.313    32.111
  3961.331    35.251    32.111
  3961.431    35.251    32.111
  3961.532    35.128    32.111
  3961.632    35.067    32.111
  3961.732    35.005    32.111
  3962.035    35.005    32.111
  3962.135    34.944    32.111
  3964.852    34.944    32.111
  3964.953    34.944    32.050
  3965.357    34.944    32.050
  3965.457    34.944    31.866
  3965.557    34.944    31.805
  3965.658    34.944    31.805
  3965.757    34.944    31.744
  3965.859    35.005    31.683
  3965.960    35.067    31.683
  3967.267    35.067    31.683
  3967.368    35.190    31.683
  3967.668    35.190    31.683
  3967.770    35.190    31.744
  3968.074    35.190    31.744
  3968.174    35.190    31.805
  3969.381    35.190    31.805
  3969.482    35.313    31.805
  3972.612    35.313    31.805
  3972.711    35.436    31.805
  3980.058    35.436    31.805
  3980.159    35.436    31.928
  3980.259    35.436    31.989
  3980.360    35.436    31.989
  3980.460    35.436    32.050
  3980.561    35.436    32.050
  3980.662    35.436    32.111
  3980.762    35.436    32.111
  3980.862    35.436    32.234
  3980.962    35.436    32.357
  3981.063    35.436    32.418
  3981.165    35.374    32.418
  3981.678    35.374    32.418
  3981.779    35.374    32.479
  3992.643    35.374    32.479
  3992.744    35.313    32.479
  3992.846    35.251    32.479
  3992.946    35.251    32.479
  3993.046    35.190    32.479
  3993.148    35.190    32.479
  3993.249    35.190    32.418
  3993.348    35.128    32.418
  3993.651    35.128    32.418
  3993.751    35.128    32.357
  3993.851    35.128    32.295
  3993.952    35.128    32.295
  3994.053    35.128    32.234
  4000.089    35.128    32.234
  4000.190    35.067    32.418
  4001.499    35.067    32.418
  4001.599    35.067    32.540
  4015.284    35.067    32.540
  4015.384    35.190    32.601
  5295.239    35.190    32.601
  5295.340    35.128    32.601
  5297.955    35.128    32.601
  5298.057    35.067    32.601
  5298.358    35.067    32.601
  5298.458    35.005    32.601
  5298.560    35.005    32.724
  5330.054    35.005    32.724
  5330.156    35.128    32.724
  5330.256    35.190    32.724
  5332.067    35.190    32.724
  5332.168    35.251    32.724
  5345.568    35.251    32.724
  5345.668    35.313    32.724
  5345.769    35.374    32.724
  5345.870    35.498    32.663
  5345.970    35.498    32.663
  5346.071    35.621    32.663
  5346.171    35.682    32.663
  5346.272    35.682    32.663
  5346.372    35.621    32.601
  5346.473    35.559    32.479
  5369.817    35.559    32.479
  5369.916    35.498    32.479
  5370.521    35.498    32.479
  5370.620    35.498    32.601
  5371.425    35.498    32.601
  5371.527    35.374    32.663
  5394.870    35.374    32.663
  5394.971    35.251    32.908
  5423.545    35.251    32.908
  5423.646    35.436    32.908
  5423.746    35.498    32.908
  5423.848    35.498    32.908
  5423.948    35.498    33.030
  5424.048    35.498    33.153
  5424.150    35.498    33.215
  5424.249    35.559    33.215
  5424.351    35.559    33.215
  5424.452    35.621    33.215
  5424.954    35.621    33.215
  5425.055    35.805    33.215
  5425.156    35.866    33.215
  5425.659    35.866    33.215
  5425.759    35.866    33.092
  5425.861    35.866    33.092
  5425.959    35.866    32.969
  5426.061    35.928    32.969
  5431.797    35.928    32.969
  5431.899    35.989    32.969
  5432.199    35.989    32.969
  5432.300    36.113    32.969
