     1.684    20.794    43.387
     1.930    20.794    43.387
     2.031    20.855    43.387
     2.131    21.409    43.326
     2.233    21.594    43.326
     2.334    21.655    43.326
     2.433    22.024    43.326
     2.534    22.393    43.326
     2.634    22.701    43.326
     2.735    23.131    43.326
     2.836    23.193    43.326
     3.848    23.193    43.326
     3.949    23.378    43.326
     5.760    23.378    43.326
     5.861    23.439    43.326
     5.961    23.562    43.449
     6.063    23.624    43.571
     6.163    23.685    43.571
     6.364    23.685    43.571
     6.465    23.808    43.571
     7.671    23.808    43.571
     7.772    23.870    43.571
     8.581    23.870    43.571
     8.681    24.055    43.571
     8.781    24.608    43.510
     9.285    24.608    43.510
     9.385    24.670    43.510
     9.486    24.670    43.510
     9.586    24.793    43.571
     9.688    24.916    43.571
     9.788    24.916    43.571
     9.888    24.916    43.632
     9.989    24.977    43.693
    10.090    24.977    43.693
    10.190    24.977    43.755
    10.593    24.977    43.755
    10.693    25.039    43.755
    12.101    25.039    43.755
    12.203    25.039    43.816
    15.122    25.039    43.816
    15.222    24.916    43.816
    15.726    24.916    43.816
    15.826    24.854    43.816
    16.027    24.854    43.816
    16.128    24.793    43.816
    16.429    24.793    43.816
    16.530    24.793    43.755
    16.630    24.793    43.755
    16.731    24.916    43.755
    16.832    25.039    43.755
    16.932    25.162    43.755
    17.033    25.223    43.755
    17.133    25.346    43.755
    17.336    25.346    43.755
    17.435    25.408    43.755
    18.241    25.408    43.755
    18.341    25.408    43.816
    18.442    25.408    43.816
    18.543    25.469    43.816
    18.645    25.469    43.816
    18.746    25.531    43.816
    38.200    25.531    43.816
    38.300    25.593    43.816
    38.502    25.593    43.816
    38.602    25.654    43.878
    38.702    25.716    43.939
    38.803    25.716    43.939
    38.904    25.716    44.000
    39.004    25.716    44.000
    39.104    25.716    44.061
    39.206    25.716    44.184
    55.715    25.716    44.184
    55.817    25.900    44.245
    55.918    26.023    44.245
    56.118    26.023    44.245
    56.219    26.023    44.307
    56.320    26.023    44.368
    56.520    26.023    44.368
    56.622    26.084    44.429
    56.721    26.146    44.429
    56.922    26.146    44.429
    57.024    26.208    44.429
    60.747    26.208    44.429
    60.848    26.208    44.368
    60.949    26.208    44.368
    61.049    26.208    44.307
    61.150    26.208    44.307
    61.250    26.146    44.307
    61.351    26.084    44.307
    61.452    26.023    44.245
    61.552    25.962    44.184
    61.653    25.962    44.122
    61.752    25.962    44.061
    61.853    25.900    44.000
    61.954    25.900    43.939
    62.458    25.900    43.939
    62.559    25.962    43.939
    62.660    25.962    43.939
    62.759    26.023    43.939
    62.861    26.023    43.939
    62.960    26.084    43.939
    63.665    26.084    43.939
    63.765    26.146    44.000
    63.866    26.208    44.061
    63.966    26.331    44.122
    64.068    26.454    44.122
    64.169    26.577    44.245
    64.268    26.638    44.307
    64.470    26.638    44.307
    64.571    26.700    44.307
    66.080    26.700    44.307
    66.181    26.762    44.307
    66.482    26.762    44.307
    66.583    26.762    44.368
    69.099    26.762    44.368
    69.200    26.762    44.429
    69.601    26.762    44.429
    69.702    26.762    44.490
    70.207    26.762    44.490
    70.307    26.762    44.551
    70.610    26.762    44.551
    70.710    26.762    44.613
    70.813    26.762    44.736
    70.914    26.762    44.919
    77.858    26.762    44.919
    77.959    26.700    44.919
   124.963    26.700    44.919
   125.064    26.700    44.980
   125.166    26.762    44.980
   132.311    26.762    44.980
   132.411    26.885    45.226
   135.631    26.885    45.226
   135.731    26.946    45.226
   139.657    26.946    45.226
   139.757    26.823    45.409
   139.858    26.762    45.532
   139.958    26.762    45.532
   140.059    26.762    45.594
   144.287    26.762    45.594
   144.388    26.762    45.655
   144.488    26.762    45.716
   145.594    26.762    45.716
   145.695    26.762    45.777
   145.794    26.762    45.838
   150.829    26.762    45.838
   150.929    26.762    45.900
   151.130    26.762    45.900
   151.231    26.762    45.961
   151.333    26.762    45.961
   151.432    26.700    46.084
   151.834    26.700    46.084
   151.935    26.700    46.145
   154.752    26.700    46.145
   154.853    26.700    46.206
   155.155    26.700    46.206
   155.255    26.700    46.267
   156.866    26.700    46.267
   156.966    26.700    46.329
   158.576    26.700    46.329
   158.677    26.700    46.390
   158.778    26.700    46.512
   158.878    26.700    46.635
   160.992    26.700    46.635
   161.093    26.700    46.696
   161.193    26.700    46.696
   161.294    26.700    46.758
   161.396    26.700    46.819
   161.497    26.700    46.880
   162.802    26.700    46.880
   162.903    26.823    46.880
   163.105    26.823    46.880
   163.206    26.823    46.941
   163.507    26.823    46.941
   163.608    26.823    47.003
   163.707    26.823    47.064
   165.117    26.823    47.064
   165.217    26.885    47.125
   166.324    26.885    47.125
   166.424    26.885    47.187
   167.231    26.885    47.187
   167.332    26.885    47.248
   170.954    26.885    47.248
   171.053    26.885    47.370
   171.155    26.885    47.432
   171.254    26.885    47.493
   171.962    26.885    47.493
   172.064    26.885    47.554
   173.576    26.885    47.554
   173.677    26.885    47.493
   176.393    26.885    47.493
   176.493    26.885    47.554
   178.407    26.885    47.554
   178.507    26.946    47.554
   178.607    26.946    47.554
   178.708    26.946    47.616
   179.010    26.946    47.616
   179.112    26.946    47.677
   179.414    26.946    47.677
