     0.857    26.721    15.652
     1.542    26.721    15.652
     1.643    26.669    15.652
     7.195    26.669    15.652
     7.296    26.721    15.499
     7.397    26.721    15.449
     7.497    26.875    15.347
     7.597    27.030    15.347
     7.699    27.082    15.296
     7.799    27.237    15.296
     7.900    27.288    15.296
     8.001    27.288    15.194
     8.101    27.288    15.194
     8.203    27.340    15.144
     8.303    27.340    15.042
     8.403    27.391    14.839
     8.503    27.443    14.737
     8.604    27.649    14.737
     8.704    27.804    14.686
     8.804    27.959    14.686
     8.907    28.011    14.686
     9.008    28.011    14.686
     9.108    28.011    14.636
     9.209    28.011    14.584
     9.309    28.011    14.483
     9.411    28.062    14.432
     9.511    28.114    14.432
     9.611    28.217    14.432
     9.711    28.268    14.432
    11.527    28.268    14.432
    11.627    28.268    14.331
    11.727    28.320    14.331
    11.828    28.371    14.331
    11.928    28.526    14.331
    12.030    28.629    14.331
    12.131    28.991    14.280
    12.231    29.145    14.280
    12.332    29.145    14.229
    12.433    29.248    14.229
    12.534    29.351    14.229
    12.633    29.764    14.229
    12.735    30.280    14.229
    12.836    30.693    14.280
    12.937    30.796    14.280
    13.038    30.951    14.331
    13.138    31.415    14.331
    13.239    31.724    14.331
    13.340    31.828    14.331
    13.440    32.034    14.331
    13.542    32.137    14.331
    13.642    32.292    14.331
    13.743    32.498    14.331
    13.843    32.808    14.280
    13.944    32.963    14.280
    14.044    33.117    14.280
    14.146    33.324    14.280
    14.247    33.375    14.229
    14.347    33.375    14.229
    14.447    33.375    14.178
    15.050    33.375    14.178
    15.151    33.581    13.873
    15.252    33.736    13.873
    15.352    33.736    13.771
    15.454    33.788    13.721
    15.553    33.788    13.466
    15.654    33.788    13.365
    15.754    34.149    12.958
    15.855    34.355    12.908
    15.956    34.407    12.908
    23.606    34.407    12.908
    23.707    34.458    12.908
    23.807    34.510    12.908
    25.923    34.510    12.908
    26.024    34.510    12.806
    26.126    34.510    12.653
    26.226    34.510    12.552
    26.327    34.510    12.552
    26.426    34.561    12.552
    26.527    34.561    12.552
    26.628    34.613    12.349
    26.728    34.613    12.145
    26.829    34.613    11.942
    26.929    34.613    11.840
    27.031    34.613    11.688
    27.131    34.613    11.535
    27.232    34.613    11.383
    27.333    34.613    11.282
    27.432    34.613    11.129
    27.533    34.613    10.977
    27.633    34.613    10.977
    27.734    34.613    10.824
    27.835    34.613    10.621
    27.935    34.613    10.469
    28.036    34.613    10.367
    28.540    34.613    10.367
    28.639    34.613    10.316
    28.740    34.613    10.214
    28.842    34.613    10.164
    30.556    34.613    10.164
    30.658    34.561    10.164
    30.758    34.510    10.164
    30.858    34.510    10.164
    30.959    34.510    10.113
    31.059    34.510    10.011
    31.161    34.510    10.011
    31.261    34.510     9.960
    31.362    34.407     9.859
    31.461    34.355     9.859
    31.562    34.304     9.859
    34.184    34.304     9.859
    34.285    34.252     9.808
    34.385    34.200     9.808
    34.486    34.200     9.401
    34.586    34.200     9.351
    34.686    34.200     9.351
    34.787    34.200     9.300
    35.995    34.200     9.300
    36.095    34.200     9.351
    36.196    34.252     9.401
    36.297    34.355     9.554
    36.397    34.510     9.706
    36.498    34.613     9.757
    37.306    34.613     9.757
    37.407    34.561     9.808
    37.506    34.510     9.808
    37.607    34.510     9.808
    37.710    34.304     9.808
    37.810    34.097     9.808
    37.911    33.994     9.808
    38.012    33.943     9.808
    38.113    33.788     9.808
    38.214    33.581     9.808
    38.316    33.530     9.808
    38.417    33.530     9.808
    38.517    33.478     9.808
    38.618    33.324     9.808
    38.718    33.066     9.808
    38.820    32.911     9.808
    38.919    32.653     9.859
    39.020    32.550     9.909
    39.122    32.189    10.062
    39.222    31.982    10.164
    39.323    31.931    10.214
    39.423    31.931    10.214
    39.524    31.931    10.265
    39.625    31.931    10.316
    39.726    31.931    10.418
    40.028    31.931    10.418
    40.129    31.931    10.469
    40.229    31.931    10.570
    40.331    31.931    10.672
    40.430    31.931    10.824
    40.531    31.931    10.875
    40.833    31.931    10.875
    40.933    31.879    10.875
    41.940    31.879    10.875
    42.041    31.828    10.875
    42.141    31.828    10.926
    43.350    31.828    10.926
    43.450    31.879    10.926
    43.550    31.931    10.926
    43.652    31.982    10.926
    43.753    31.982    10.977
    43.852    32.085    10.977
    43.954    32.085    11.027
    44.055    32.085    11.078
    44.155    32.085    11.129
    44.256    32.085    11.231
    44.356    32.085    11.485
    44.458    32.085    11.535
    44.557    32.137    11.688
    44.658    32.137    11.840
    44.759    32.137    11.942
    45.062    32.137    11.942
    45.163    32.085    11.942
    48.887    32.085    11.942
    48.988    32.550    11.840
    49.090    32.756    11.840
    49.191    32.859    11.840
    49.696    32.859    11.840
    49.795    32.808    11.840
    49.896    32.756    11.790
    49.997    32.704    11.739
    50.097    32.704    11.688
    50.199    32.704    11.587
    50.298    32.653    11.434
    50.400    32.601    11.180
    50.501    32.550    10.977
    50.600    32.550    10.977
    50.701    32.550    10.926
    50.822    32.447    10.672
    50.921    32.344    10.469
    51.022    32.292    10.469
    52.532    32.292    10.469
    52.634    32.292    10.418
    53.740    32.292    10.418
    53.840    32.189    10.418
    53.942    32.085    10.418
    54.243    32.085    10.418
    54.343    32.085    10.469
    54.445    32.034    10.570
    54.545    32.034    10.672
    55.250    32.034    10.672
    55.350    32.085    10.672
    55.652    32.085    10.672
    55.753    32.085    10.621
    55.852    32.085    10.570
    55.953    32.085    10.519
    56.859    32.085    10.519
    56.961    32.085    10.570
    57.060    32.034    10.773
    57.161    31.931    10.977
    57.262    31.931    10.977
    57.363    31.879    10.977
    89.706    31.879    10.977
    89.808    31.982    10.824
    89.909    31.982    10.824
    90.009    31.982    10.773
    90.110    32.085    10.722
    90.211    32.189    10.519
    90.311    32.189    10.469
    90.412    32.189    10.367
    90.513    32.189    10.265
    93.530    32.189    10.265
    93.630    32.189    10.316
    94.434    32.189    10.316
    94.535    32.189    10.418
    94.635    32.189    10.621
    95.241    32.189    10.621
    95.342    32.137    10.621
    95.543    32.137    10.621
    95.642    32.137    10.672
    95.744    32.137    10.672
    95.843    32.085    10.672
    96.044    32.085    10.672
    96.146    32.034    10.672
    96.247    31.982    10.672
    96.448    31.982    10.672
    96.548    31.931    10.672
    96.649    31.931    10.519
    96.749    31.931    10.418
    97.051    31.931    10.418
    97.152    31.931    10.367
    97.253    31.931    10.214
    97.352    31.931    10.164
    97.454    31.931    10.164
    97.554    31.931    10.113
    97.655    31.879    10.062
    97.756    31.776    10.062
    97.857    31.776    10.011
    97.958    31.724     9.960
    98.059    31.621     9.909
    98.361    31.621     9.909
    98.461    31.570     9.909
    98.561    31.570     9.960
    98.762    31.570     9.960
    98.863    31.673    10.113
    98.964    31.776    10.265
    99.065    31.776    10.316
    99.567    31.776    10.316
    99.668    31.931    10.316
    99.870    31.931    10.316
    99.970    31.982    10.316
   100.071    32.034    10.316
   100.171    32.240    10.316
   100.272    32.292    10.316
   100.373    32.344    10.316
   102.487    32.344    10.316
   102.587    32.395    10.316
   102.687    32.395    10.265
   102.788    32.395    10.265
   102.888    32.395    10.214
   102.989    32.395    10.164
   103.089    32.447    10.113
   103.190    32.601    10.062
   103.291    32.756    10.062
   103.391    32.859    10.062
   103.492    32.911    10.062
   103.995    32.911    10.062
   104.096    32.963    10.062
   104.196    33.014    10.011
   104.296    33.066    10.011
   104.396    33.066     9.909
   104.497    33.272     9.808
   104.598    33.427     9.706
   104.699    33.478     9.503
   104.799    33.478     9.401
   104.900    33.478     9.300
   105.001    33.478     9.198
   105.101    33.581     9.147
   105.202    33.633     9.046
   122.709    33.633     9.046
   122.809    33.581     9.249
   123.112    33.581     9.249
   123.212    33.530     9.401
   123.312    33.478     9.554
   123.413    33.478     9.656
   123.513    33.478     9.706
   123.614    33.478     9.706
   123.714    33.427     9.706
   124.117    33.427     9.706
   124.217    33.427     9.757
   124.319    33.427     9.859
   126.230    33.427     9.859
   126.331    33.530     9.859
   128.947    33.530     9.859
   129.047    33.427     9.859
   129.148    33.375     9.859
   129.249    33.324     9.859
   129.349    33.272     9.808
   129.450    33.169     9.757
   129.550    33.169     9.757
   129.651    33.117     9.757
   129.752    33.014     9.757
   129.852    32.808     9.757
   129.954    32.653     9.757
   130.054    32.601     9.757
   131.473    32.601     9.757
   131.574    32.498     9.757
   131.674    32.344     9.859
   131.775    32.240     9.909
   131.876    31.879    10.164
   131.976    31.724    10.214
   132.077    31.467    10.367
   132.177    31.260    10.469
   132.279    31.157    10.519
   132.380    31.157    10.570
   134.894    31.157    10.570
   134.994    31.311    10.519
   135.094    31.364    10.519
   135.296    31.364    10.519
   135.396    31.364    10.570
   135.497    31.364    10.570
   135.597    31.415    10.672
   135.698    31.415    10.672
   135.798    31.415    10.722
   137.208    31.415    10.722
   137.307    31.467    10.722
   137.408    31.518    10.722
   137.508    31.570    10.722
   137.810    31.570    10.722
   137.912    31.621    10.722
   138.011    31.621    10.722
   138.113    31.673    10.722
   139.420    31.673    10.722
   139.521    31.776    10.722
   139.621    31.828    10.722
   139.721    31.931    10.722
   139.822    31.982    10.722
   139.922    32.034    10.722
   141.029    32.034    10.722
   141.130    32.034    10.570
   141.231    32.034    10.519
   141.332    32.034    10.469
   141.934    32.034    10.469
   142.036    32.034    10.418
   536.084    32.034    10.418
   536.185    32.085    10.418
   536.385    32.085    10.418
   536.486    32.137    10.418
   536.587    32.137    10.418
   536.686    32.189    10.418
   537.189    32.189    10.418
   537.291    32.240    10.418
   537.390    32.292    10.418
   538.801    32.292    10.418
   538.903    32.240    10.418
   539.104    32.240    10.418
   539.205    32.292    10.418
   539.305    32.395    10.418
   539.406    32.498    10.418
   540.212    32.498    10.418
   540.312    32.550    10.418
   540.413    32.653    10.418
   541.216    32.653    10.418
   541.318    32.704    10.418
   541.419    32.704    10.469
   545.546    32.704    10.469
   545.646    32.704    10.316
   546.059    32.704    10.316
   546.160    32.808    10.316
   546.260    32.859    10.316
   546.462    32.859    10.316
   546.563    32.859    10.265
   546.663    32.756    10.214
   546.762    32.756    10.113
   548.574    32.756    10.113
   548.674    32.859     9.960
   548.775    32.911     9.960
   549.289    32.911     9.960
   549.389    32.963     9.960
   549.491    33.014     9.960
   549.591    33.117     9.960
   549.692    33.117     9.960
   549.793    33.220     9.960
   550.296    33.220     9.960
   550.396    33.220     9.909
   550.698    33.220     9.909
   550.798    33.220     9.859
   550.899    33.272     9.859
   550.999    33.427     9.859
   551.099    33.478     9.859
   553.013    33.478     9.859
   553.114    33.478     9.656
   553.215    33.478     9.604
   553.315    33.478     9.503
   553.416    33.478     9.452
   553.516    33.530     9.452
   556.434    33.530     9.452
   556.535    33.530     9.351
   556.636    33.530     9.351
   556.736    33.581     9.249
   556.837    33.581     9.249
   556.936    33.736     9.249
   557.038    33.840     9.249
   557.138    33.891     9.249
   557.641    33.891     9.249
   557.742    33.891     9.198
   557.842    33.891     9.147
   559.048    33.891     9.147
   559.150    33.891     9.096
   559.251    33.891     8.995
   559.552    33.891     8.995
   559.653    33.891     8.944
   559.754    33.891     8.944
   559.854    33.891     8.893
   559.955    33.994     8.893
   561.060    33.994     8.893
   561.162    34.149     8.893
   561.262    34.200     8.893
   568.407    34.200     8.893
   568.508    34.200     8.842
   568.608    34.200     8.842
   568.709    34.200     8.791
   571.426    34.200     8.791
   571.527    34.200     8.944
   571.628    34.149     9.046
   571.829    34.149     9.046
   571.929    34.149     9.198
   572.432    34.149     9.198
   572.534    34.200     9.351
   572.633    34.200     9.452
   572.733    34.200     9.503
   574.545    34.200     9.503
   574.645    34.149     9.503
   574.746    34.149     9.249
   574.847    34.149     9.147
   574.947    34.149     9.046
   575.048    34.149     9.046
   575.148    34.200     8.944
   575.249    34.200     8.842
   575.349    34.200     8.791
   575.450    34.458     8.791
   575.550    34.510     8.791
   575.651    34.561     8.791
   575.852    34.561     8.791
   575.953    34.561     8.741
   576.053    34.561     8.690
   576.858    34.561     8.690
   576.959    34.613     8.690
   577.059    34.665     8.690
   577.261    34.665     8.690
   577.361    34.665     8.842
   577.462    34.665     8.893
   577.563    34.716     8.893
   577.663    34.716     8.893
   577.763    34.768     8.893
   577.865    34.820     8.995
   584.810    34.820     8.995
   584.918    34.820     8.690
   585.118    34.820     8.690
   585.218    34.820     8.639
   585.319    34.820     8.588
   585.421    34.820     8.487
   585.521    34.820     8.436
   585.621    34.820     8.436
   585.721    34.820     8.385
   585.822    34.820     8.334
   585.923    34.820     8.233
   586.023    34.820     8.131
   586.124    34.820     8.080
   586.225    34.820     8.029
   586.727    34.820     8.029
   586.829    34.820     8.131
   586.928    34.820     8.283
   587.029    34.820     8.436
   587.130    34.820     8.538
   587.230    34.820     8.639
   587.332    34.820     8.690
   587.432    34.820     8.791
   590.852    34.820     8.791
   590.952    34.665     8.995
   591.254    34.665     8.995
   591.354    34.665     9.046
   591.456    34.665     9.096
   592.461    34.665     9.096
   592.562    34.665     9.046
   592.663    34.665     8.995
   592.762    34.665     8.944
   593.064    34.665     8.944
   593.165    34.716     8.893
   593.366    34.716     8.893
   593.466    34.716     8.842
   594.573    34.716     8.842
   594.674    34.768     8.842
   594.976    34.768     8.842
   595.077    34.768     8.791
   595.278    34.768     8.791
   595.380    34.768     8.741
   595.479    34.768     8.690
   598.095    34.768     8.690
   598.195    34.768     8.639
   598.297    34.768     8.436
   598.396    34.768     8.436
   598.497    34.716     8.385
   598.598    34.716     8.385
   598.698    34.665     8.385
   598.799    34.665     8.334
   598.899    34.665     8.334
   599.001    34.665     8.283
   599.102    34.665     8.233
   599.203    34.665     8.131
   599.302    34.665     8.131
   599.403    34.665     8.029
   599.504    34.561     7.928
   599.604    34.561     7.877
   601.113    34.561     7.877
   601.214    34.665     7.877
   601.314    34.923     7.877
   602.723    34.923     7.877
   602.823    34.871     7.877
   602.924    34.820     7.877
   603.024    34.768     7.877
   603.126    34.768     7.877
   603.225    34.716     7.877
   603.929    34.716     7.877
   604.030    34.613     7.978
   604.132    34.613     7.978
   604.231    34.613     8.029
   604.534    34.613     8.029
   604.634    34.613     8.131
   604.734    34.613     8.233
   606.142    34.613     8.233
   606.244    34.613     8.436
   606.354    34.510     8.588
   606.457    34.510     8.741
   606.556    34.407     8.842
   606.659    34.355     8.944
   606.759    34.355     9.046
   606.859    34.149     9.249
   606.960    34.046     9.452
   607.060    33.943     9.757
   607.161    33.840    10.062
   607.261    33.840    10.113
   607.966    33.840    10.113
   608.066    33.788    10.113
   608.168    33.736    10.113
   608.770    33.736    10.113
   608.872    33.684    10.113
   610.280    33.684    10.113
   610.382    33.633    10.113
   610.482    33.581    10.113
   610.884    33.581    10.113
   610.986    33.530    10.113
   611.088    33.427    10.164
   611.693    33.427    10.164
   611.793    33.375    10.164
   611.901    33.324    10.164
   612.707    33.324    10.164
   612.806    33.272    10.164
   612.907    33.220    10.164
   613.008    33.117    10.164
   613.109    33.066    10.164
   613.411    33.066    10.164
   613.510    33.014    10.164
   621.962    33.014    10.164
   622.061    33.220    10.062
   623.370    33.220    10.062
   623.470    33.169    10.214
   623.570    33.014    10.367
   623.672    32.963    10.519
   623.771    32.808    10.773
   623.872    32.704    10.977
   623.972    32.704    11.180
   624.073    32.601    11.485
   624.174    32.601    11.637
   624.275    32.344    11.891
   624.376    32.085    12.298
   624.475    31.931    12.603
   624.577    31.724    12.806
   624.677    31.467    13.162
   624.777    31.260    13.466
   624.878    31.157    13.873
   624.978    31.105    14.026
   625.079    31.105    14.026
   625.180    31.105    14.076
   625.280    31.054    14.127
   625.381    30.848    14.534
   625.482    30.796    14.889
   625.583    30.590    15.347
   625.683    30.383    15.753
   625.784    30.331    16.007
   625.883    30.074    16.515
   625.985    29.661    17.227
   626.086    29.506    17.583
   626.185    29.300    17.989
   626.287    29.248    18.243
   626.387    29.197    18.548
   626.488    29.197    19.107
   626.589    29.197    19.514
   626.689    29.300    20.073
   626.790    29.300    20.479
   626.890    29.300    20.835
   626.990    29.351    21.242
   627.091    29.403    21.546
   627.293    29.403    21.546
   627.393    29.455    21.597
   627.494    29.558    22.360
   627.594    29.455    22.918
   627.694    29.403    23.173
   627.795    29.403    23.325
   628.299    29.403    23.325
   628.399    29.506    23.325
   629.404    29.506    23.325
   629.505    29.558    23.376
   629.606    29.816    23.528
   629.707    29.816    23.630
   629.807    29.971    23.884
   629.907    30.125    24.087
   630.008    30.228    24.291
   630.108    30.487    24.392
   630.209    30.796    24.392
   630.310    30.899    24.392
   633.851    30.899    24.392
   633.953    30.848    24.443
   634.053    30.848    24.697
   634.154    30.796    24.799
   634.254    30.693    25.104
   634.355    30.693    25.307
   634.463    30.641    25.459
   634.563    30.538    25.510
   634.664    30.487    25.662
   635.368    30.487    25.662
   635.467    30.331    25.713
   635.569    30.125    25.815
   635.670    29.919    25.866
   635.770    29.713    26.018
   635.871    29.558    26.272
   637.380    29.558    26.272
   637.480    29.558    26.171
   637.581    29.558    26.018
   637.681    29.609    25.967
   637.782    29.609    25.764
   638.184    29.609    25.764
   638.285    29.609    25.815
   638.384    29.609    25.764
   638.788    29.609    25.764
   638.887    29.300    25.713
   638.989    29.094    25.713
   639.090    28.887    25.815
   639.189    28.629    26.018
   639.290    28.371    26.120
   639.391    28.165    26.120
   639.491    27.959    26.171
   639.592    27.701    26.171
   639.693    27.495    26.171
   639.794    27.237    26.222
   639.894    26.979    26.222
   639.995    26.772    26.272
   640.095    26.463    26.272
   640.196    26.102    26.272
   640.297    25.586    26.272
   640.397    25.122    26.272
   640.498    24.915    26.323
   640.598    24.657    26.323
   640.699    24.399    26.323
   640.800    24.142    26.272
   640.899    23.883    26.272
   641.000    23.780    26.069
   641.101    23.780    26.018
   645.225    23.780    26.018
   645.327    23.729    25.815
   645.427    23.729    25.815
   645.528    23.677    25.713
   645.629    23.626    25.662
   645.729    23.626    25.612
   645.831    23.523    25.561
   645.929    23.419    25.459
   646.031    23.316    25.357
   646.132    23.213    25.307
   646.333    23.213    25.307
   646.433    23.213    25.205
   646.535    23.213    25.104
   646.634    23.213    25.104
   646.734    23.162    25.053
   646.836    23.059    24.900
   646.936    22.955    24.748
   647.036    22.852    24.595
   647.137    22.852    24.494
   647.238    22.697    24.494
   647.339    22.542    24.494
   647.439    22.388    24.494
   647.540    22.026    24.443
   647.640    21.717    24.443
   647.741    21.407    24.443
   647.841    21.150    24.443
   647.941    20.892    24.443
   648.042    20.582    24.443
   648.143    20.221    24.443
   648.244    20.170    24.443
   648.344    20.170    24.443
   648.445    20.118    24.443
   648.546    19.912    24.443
   648.646    19.602    24.494
   648.747    19.138    24.646
   648.847    18.777    24.799
   648.947    18.313    24.900
   649.049    17.951    25.205
   649.148    17.745    25.409
   649.250    17.590    25.510
   649.752    17.590    25.510
   649.853    17.487    25.510
   649.954    17.281    25.409
   650.060    16.971    25.409
   650.161    16.765    25.357
   650.261    16.559    25.256
   650.362    16.146    25.256
   650.463    15.785    25.256
   650.563    15.475    25.256
   650.664    15.166    25.256
   650.764    15.063    25.256
   650.966    15.063    25.256
   651.066    14.444    25.256
   651.166    14.083    25.256
   651.267    13.825    25.357
   651.368    13.412    25.510
   651.468    12.999    25.815
   651.569    12.690    26.222
   651.670    12.638    26.374
   652.072    12.638    26.374
   652.173    12.587    26.374
   652.273    12.381    26.425
   652.374    12.174    26.425
   652.474    11.710    26.475
   652.575    11.349    26.475
   652.675    10.369    26.730
   652.776    10.008    26.730
   652.876     9.646    26.780
   652.976     9.285    26.831
   653.078     8.718    26.831
   653.178     7.944    26.780
   653.279     7.222    26.730
   653.380     6.603    26.730
   653.480     5.881    26.323
   653.582     5.159    25.967
   653.681     4.385    25.459
   653.782     3.869    25.002
   653.883     3.560    24.900
   653.983     3.353    24.799
   654.083     3.302    24.799
   654.486     3.302    24.799
   654.587     3.250    24.748
   654.687     3.198    24.443
   654.787     3.147    23.833
   654.887     2.889    23.223
   654.989     2.734    22.563
   655.089     2.270    21.648
   655.190     1.960    20.581
   655.290     1.909    20.124
   655.391     1.909    19.564
   655.492     1.909    19.209
   655.592     1.806    18.904
   655.693     1.754    18.498
   655.794     1.754    17.735
   655.894     1.703    17.227
   655.995     1.600    17.024
   656.095     1.600    16.871
   656.196     1.600    16.719
   656.297     1.547    16.414
   656.397     1.393    15.957
   656.498     1.393    15.194
   656.598     1.393    14.839
   656.699     1.393    14.178
   656.799     1.444    13.619
   656.899     1.496    12.806
   657.001     1.496    12.552
   657.100     1.496    12.450
   660.320     1.496    12.450
   660.420     1.341    12.247
   660.521     1.290    12.044
   660.622     1.238    11.942
   660.722     1.135    11.891
   661.023     1.135    11.891
   661.126     1.187    12.095
   661.226     1.444    12.145
   661.327     1.754    12.145
   661.427     1.960    12.145
   661.528     2.064    12.145
   661.629     2.064    12.196
   661.730     1.909    12.552
   661.830     1.857    12.958
   661.930     1.857    13.162
   662.030     1.754    13.314
   662.131     1.600    13.721
   662.232     1.393    14.280
   662.333     1.135    14.636
   662.433     1.084    14.788
   662.534     1.084    14.991
   662.634     1.084    15.499
   662.735     1.084    16.058
   662.836     1.084    16.363
   662.936     1.290    16.922
   663.037     1.600    17.786
   663.137     1.806    18.548
   663.238     1.806    18.701
   663.339     1.754    18.955
   663.439     1.703    19.564
   663.540     1.703    20.022
   663.640     1.703    20.124
   664.344     1.703    20.124
   664.445     1.651    20.124
   664.646     1.651    20.124
   664.747     1.651    20.225
   664.847     1.600    20.530
   664.948     1.496    20.784
   665.048     1.341    20.937
   665.148     1.084    21.140
   666.256     1.084    21.140
   666.357     0.980    21.242
   666.457     0.980    21.445
   666.557     0.980    21.445
   666.658     0.980    21.495
   666.759     0.980    21.546
   666.859     0.980    21.597
   666.960     1.032    21.648
   667.060     1.032    21.648
   667.161     1.032    21.750
   667.261     1.032    21.851
   667.362     1.032    21.953
   667.463     1.032    22.004
   667.563     1.032    22.156
   667.664     1.032    22.308
   667.763     1.032    22.410
   668.368     1.032    22.410
   668.468     1.032    22.563
   668.570     0.980    22.817
   668.671     0.929    22.868
   668.771     0.929    22.918
   668.872     0.929    23.020
   668.971     0.929    23.173
   669.072     0.877    23.223
   669.173     0.877    23.274
   671.185     0.877    23.274
   671.286     0.929    23.528
   671.386     0.929    23.630
   671.487     1.084    23.681
   671.688     1.084    23.681
   671.790     1.238    23.681
   671.889     1.444    23.681
   671.990     1.600    23.731
   672.090     1.703    23.833
   672.191     1.703    23.884
   672.293     1.857    23.986
   672.392     2.012    23.986
   672.493     2.012    23.986
   672.594     2.218    23.986
   672.694     2.424    24.138
   672.794     2.940    24.239
   672.894     3.147    24.239
   672.996     3.198    24.291
   673.096     3.250    24.291
   674.001     3.250    24.291
   674.102     3.250    24.392
   674.203     3.302    24.646
   674.303     3.302    24.951
   674.404     3.302    25.205
   674.505     3.302    25.409
   674.606     3.302    25.713
   674.706     3.250    25.764
   675.410     3.250    25.764
   675.511     2.992    26.120
   675.611     2.992    26.120
   675.711     2.992    26.171
   675.812     2.992    26.171
   675.913     2.734    26.222
   676.013     2.476    26.323
   676.114     2.321    26.374
   691.532     2.321    26.374
   691.632     2.270    26.374
   692.537     2.270    26.374
   692.637     2.631    25.967
   692.738     2.683    25.866
   693.040     2.683    25.866
   693.140     2.683    25.815
   693.242     2.683    25.815
   693.342     2.683    25.612
   693.443     2.683    25.561
   693.544     2.683    25.510
   698.774     2.683    25.510
   698.875     2.683    25.561
   698.975     2.889    25.612
   699.076     2.992    25.662
   699.176     3.044    25.662
   699.277     3.044    25.662
   699.379     3.198    25.713
   699.479     3.198    25.764
   699.579     3.198    25.866
   699.680     3.198    25.917
   699.880     3.198    25.917
   699.981     3.147    25.917
   700.987     3.147    25.917
   701.088     3.147    25.967
   701.189     3.147    25.967
   701.289     3.198    26.069
   701.389     3.198    26.120
   701.491     3.198    26.171
   702.094     3.198    26.171
   702.195     3.353    26.171
   702.296     3.508    26.222
   702.396     3.663    26.222
   702.497     3.714    26.222
   702.598     3.766    26.222
   703.503     3.766    26.222
   703.604     3.972    26.222
   703.705     4.179    26.222
   703.804     4.179    26.272
   703.905     4.179    26.272
   704.006     4.282    26.272
   704.106     4.694    26.323
   704.207     5.107    26.374
   704.307     5.159    26.374
   704.408     5.210    26.374
   704.509     5.571    26.374
   704.609     6.190    26.425
   704.710     6.552    26.425
   704.810     6.964    26.425
   704.911     7.016    26.475
   705.011     7.376    26.628
   705.112     7.686    26.679
   705.214     7.892    26.679
   705.314     8.254    26.730
   705.414     8.563    26.730
   705.514     9.079    26.780
   705.616     9.079    26.831
   705.716     9.337    26.882
   705.817     9.543    26.882
   705.917     9.646    26.882
   706.017     9.852    26.882
   706.118     9.905    26.882
   706.923     9.905    26.882
   707.023    10.008    26.882
   707.124    10.781    26.831
   707.326    10.781    26.831
   707.426    11.091    26.831
   707.526    11.194    26.831
   709.347    11.194    26.831
   709.448    11.452    26.831
   709.548    11.555    26.831
   709.849    11.555    26.831
   709.950    11.658    26.831
   710.050    11.865    26.831
   710.152    11.968    26.831
   710.252    11.968    26.831
   710.352    12.019    26.831
   710.453    12.122    26.831
   710.554    12.225    26.831
   710.654    12.329    26.831
   710.755    12.329    26.831
   710.856    12.381    26.831
   710.956    12.484    26.831
   711.056    12.484    26.831
   711.158    12.587    26.831
   711.258    12.741    26.831
   711.358    12.896    26.831
   711.460    13.051    26.831
   711.560    13.154    26.831
   711.660    13.206    26.831
   711.760    13.361    26.831
   711.861    13.515    26.831
   711.963    13.670    26.831
   712.062    13.773    26.831
   712.364    13.773    26.831
   712.466    13.825    26.831
   712.565    13.876    26.831
   712.867    13.876    26.831
   712.967    14.031    26.831
   713.068    14.186    26.831
   713.170    14.289    26.831
   713.270    14.444    26.831
   713.370    14.547    26.831
   715.784    14.547    26.831
   715.884    14.857    26.831
   716.087    14.857    26.831
   716.187    15.011    26.882
   716.287    15.217    26.984
   716.387    15.269    27.035
   716.488    15.372    27.085
   716.590    15.372    27.085
   716.690    15.475    27.085
   716.791    15.630    27.085
   716.890    15.837    27.085
   716.991    15.940    27.085
   717.092    15.991    27.136
   717.192    16.043    27.136
   717.594    16.043    27.136
   717.696    16.094    27.136
   717.796    16.249    27.187
   717.896    16.352    27.238
   717.997    16.456    27.288
   718.097    16.456    27.340
   719.003    16.456    27.340
   719.103    16.507    27.441
   719.204    16.559    27.441
   719.406    16.559    27.441
   719.507    16.610    27.441
   719.607    16.662    27.441
   719.708    16.714    27.441
   719.807    16.765    27.441
   719.908    16.765    27.441
   720.009    16.817    27.441
   720.109    16.817    27.543
   720.210    16.817    27.695
   720.310    16.817    27.797
   720.411    16.817    27.848
   721.115    16.817    27.848
   721.217    16.920    27.898
   721.317    16.971    28.000
   721.417    17.023    28.051
   721.518    17.023    28.102
   721.619    17.023    28.102
   721.718    17.074    28.153
   721.820    17.074    28.203
   721.920    17.074    28.203
   722.020    17.074    28.305
   722.121    17.074    28.356
   722.222    17.126    28.407
   722.323    17.177    28.407
   722.925    17.177    28.407
   723.026    17.281    28.457
   723.530    17.281    28.457
   723.631    17.333    28.508
   724.435    17.333    28.508
   724.535    17.333    28.610
   724.636    17.333    28.661
   724.736    17.333    28.762
   724.838    17.384    28.864
   725.039    17.384    28.864
   725.139    17.436    28.915
   725.642    17.436    28.915
   725.743    17.436    28.966
   725.842    17.436    28.966
   725.943    17.436    29.016
   726.044    17.436    29.067
   726.168    17.436    29.067
   726.245    17.436    29.118
   727.351    17.436    29.118
   727.453    17.384    29.321
   727.553    17.384    29.474
   727.653    17.384    29.626
   727.755    17.384    29.779
   732.383    17.384    29.779
   732.482    17.487    29.830
   732.584    17.487    29.830
   732.684    17.539    29.830
   734.695    17.539    29.830
   734.796    17.590    29.880
   734.896    17.590    29.931
   734.997    17.590    29.931
   735.097    17.590    29.982
   735.199    17.590    30.033
   735.300    17.590    30.084
   735.399    17.539    30.084
   737.614    17.539    30.084
   737.714    17.539    30.135
   737.815    17.539    30.135
   737.915    17.539    30.185
   738.015    17.539    30.185
   738.116    17.539    30.236
   738.218    17.539    30.287
   742.241    17.539    30.287
   742.343    17.539    30.236
   742.443    17.487    30.033
   742.543    17.487    29.880
   742.644    17.487    29.779
   742.745    17.436    29.779
   743.046    17.436    29.779
   743.147    17.436    29.575
   743.247    17.436    29.321
   743.347    17.436    29.016
   743.449    17.436    28.966
   743.550    17.436    28.915
   743.651    17.436    28.915
   743.751    17.436    28.762
   743.851    17.384    28.661
   743.953    17.384    28.560
   744.053    17.384    28.407
   744.153    17.384    28.254
   744.255    17.384    28.102
   744.354    17.487    27.949
   744.456    17.539    27.949
   745.864    17.539    27.949
   745.964    17.539    27.695
   746.065    17.487    27.390
   746.166    17.436    27.085
   746.266    17.436    26.780
   746.367    17.436    26.374
   746.468    17.436    26.171
   746.568    17.436    26.018
   746.670    17.436    25.967
   746.770    17.384    25.967
   747.375    17.384    25.967
   747.475    17.333    26.069
   747.576    17.281    26.069
   747.675    17.230    26.171
   747.776    17.177    26.222
   748.279    17.177    26.222
   748.381    17.333    26.222
   748.481    17.436    26.171
   748.582    17.745    25.917
   748.682    17.797    25.866
   748.783    17.848    25.866
   749.085    17.848    25.866
   749.185    17.900    25.713
   749.286    17.900    25.662
   749.386    17.900    25.510
   749.487    17.951    25.205
   749.588    18.210    24.951
   749.688    18.261    24.951
   749.789    18.467    24.900
   749.889    18.880    24.900
   749.990    19.035    24.900
   750.091    19.035    24.900
   750.191    18.983    24.799
   750.292    18.983    24.748
   750.392    19.138    24.748
   750.493    19.396    24.697
   750.593    19.550    24.646
   750.693    19.706    24.646
   750.795    19.860    24.646
   750.895    19.912    24.595
   750.995    20.170    24.494
   751.095    20.273    24.494
   751.297    20.273    24.494
   751.398    20.273    24.443
   751.801    20.273    24.443
   751.900    20.221    24.341
   752.001    20.170    24.291
   752.101    20.170    24.291
   752.203    20.170    24.189
   752.505    20.170    24.189
   752.605    20.066    24.189
   752.706    19.963    24.189
   752.806    19.963    24.189
   752.907    19.860    24.138
   753.309    19.860    24.138
   753.411    20.015    24.189
   753.511    20.066    24.239
   753.612    20.066    24.291
   753.712    20.066    24.341
   753.814    20.066    24.392
   753.915    20.066    24.494
   754.015    20.066    24.544
   755.222    20.066    24.544
   755.324    19.654    24.544
   755.425    19.447    24.697
   755.525    19.344    24.748
   755.726    19.344    24.748
   755.827    19.293    24.748
   755.926    19.190    24.748
   756.027    18.983    24.799
   756.128    18.931    24.799
   756.732    18.931    24.799
   756.833    18.931    24.951
   756.933    18.931    25.205
   757.034    18.931    25.307
   758.140    18.931    25.307
   758.241    18.983    25.205
   758.944    18.983    25.205
   759.046    19.035    25.205
   759.146    19.035    25.205
   759.247    18.983    25.205
   759.347    18.880    25.205
   759.448    18.674    25.205
   759.549    18.570    25.205
   759.648    18.519    25.205
   759.750    18.519    25.205
   759.849    18.519    25.154
   759.951    18.467    25.053
   760.051    18.416    24.951
   760.152    18.364    24.951
   762.062    18.364    24.951
   762.164    18.622    24.900
   762.264    18.828    24.799
   762.566    18.828    24.799
   762.667    18.519    25.154
   762.767    18.261    25.459
   762.868    18.261    25.510
   763.975    18.261    25.510
   764.077    18.261    25.561
   764.177    18.261    25.662
   764.278    18.210    25.713
   764.379    18.106    25.815
   764.479    18.003    25.917
   764.580    17.900    26.018
   764.681    17.848    26.069
   764.781    17.848    26.120
   764.881    17.797    26.120
   765.385    17.797    26.120
   765.485    17.797    26.272
   765.587    17.797    26.526
   765.686    17.745    26.831
   765.787    17.745    27.187
   765.887    17.745    27.340
   765.987    17.745    27.593
   766.089    17.745    27.746
   766.188    17.745    27.898
   766.290    17.745    28.000
   766.390    17.745    28.051
   766.491    17.745    28.254
   766.592    17.745    28.356
   766.692    17.745    28.407
   766.792    17.745    28.508
   766.893    17.745    28.661
   766.994    17.745    28.915
   767.094    17.745    29.169
   767.195    17.745    29.372
   767.296    17.745    29.728
   767.396    17.745    30.033
   767.497    17.745    30.287
   767.597    17.745    30.388
   767.698    17.745    30.439
   769.408    17.745    30.439
   769.509    17.797    30.439
   769.610    17.848    30.490
   770.113    17.848    30.490
   770.214    17.900    30.541
   770.314    17.900    30.643
   770.415    17.900    30.795
   770.516    17.900    30.948
   770.718    17.900    30.948
   770.816    17.900    30.998
   771.119    17.900    30.998
   771.218    17.951    30.998
   771.320    17.951    30.998
   771.421    17.951    31.049
   771.622    17.951    31.049
   771.722    17.951    31.100
   771.923    17.951    31.100
   772.024    17.951    31.151
   773.635    17.951    31.151
   773.735    17.900    31.151
   774.742    17.900    31.151
   774.842    17.848    31.151
   775.445    17.848    31.151
   775.546    17.848    31.049
   783.295    17.848    31.049
   783.395    18.054    31.049
   783.697    18.054    31.049
   783.798    18.106    31.049
   783.897    18.158    31.049
   783.998    18.210    31.049
   785.005    18.210    31.049
