     1.190    15.063    10.469
    20.572    15.063    10.469
    20.672    15.114    10.469
    20.773    15.166    10.469
    21.277    15.166    10.469
    21.377    15.114    10.469
    21.477    15.114    10.469
    21.578    15.063    10.469
    21.678    15.011    10.469
    22.282    15.011    10.469
    22.382    15.011    10.519
    22.484    15.011    10.570
    22.584    15.063    10.570
    74.843    15.063    10.570
    74.944    15.063    10.519
    75.045    15.063    10.469
    75.146    14.908    10.469
    75.247    14.857    10.469
    75.650    14.857    10.469
    75.751    14.805    10.469
    75.956    14.805    10.469
    76.057    14.754    10.469
    77.465    14.754    10.469
    77.566    14.547    10.570
    77.666    14.547    10.621
    78.170    14.547    10.621
    78.270    14.547    10.672
    78.371    14.547    10.722
    78.471    14.547    10.824
    78.572    14.547    10.824
    78.672    14.495    10.824
    78.773    14.444    10.824
    78.874    14.392    10.875
    78.974    14.341    10.875
    79.175    14.341    10.875
    79.276    14.237    10.926
    79.377    14.186    10.926
    79.478    14.186    10.926
    79.577    14.134    10.926
    79.678    14.134    11.027
    79.779    14.083    11.078
    79.879    14.031    11.078
    79.980    13.876    11.180
    80.081    13.825    11.282
    80.181    13.721    11.332
    80.283    13.670    11.434
    80.382    13.618    11.485
    80.484    13.515    11.535
    80.584    13.464    11.535
    80.685    13.464    11.535
    80.785    13.412    11.535
    80.886    13.412    11.587
    80.987    13.361    11.587
    83.705    13.361    11.587
    83.805    13.361    11.535
    83.906    13.361    11.535
    84.006    13.361    11.485
    85.618    13.361    11.485
    85.717    13.361    11.587
    85.819    13.361    11.587
    85.920    13.361    11.637
    86.020    13.361    11.688
    86.121    13.361    11.790
    86.221    13.361    11.840
    86.322    13.361    11.891
    86.422    13.361    11.993
    86.523    13.412    12.044
    86.624    13.464    12.095
    86.825    13.464    12.095
    86.925    13.464    12.145
    87.026    13.464    12.196
    87.127    13.464    12.247
    87.228    13.464    12.298
    87.329    13.464    12.349
    87.427    13.464    12.501
    87.529    13.464    12.552
    88.837    13.464    12.552
    88.939    13.515    12.552
    89.040    13.515    12.552
    89.139    13.567    12.603
    89.240    13.567    12.603
    89.341    13.618    12.704
    89.442    13.618    12.704
    89.542    13.670    12.806
    89.642    13.670    12.908
    89.743    13.721    12.958
    89.843    13.721    13.009
    90.045    13.721    13.009
    90.146    13.721    13.111
    91.552    13.721    13.111
    91.654    13.773    13.213
    91.755    13.773    13.263
    92.159    13.773    13.263
    92.258    13.773    13.314
    92.360    13.773    13.365
    92.460    13.773    13.466
    92.560    13.773    13.518
    92.661    13.773    13.568
    92.761    13.773    13.670
    92.862    13.773    13.721
    95.390    13.773    13.721
    95.491    13.825    13.721
    95.589    13.825    13.721
    95.691    13.876    13.721
    96.094    13.876    13.721
    96.194    13.928    13.721
    96.296    13.980    13.721
    96.420    14.031    13.721
    97.704    14.031    13.721
    97.804    14.031    13.670
    97.905    14.031    13.619
    98.005    14.083    13.619
    98.107    14.083    13.568
   100.333    14.083    13.568
   100.432    14.083    13.518
   102.748    14.083    13.518
   102.847    14.083    13.416
   102.948    14.083    13.365
   104.256    14.083    13.365
   104.357    14.134    13.365
   106.883    14.134    13.365
   106.983    14.134    13.416
   107.385    14.134    13.416
   107.486    14.134    13.466
   107.687    14.134    13.466
   107.788    14.083    13.466
   111.613    14.083    13.466
   111.713    14.083    13.518
   111.814    14.083    13.518
   111.915    14.083    13.568
   112.418    14.083    13.568
   112.517    14.134    13.619
   115.738    14.134    13.619
   115.839    14.186    13.568
   115.940    14.186    13.518
   116.041    14.186    13.466
   116.141    14.186    13.466
   116.243    14.186    13.416
   116.343    14.186    13.365
   116.643    14.186    13.365
   116.745    14.186    13.314
   116.845    14.186    13.263
   116.946    14.186    13.263
   117.046    14.186    13.213
   117.147    14.186    13.162
   117.348    14.186    13.162
   117.449    14.134    13.162
   119.259    14.134    13.162
   119.361    14.134    13.111
   119.462    14.186    13.111
   119.563    14.237    13.111
   119.662    14.289    13.111
   123.889    14.289    13.111
   123.990    14.289    13.060
   124.090    14.289    13.009
   124.191    14.289    13.009
   124.293    14.289    12.958
   124.392    14.289    12.857
   124.494    14.237    12.806
   124.593    14.186    12.755
   124.694    14.134    12.755
   127.109    14.134    12.755
   127.210    14.186    12.755
   127.311    14.237    12.755
   128.014    14.237    12.755
   128.115    14.237    12.857
   128.820    14.237    12.857
   128.921    14.237    12.908
   130.731    14.237    12.908
   130.832    14.186    13.009
   130.932    14.134    13.060
   131.034    14.083    13.060
   131.436    14.083    13.060
   131.537    14.083    13.162
   131.638    14.134    13.213
   131.738    14.134    13.213
   131.838    14.134    13.263
   131.940    14.134    13.365
   135.160    14.134    13.365
   135.259    14.186    13.416
   135.360    14.186    13.466
   135.561    14.186    13.466
   135.662    14.186    13.416
   135.763    14.186    13.365
   135.864    14.186    13.263
   135.964    14.186    12.958
   136.065    14.186    12.908
   136.167    14.186    12.857
   136.266    14.186    12.755
   136.367    14.186    12.755
   136.467    14.186    12.704
   136.568    14.186    12.653
   136.670    14.186    12.603
   136.769    14.186    12.552
   137.272    14.186    12.552
   137.373    14.186    12.501
   137.474    14.186    12.501
   137.574    14.186    12.450
   137.674    14.186    12.298
   137.775    14.186    12.247
   139.286    14.186    12.247
   139.386    14.186    12.298
   139.486    14.186    12.349
   139.587    14.186    12.400
   139.687    14.186    12.450
   139.788    14.186    12.501
   139.889    14.186    12.501
   139.990    14.186    12.552
   140.090    14.134    12.552
   142.907    14.134    12.552
   143.008    13.980    12.704
   143.108    13.928    12.806
   143.210    13.928    12.857
   143.310    13.876    12.908
   143.411    13.773    12.908
   143.611    13.773    12.908
   143.713    13.670    12.908
   143.813    13.515    12.908
   143.914    13.412    12.908
   144.014    13.412    12.908
   144.114    13.309    12.908
   145.422    13.309    12.908
   145.522    13.206    12.908
   145.623    13.051    12.908
   145.724    13.051    12.908
   145.825    12.999    12.908
   145.925    12.948    12.908
   146.026    12.896    12.908
   146.128    12.896    12.908
   146.228    12.845    12.908
   146.429    12.845    12.908
   146.530    12.793    12.908
   149.557    12.793    12.908
   149.659    12.741    12.908
   150.565    12.741    12.908
   150.666    12.690    12.908
   150.766    12.690    12.908
   150.867    12.690    12.857
   150.967    12.690    12.806
   151.068    12.690    12.755
   151.169    12.690    12.704
   151.371    12.690    12.704
   151.470    12.741    12.704
   151.572    12.793    12.704
   153.382    12.793    12.704
   153.483    12.793    12.653
   153.583    12.793    12.603
   153.885    12.793    12.603
   153.997    12.741    12.603
   154.097    12.741    12.552
   154.198    12.690    12.501
   154.298    12.690    12.501
   154.399    12.690    12.450
   154.500    12.793    12.450
   155.807    12.793    12.450
   155.908    12.741    12.450
   156.008    12.690    12.501
   156.109    12.690    12.501
   156.210    12.638    12.501
   156.613    12.638    12.501
   156.713    12.638    12.552
   156.814    12.638    12.603
   157.926    12.638    12.603
   158.026    12.535    12.653
   158.630    12.535    12.653
   158.730    12.484    12.653
   159.234    12.484    12.653
   159.335    12.484    12.704
   159.434    12.484    12.704
   159.535    12.432    12.704
   159.937    12.432    12.704
   160.039    12.432    12.755
   160.138    12.432    12.857
   160.239    12.484    12.857
   160.339    12.535    12.857
   160.441    12.587    12.857
   160.542    12.741    12.857
   160.944    12.741    12.857
   161.046    12.793    12.857
   161.146    12.793    12.857
   161.248    12.793    12.908
   161.347    12.793    12.958
   161.448    12.793    13.060
   161.548    12.793    13.111
   161.649    12.793    13.162
   162.862    12.793    13.162
   162.962    12.948    13.162
   163.063    12.999    13.162
   163.164    12.999    13.162
   163.264    13.051    13.162
   163.364    13.206    13.162
   163.464    13.309    13.162
   163.565    13.361    13.162
   163.666    13.464    13.162
   163.766    13.567    13.162
   163.867    13.618    13.162
   163.968    13.773    13.111
   164.068    13.928    13.060
   164.169    14.083    12.958
   164.269    14.186    12.958
   164.371    14.444    12.958
   164.470    14.547    12.958
   164.571    14.701    12.958
   164.673    15.011    12.908
   164.772    15.321    12.857
   164.874    15.630    12.755
   164.974    15.734    12.704
   165.075    16.197    12.450
   165.176    16.971    12.247
   165.277    17.023    12.247
   165.378    17.023    12.247
   165.477    17.230    12.145
   165.578    17.642    12.044
   165.678    17.694    12.044
   165.779    17.745    12.044
   165.880    17.797    11.993
   165.980    17.848    11.993
   166.082    17.900    11.840
   166.181    17.900    11.790
   166.283    17.797    11.790
   169.702    17.797    11.790
   169.803    17.848    11.790
   169.904    17.900    11.790
   170.207    17.900    11.790
   170.307    17.951    11.790
   170.407    17.951    11.790
   170.507    18.003    11.790
   170.710    18.003    11.790
   170.810    18.054    11.790
   171.314    18.054    11.790
   171.415    18.106    11.790
   171.515    18.210    11.790
   172.018    18.210    11.790
   172.118    18.210    11.739
   172.219    18.210    11.688
   172.321    18.261    11.637
   172.421    18.261    11.587
   172.521    18.313    11.535
   172.622    18.313    11.535
   172.723    18.210    11.485
   172.824    18.106    11.485
   172.924    18.054    11.485
   174.837    18.054    11.485
   174.938    18.106    11.485
   175.039    18.158    11.485
   175.138    18.210    11.485
   175.240    18.210    11.485
   175.340    18.261    11.485
   175.441    18.261    11.485
   175.542    18.313    11.485
   175.642    18.313    11.485
   175.743    18.364    11.485
   175.844    18.364    11.383
   175.945    18.364    11.332
   176.448    18.364    11.332
   176.548    18.416    11.332
   176.648    18.467    11.332
   176.749    18.467    11.332
   176.850    18.467    11.282
   176.950    18.467    11.180
   177.051    18.519    11.180
   177.154    18.622    11.078
   177.255    18.674    11.027
   177.355    18.725    10.926
   177.456    18.725    10.926
   177.556    18.777    10.824
   177.656    18.880    10.722
   177.756    18.880    10.722
   177.857    18.931    10.722
   181.176    18.931    10.722
   181.278    18.880    10.722
   181.379    18.674    10.824
   181.478    18.622    10.875
   181.579    18.570    10.926
   181.680    18.467    10.926
   183.491    18.467    10.926
   183.590    18.467    10.875
   183.691    18.467    10.875
   183.793    18.467    10.824
   183.893    18.467    10.773
   184.498    18.467    10.773
   184.597    18.519    10.773
   185.404    18.519    10.773
   185.505    18.519    10.875
   186.209    18.519    10.875
   186.310    18.416    10.875
   186.410    18.416    10.926
   186.510    18.364    11.027
   186.610    18.364    11.027
   186.711    18.364    11.078
   186.812    18.416    11.078
   186.913    18.467    11.078
   187.717    18.467    11.078
   187.817    18.467    11.027
   188.422    18.467    11.027
   188.522    18.519    11.027
   189.527    18.519    11.027
   189.628    18.519    11.078
   189.728    18.519    11.129
   189.830    18.519    11.129
   189.930    18.519    11.180
   190.031    18.519    11.282
   190.132    18.519    11.383
   190.234    18.519    11.535
   190.334    18.519    11.637
   190.433    18.519    11.688
   190.534    18.570    11.739
   190.635    18.622    11.790
   190.736    18.622    11.790
   190.837    18.622    11.840
   190.937    18.622    11.840
   191.038    18.622    11.993
   191.138    18.622    12.044
   191.842    18.622    12.044
   191.943    18.622    12.095
   192.044    18.622    12.095
   192.144    18.622    12.145
   192.346    18.622    12.145
   192.446    18.570    12.196
   192.749    18.570    12.196
   192.849    18.519    12.196
   193.050    18.519    12.196
   193.151    18.467    12.196
   193.251    18.467    12.247
   193.351    18.416    12.298
   193.453    18.416    12.349
   193.553    18.364    12.349
   193.654    18.261    12.349
   193.755    18.210    12.349
   194.357    18.210    12.349
   194.459    17.900    12.501
   194.559    17.797    12.603
   194.660    17.745    12.603
   194.760    17.539    12.603
   194.861    17.487    12.552
   194.962    17.436    12.552
   195.165    17.436    12.552
   195.265    17.384    12.552
   195.367    17.281    12.501
   195.466    17.230    12.450
   195.568    17.230    12.400
   198.096    17.230    12.400
   198.198    17.177    12.400
   198.299    17.126    12.400
   198.901    17.126    12.400
   199.003    17.074    12.400
   199.404    17.074    12.400
   199.505    17.023    12.400
   200.514    17.023    12.400
   200.615    16.971    12.400
   200.917    16.971    12.400
   201.018    16.920    12.400
   201.318    16.920    12.400
   201.420    16.817    12.450
   201.520    16.662    12.552
   201.621    16.610    12.653
   205.244    16.610    12.653
   205.343    16.610    12.603
   205.444    16.610    12.501
   205.545    16.714    12.501
   205.645    16.817    12.501
   206.450    16.817    12.501
   206.550    16.817    12.552
   208.061    16.817    12.552
   208.162    16.817    12.603
   208.966    16.817    12.603
   209.067    16.817    12.653
   209.368    16.817    12.653
   209.469    16.868    12.755
   211.381    16.868    12.755
   211.481    16.920    12.755
   211.582    16.971    12.704
   211.682    17.023    12.552
   211.783    17.023    12.501
   211.985    17.023    12.501
   212.085    17.074    12.501
   212.186    17.126    12.501
   212.287    17.177    12.501
   212.387    17.177    12.501
   212.487    17.230    12.501
   212.789    17.230    12.501
   212.889    17.177    12.501
   212.991    17.126    12.501
   213.294    17.126    12.501
   213.394    16.920    12.400
   213.494    16.868    12.400
   213.594    16.817    12.400
   213.896    16.817    12.400
   213.998    16.765    12.349
   214.098    16.714    12.349
   214.199    16.662    12.349
   214.299    16.610    12.298
   214.399    16.404    12.196
   214.501    16.352    12.145
   214.601    16.352    12.145
   214.701    16.352    12.044
   214.802    16.352    11.891
   214.903    16.249    11.790
   215.004    16.094    11.688
   215.104    16.043    11.688
   215.205    16.043    11.637
   215.304    16.043    11.587
   215.406    16.043    11.587
   215.506    16.043    11.535
   215.606    16.043    11.485
   215.707    16.043    11.434
   215.808    16.043    11.383
   215.909    16.043    11.231
   216.009    15.940    11.231
   216.110    15.940    11.180
   216.211    15.888    11.180
   217.418    15.888    11.180
   217.517    15.888    11.078
   217.619    15.888    10.875
   217.718    15.837    10.773
   217.820    15.837    10.722
   217.921    15.785    10.672
   218.021    15.785    10.621
   218.124    15.785    10.570
   218.224    15.785    10.469
   218.325    15.785    10.469
   218.425    15.785    10.418
   219.130    15.785    10.418
   219.230    15.785    10.469
   219.632    15.785    10.469
   219.732    15.785    10.418
   219.834    15.785    10.367
   219.934    15.785    10.316
   220.035    15.785    10.265
   220.135    15.785    10.214
   220.236    15.785    10.164
   220.337    15.785    10.113
   223.258    15.785    10.113
   223.358    15.681     9.960
   223.458    15.527     9.859
   223.557    15.321     9.706
   223.658    15.269     9.503
   223.759    15.269     9.300
   223.860    15.269     9.198
   223.961    15.114     8.944
   224.062    14.857     8.741
   224.162    14.754     8.690
   224.262    14.754     8.639
   224.362    14.754     8.538
   224.464    14.754     8.487
   224.564    14.754     8.385
   224.665    14.754     8.385
   224.765    14.701     8.334
   224.866    14.650     8.283
   224.966    14.598     8.233
   225.067    14.598     8.233
   225.168    14.547     8.182
   225.267    14.444     8.131
   225.369    14.392     8.131
   225.468    14.186     8.131
   225.569    13.876     8.131
   225.671    13.721     8.131
   225.771    13.618     8.131
   225.872    13.515     8.131
   225.972    13.361     8.131
   226.073    12.999     8.131
   226.174    12.793     8.131
   226.274    12.587     8.131
   226.375    12.432     8.131
   226.475    12.225     8.131
   226.576    12.019     8.131
   226.676    11.813     8.131
   226.777    11.658     8.131
   226.878    11.400     8.131
   226.978    11.194     8.131
   227.079    11.039     8.131
   227.179    10.885     8.182
   227.883    10.885     8.182
   227.984    10.833     8.182
   228.286    10.833     8.182
   228.386    10.678     8.283
   228.489    10.420     8.334
   228.590    10.214     8.334
   228.691    10.214     8.334
   228.792    10.162     8.334
   228.892    10.111     8.283
   228.993    10.111     8.233
   229.093    10.059     8.182
   229.194     9.905     8.080
   229.295     9.749     8.029
   229.395     9.646     7.928
   229.496     9.337     7.877
   229.596     9.028     7.877
   229.697     8.872     7.826
   229.797     8.821     7.775
   229.898     8.821     7.572
   229.999     8.872     7.470
   230.099     8.872     7.420
   230.200     8.872     7.369
   230.300     8.872     7.267
   230.402     8.872     7.216
   230.503     8.872     7.165
   232.113     8.872     7.165
   232.213     8.924     7.165
   232.313     9.028     7.165
   232.414     9.131     7.267
   232.514     9.182     7.267
   232.615     9.234     7.267
   232.716     9.337     7.267
   232.817     9.389     7.267
   232.919     9.440     7.267
   233.320     9.440     7.267
   233.421     9.389     7.267
   233.521     9.337     7.267
   233.823     9.337     7.267
   233.925     9.337     7.318
   234.327     9.337     7.318
   234.426     9.389     7.318
   235.534     9.389     7.318
   235.634     9.440     7.318
   235.735     9.440     7.369
   235.836     9.440     7.420
   236.137     9.440     7.420
   236.238     9.440     7.470
   236.741     9.440     7.470
   236.841     9.492     7.470
   238.149     9.492     7.470
   238.251     9.492     7.521
   238.753     9.492     7.521
   238.853     9.492     7.572
   238.955     9.492     7.673
   239.055     9.440     7.775
   239.156     9.440     7.775
   239.256     9.440     7.826
   239.356     9.440     7.877
   239.458     9.440     8.029
   239.558     9.440     8.131
   239.659     9.440     8.233
   239.758     9.440     8.233
   239.860     9.440     8.283
   239.960     9.440     8.385
   240.061     9.440     8.487
   240.162     9.440     8.639
   240.262     9.440     8.842
   240.362     9.440     8.893
   240.464     9.440     8.944
   240.563     9.440     8.944
   240.664     9.440     8.995
   240.866     9.440     8.995
   240.966     9.389     8.995
   241.067     9.337     8.995
   241.168     9.337     8.995
   241.269     9.285     9.096
   241.370     9.285     9.147
   241.695     9.285     9.147
   241.771     9.234     9.147
   241.873     9.131     9.198
   246.702     9.131     9.198
   246.803     9.079     9.198
   246.903     9.079     9.198
   247.004     9.028     9.198
   247.305     9.028     9.198
   247.407     9.028     9.249
   249.721     9.028     9.249
   249.823     9.028     9.300
   249.924     9.028     9.300
   250.024     9.028     9.351
   250.125     9.028     9.401
   250.225     9.028     9.452
   250.326     9.028     9.503
   250.425     9.028     9.503
   250.527     9.028     9.554
   250.627     9.028     9.604
   250.728     9.028     9.656
   250.829     9.028     9.706
   250.929     9.028     9.706
   251.030     8.976     9.757
   251.130     8.872     9.808
   251.231     8.769     9.909
   251.332     8.718     9.909
   254.652     8.718     9.909
   254.753     8.666     9.909
   254.853     8.563     9.808
   254.954     8.460     9.757
   255.054     8.305     9.757
   255.155     8.150     9.706
   255.256     8.150     9.656
   257.270     8.150     9.656
   257.370     8.202     9.656
   257.470     8.254     9.656
   257.570     8.305     9.604
   257.672     8.357     9.554
   257.771     8.409     9.351
   260.190     8.409     9.351
   260.290     8.305     9.351
   260.390     8.254     9.351
   260.492     8.202     9.452
   260.591     8.202     9.503
   260.692     8.202     9.554
   261.095     8.202     9.554
   261.196     8.202     9.656
   264.316     8.202     9.656
   264.417     8.202     9.706
   264.516     8.202     9.706
   264.617     8.202     9.757
   266.428     8.202     9.757
   266.529     8.254     9.757
   266.630     8.305     9.757
   266.730     8.512     9.656
   267.233     8.512     9.656
   267.334     8.512     9.604
   267.435     8.512     9.554
   268.040     8.512     9.554
   268.139     8.460     9.554
   268.241     8.409     9.554
   268.342     8.357     9.554
   268.442     8.305     9.604
   268.542     8.305     9.656
   269.749     8.305     9.656
   269.850     8.254     9.757
   269.951     8.202     9.757
   270.051     8.202     9.808
   270.253     8.202     9.808
   270.352     8.150     9.808
   270.756     8.150     9.808
   270.857     8.099     9.808
   270.957     8.099     9.859
   271.058     8.047     9.909
   271.158     7.996     9.909
   271.259     7.996     9.960
   271.862     7.996     9.960
   271.963     7.686    10.164
   272.063     7.480    10.214
   272.165     7.480    10.265
   272.265     7.325    10.367
   272.366     7.222    10.418
   272.467     7.016    10.570
   272.566     6.861    10.672
   272.667     6.655    10.722
   272.767     6.448    10.875
   272.868     6.242    11.027
   272.968     5.932    11.180
   273.069     5.571    11.332
   273.170     5.416    11.485
   273.269     5.262    11.637
   273.370     5.159    11.688
   273.471     5.056    11.688
   273.572     5.004    11.688
   273.673     4.900    11.739
   273.773     4.643    11.790
   273.874     4.230    11.942
   273.975     4.127    11.942
   274.075     4.076    11.993
   274.176     4.024    11.993
   274.277     3.972    11.993
   274.678     3.972    11.993
   274.779     3.920    12.095
   274.880     3.972    12.196
   274.980     3.869    12.349
   275.081     3.611    12.501
   275.181     3.560    12.552
   275.283     3.508    12.552
   275.384     3.456    12.552
   276.490     3.456    12.552
   276.591     3.456    12.603
   276.691     3.302    12.653
   276.792     3.302    12.755
   276.892     3.250    12.857
   276.993     3.095    12.958
   277.094     2.940    13.009
   277.194     2.889    13.060
   277.296     2.889    13.111
   277.396     2.889    13.213
   277.497     2.889    13.314
   277.597     2.889    13.466
   277.697     2.889    13.568
   277.799     2.889    13.619
   277.899     2.889    13.721
   278.000     2.940    13.873
   278.099     2.992    13.924
   278.201     3.044    14.076
   278.300     3.095    14.127
   278.402     3.147    14.229
   278.503     3.147    14.280
   278.603     3.198    14.381
   278.704     3.250    14.534
   278.805     3.302    14.686
   278.906     3.405    14.889
   279.006     3.405    14.991
   279.107     3.405    15.194
   279.208     3.405    15.397
   279.307     3.560    15.855
   279.408     3.560    16.007
   279.509     3.560    16.058
   279.610     3.560    16.363
   279.710     3.560    16.617
   279.810     3.560    16.820
   279.912     3.560    16.871
   280.112     3.560    16.871
   280.214     3.714    17.075
   280.313     3.972    17.481
   280.415     4.024    17.735
   280.514     4.127    17.837
   280.616     4.127    17.938
   280.716     4.230    18.040
   280.816     4.436    18.142
   280.918     4.643    18.142
   281.019     5.004    18.142
   281.120     5.416    18.243
   281.220     5.520    18.446
   281.321     5.571    18.599
   281.422     5.571    18.701
   281.521     5.674    18.853
   282.126     5.674    18.853
   282.226     5.984    18.853
   282.326     6.190    19.006
   282.427     6.242    19.158
   282.527     6.448    19.412
   282.628     6.706    19.615
   282.729     7.067    19.819
   282.829     7.222    19.869
   282.929     7.273    20.022
   283.030     7.531    20.225
   283.132     7.583    20.377
   283.232     7.635    20.429
   283.332     7.686    20.429
   283.432     7.996    20.327
   283.533     7.996    20.276
   283.634     7.996    20.276
   283.735     7.996    20.225
   284.339     7.996    20.225
   284.439     8.305    20.429
   284.540     8.512    20.530
   284.640     8.615    20.632
   284.742     8.718    20.937
   284.843     8.872    21.242
   284.943     9.028    21.495
   285.043     9.285    21.699
   285.144     9.543    21.699
   285.245     9.698    21.699
   285.344     9.698    22.004
   285.446     9.749    22.308
   285.546     9.852    22.715
   285.646     9.852    22.868
   285.748     9.852    23.020
   285.848     9.905    23.122
   285.949    10.162    23.173
   286.050    10.162    23.173
   286.150    10.162    23.274
   286.251    10.162    23.376
   286.350    10.162    23.528
   286.451    10.162    23.782
   286.551    10.162    24.036
   286.652    10.162    24.189
   286.753     9.905    24.341
   286.854     9.749    24.646
   286.955     9.698    24.900
   287.055     9.698    25.104
   287.156     9.646    25.357
   287.257     9.389    25.662
   287.357     9.234    25.967
   287.458     9.182    26.120
   287.557     9.131    26.222
   287.659     9.131    26.222
   287.759     9.028    26.222
   287.859     8.924    26.222
   287.960     8.563    26.425
   288.061     8.409    26.425
   288.162     8.150    26.425
   288.262     8.150    26.425
   288.363     8.099    26.374
   289.068     8.099    26.374
   289.170     8.615    26.374
   289.269     8.718    26.374
   289.369     8.718    26.323
   289.469     8.769    26.272
   289.571     8.769    26.171
   289.671     8.769    26.018
   289.772     8.769    25.967
   289.872     8.769    25.967
   289.973     8.769    26.120
   290.098     8.769    26.222
   290.175     8.769    26.222
   290.275     8.769    26.272
   290.376     8.769    26.272
   290.475     8.769    26.323
   290.577     8.821    26.323
   290.677     8.872    26.323
   290.777     8.924    26.323
   290.879     9.028    26.323
   290.979     9.131    26.323
   291.080     9.182    26.374
   291.181     9.285    26.475
   291.282     9.285    26.628
   291.383     9.285    26.780
   291.482     9.285    26.780
   291.583     9.285    26.831
   291.684     9.337    26.831
   291.784     9.492    26.831
   291.885     9.543    26.831
   291.986     9.646    26.831
   292.088     9.852    26.831
   292.187     9.956    26.831
   292.288    10.059    26.831
   292.388    10.214    26.882
   292.489    10.317    26.933
   292.590    10.420    27.085
   292.689    10.523    27.136
   292.992    10.523    27.136
   293.093    10.575    27.035
   293.193    10.678    26.984
   293.294    10.730    26.984
   294.000    10.730    26.984
   294.100    10.781    26.984
   295.005    10.781    26.984
   295.105    11.039    26.984
   295.206    11.194    26.984
   295.306    11.245    26.984
   295.407    11.400    26.984
   295.508    11.658    26.984
   295.608    11.916    26.984
   295.709    11.968    26.984
   295.809    12.019    26.984
   295.910    12.174    26.984
   296.010    12.432    26.984
   296.112    12.535    26.984
   296.213    12.638    26.984
   296.314    12.793    26.984
   296.414    12.948    26.984
   296.514    12.999    27.035
   296.615    13.051    27.085
   296.716    13.051    27.340
   296.816    13.051    27.492
   296.917    13.102    27.543
   297.017    13.309    27.543
   297.119    13.361    27.492
   297.218    13.361    27.441
   297.319    13.515    27.441
   297.421    13.567    27.441
   297.520    13.618    27.441
   297.620    13.876    27.390
   297.721    14.083    27.390
   297.822    14.083    27.390
   297.923    14.237    27.390
   298.023    14.289    27.390
   298.124    14.444    27.390
   298.224    14.598    27.340
   298.324    14.754    27.340
   298.426    14.857    27.340
   298.526    14.960    27.340
   298.626    15.063    27.187
   298.727    15.114    27.136
   298.828    15.166    27.085
   298.928    15.217    27.085
   299.029    15.217    27.035
   299.130    15.321    26.984
   299.230    15.321    26.933
   299.331    15.372    26.679
   299.432    15.424    26.577
   299.531    15.527    26.475
   299.633    15.630    26.374
   299.733    15.734    26.374
   299.835    15.785    26.323
   299.934    15.837    26.323
   300.237    15.837    26.323
   300.337    15.734    26.323
   300.437    15.734    26.323
   300.538    15.734    26.374
   300.638    15.681    26.425
   300.739    15.681    26.475
   301.041    15.681    26.475
   301.142    15.527    26.425
   301.544    15.527    26.425
   301.644    15.578    26.425
   301.746    15.940    26.425
   301.846    15.991    26.425
   302.049    15.991    26.425
   302.149    15.991    26.475
   302.249    15.991    26.628
   302.350    16.043    26.679
   302.450    16.146    26.679
   302.551    16.197    26.730
   302.651    16.249    26.730
   302.752    16.301    26.831
   302.852    16.301    26.882
   302.953    16.301    26.984
   303.054    16.352    27.085
   303.154    16.404    27.085
   303.254    16.456    27.085
   304.366    16.456    27.085
   304.466    16.610    27.136
   304.601    16.610    27.136
   304.702    16.868    27.035
   305.004    16.868    27.035
   305.105    16.765    27.238
   305.205    16.765    27.441
   305.306    16.765    27.492
   305.407    16.868    27.593
   305.507    16.971    27.797
   305.609    16.971    27.898
   305.708    16.971    27.898
   305.808    17.023    27.949
   305.910    17.074    28.051
   306.010    17.230    28.102
   306.111    17.230    28.153
   306.513    17.230    28.153
   306.614    17.281    28.305
   306.715    17.281    28.356
   306.917    17.281    28.356
   307.017    17.384    28.457
   307.119    17.539    28.610
   307.219    17.539    28.661
   307.320    17.590    28.762
   307.420    17.590    28.813
   307.521    17.590    28.864
   307.622    17.590    28.915
   308.527    17.590    28.915
   308.627    17.642    28.966
   308.928    17.642    28.966
   309.030    17.694    28.966
   309.130    17.694    28.966
   309.231    17.797    29.067
   309.332    17.797    29.169
   309.432    17.797    29.220
   309.532    17.797    29.271
   309.733    17.797    29.271
   309.836    17.797    29.321
   309.937    17.745    29.372
   310.038    17.694    29.372
   310.138    17.694    29.372
   310.239    17.642    29.423
   310.440    17.642    29.423
   310.540    17.745    29.423
   310.640    17.797    29.321
   310.742    17.797    29.271
   310.842    17.797    29.220
   310.943    17.797    29.169
   311.043    17.797    29.016
   311.144    17.797    29.016
   311.245    17.797    28.966
   311.545    17.797    28.966
   311.646    17.797    29.067
   311.747    17.797    29.169
   312.251    17.797    29.169
   312.351    17.848    29.220
   312.452    17.900    29.271
   312.552    18.003    29.271
   312.652    18.054    29.271
   312.955    18.054    29.271
   313.055    18.054    29.423
   313.156    18.054    29.525
   313.256    18.054    29.677
   313.357    18.106    29.779
   313.458    18.210    29.830
   313.557    18.313    29.830
   313.658    18.364    29.830
   313.759    18.364    29.931
   313.860    18.364    29.931
   313.961    18.364    29.982
   314.263    18.364    29.982
   314.363    18.364    30.033
   314.463    18.313    30.033
   314.564    18.313    30.135
   314.665    18.261    30.185
   314.766    18.261    30.236
   316.576    18.261    30.236
   316.676    18.261    30.287
   317.080    18.261    30.287
   317.180    18.261    30.338
   317.282    18.261    30.388
   317.382    18.313    30.439
   318.491    18.313    30.439
   318.591    18.364    30.541
   318.994    18.364    30.541
   319.094    18.364    30.592
   319.196    18.313    30.592
   319.296    18.313    30.592
   319.397    18.261    30.592
   321.711    18.261    30.592
   321.811    18.364    30.592
   321.912    18.570    30.693
   322.012    18.570    30.795
   322.316    18.570    30.795
   322.417    18.570    30.693
   322.517    18.467    30.592
   322.617    18.416    30.592
   322.717    18.364    30.541
   323.523    18.364    30.541
   323.623    18.313    30.541
   323.723    18.261    30.541
   326.137    18.261    30.541
   326.238    18.261    30.388
   326.339    18.261    30.236
   326.439    18.261    30.185
   326.540    18.261    30.185
   326.640    18.261    30.084
   326.741    18.261    30.084
   326.841    18.261    29.982
   326.942    18.261    29.830
   327.043    18.261    29.677
   327.144    18.261    29.575
   327.245    18.261    29.525
   327.345    18.261    29.474
   327.446    18.261    29.423
   329.660    18.261    29.423
   329.760    18.313    29.423
   329.861    18.364    29.423
   329.962    18.364    29.423
   330.062    18.416    29.423
   330.163    18.467    29.423
   330.264    18.467    29.423
   330.364    18.519    29.423
   330.867    18.519    29.423
   330.968    18.519    29.474
   331.069    18.519    29.525
   331.170    18.519    29.575
   331.270    18.519    29.626
   331.471    18.519    29.626
   331.572    18.519    29.728
   331.671    18.416    29.830
   331.772    18.416    29.880
   331.874    18.416    29.931
   331.973    18.416    29.931
   332.075    18.519    30.033
   332.174    18.570    30.084
   332.276    18.570    30.135
   332.478    18.570    30.135
   332.578    18.570    30.185
   332.678    18.570    30.236
   332.780    18.570    30.287
   333.182    18.570    30.287
   333.282    18.674    30.287
   333.382    18.880    30.287
   333.484    18.931    30.287
   333.585    18.828    30.287
   333.685    18.777    30.287
   333.786    18.725    30.287
   333.886    18.725    30.287
   333.987    18.674    30.287
   334.088    18.570    30.287
   334.690    18.570    30.287
   334.792    18.467    30.338
   337.407    18.467    30.338
   337.507    18.570    30.338
   338.816    18.570    30.338
   338.917    18.364    30.643
   339.016    18.364    30.795
   339.118    18.364    30.897
   339.218    18.364    30.897
   339.319    18.364    30.948
   339.420    18.364    31.049
   339.519    18.364    31.253
   339.620    18.364    31.354
   339.720    18.364    31.354
   339.821    18.364    31.456
   339.922    18.364    31.506
   340.023    18.364    31.506
   340.124    18.364    31.558
   340.225    18.364    31.558
   340.326    18.364    31.659
   340.829    18.364    31.659
   340.929    18.364    31.710
   341.029    18.364    31.761
