     0.590    31.311     7.928
     0.722    31.311     7.928
     0.823    31.364     7.928
     0.923    31.415     7.928
     1.732    31.415     7.928
     1.832    31.415     7.877
     1.932    31.467     7.877
    14.316    31.467     7.877
    14.417    31.518     7.877
    14.721    31.518     7.877
    14.822    31.467     7.877
    14.923    31.415     7.877
  1356.726    31.415     7.877
  1356.826    31.467     7.877
  1356.927    31.518     7.877
  1361.894    31.518     7.877
  1361.994    31.570     7.877
  1382.453    31.570     7.877
  1382.553    31.570     7.978
  1382.653    31.570     8.029
  1382.855    31.570     8.029
  1382.956    31.570     8.080
  1383.056    31.570     8.131
  1383.157    31.518     8.182
  1383.257    31.467     8.182
  1383.357    31.467     8.233
  1383.964    31.467     8.233
  1384.065    31.415     8.233
  1384.166    31.364     8.233
  1384.568    31.364     8.233
  1384.670    31.415     8.233
  1384.771    31.415     8.182
  1384.872    31.415     8.182
  1384.972    31.467     8.131
  1385.073    31.518     8.131
  1385.174    31.518     8.080
  1391.119    31.518     8.080
  1391.218    31.467     8.080
  1391.319    31.415     8.131
  1714.616    31.415     8.131
  1714.717    31.467     8.131
  1807.990    31.467     8.131
  1808.091    31.467     8.080
  1808.493    31.467     8.080
  1808.593    31.518     8.080
  2376.543    31.518     8.080
  2376.643    31.467     8.029
  2376.743    31.467     8.029
  2376.844    31.415     8.029
  2389.557    31.415     8.029
  2389.658    31.311     8.029
  2398.126    31.311     8.029
  2398.227    31.311     8.080
  2398.328    31.208     8.080
  2398.427    31.157     8.131
  2398.528    31.105     8.131
  2398.629    31.105     8.182
  2399.336    31.105     8.182
  2399.437    31.054     8.182
  2399.538    31.002     8.182
  2399.637    31.002     8.233
  2405.381    31.002     8.233
  2405.482    31.002     8.182
  2405.583    31.105     8.182
  2405.682    31.157     8.131
  2405.783    31.157     8.080
  2405.883    31.157     8.029
  2405.986    31.157     8.029
  2406.087    31.208     8.029
  2406.187    31.311     8.029
  2406.289    31.364     8.029
  2406.390    31.364     8.029
  2406.491    31.467     8.029
  2406.692    31.467     8.029
  2406.796    31.518     8.029
  2410.626    31.518     8.029
  2410.727    31.570     8.029
  2410.828    31.621     8.029
  2410.928    31.621     8.029
  2411.029    31.673     8.029
  2411.129    31.673     8.029
  2411.230    31.724     8.029
  2413.142    31.724     8.029
  2413.244    31.673     8.029
  2413.344    31.621     8.029
  2413.445    31.570     8.029
  2413.646    31.570     8.029
  2413.748    31.518     8.080
  2413.848    31.518     8.131
  2413.949    31.467     8.131
  2414.049    31.467     8.131
  2414.150    31.415     8.182
  2414.251    31.311     8.233
  2414.350    31.260     8.283
  2415.761    31.260     8.283
  2415.863    31.157     8.283
  2416.166    31.157     8.283
  2416.265    31.054     8.283
  2427.044    31.054     8.283
  2427.143    31.105     8.283
  2428.656    31.105     8.283
  2428.756    31.105     8.334
  2429.662    31.105     8.334
  2429.762    31.054     8.334
  2433.490    31.054     8.334
  2433.589    31.054     8.283
  2435.302    31.054     8.283
  2435.403    31.105     8.283
  2435.503    31.157     8.283
  2435.604    31.208     8.283
  2435.705    31.260     8.283
  2435.907    31.260     8.283
  2436.007    31.260     8.233
  2436.107    31.311     8.131
  2436.209    31.311     8.080
  2440.337    31.311     8.080
  2440.437    31.364     8.080
  2440.538    31.415     8.080
  2444.866    31.415     8.080
  2444.967    31.467     8.080
  2445.068    31.467     8.080
  2445.169    31.518     8.080
  2447.183    31.518     8.080
  2447.283    31.570     8.080
  2447.484    31.570     8.080
  2447.584    31.570     8.029
  2447.685    31.570     8.029
  2447.786    31.570     7.978
  2447.987    31.570     7.978
  2448.088    31.621     7.978
  2448.191    31.673     7.978
  2449.902    31.673     7.978
  2450.003    31.724     7.978
  2453.934    31.724     7.978
  2454.036    31.776     7.978
  2454.538    31.776     7.978
  2454.638    31.776     7.928
  2454.739    31.776     7.928
  2454.841    31.828     7.928
  2455.546    31.828     7.928
  2455.647    31.724     7.928
  2455.747    31.673     7.928
  2455.848    31.673     7.928
  2455.949    31.621     7.928
  2456.050    31.621     7.978
  2456.151    31.570     7.978
  2456.252    31.467     8.029
  2457.258    31.467     8.029
  2457.359    31.415     8.029
  2457.459    31.364     8.029
  2458.165    31.364     8.029
  2458.266    31.260     8.080
  2458.366    31.208     8.080
  2458.466    31.208     8.131
  2458.668    31.208     8.131
  2458.768    31.157     8.131
  2458.869    31.054     8.131
  2458.969    31.002     8.080
  2459.070    30.951     8.029
  2460.786    30.951     8.029
  2460.886    30.899     8.029
  2460.988    30.848     8.029
  2461.289    30.848     8.029
  2461.389    30.744     8.029
  2461.490    30.693     8.029
  2461.691    30.693     8.029
  2461.794    30.641     8.029
  2461.895    30.590     8.029
  2465.013    30.590     8.029
  2465.115    30.538     8.029
  2465.216    30.487     8.029
  2467.836    30.487     8.029
  2467.936    30.435     8.029
  2468.340    30.435     8.029
  2468.441    30.435     7.978
  2469.648    30.435     7.978
  2469.749    30.280     7.978
  2471.865    30.280     7.978
  2471.966    30.383     7.978
  2472.066    30.435     7.978
  2472.167    30.538     7.978
  2472.670    30.538     7.978
  2472.770    30.487     7.978
  2472.873    30.383     7.978
  2472.974    30.331     7.978
  2475.791    30.331     7.978
  2475.892    30.383     7.978
  2475.993    30.641     7.978
  2476.093    30.641     7.978
  2476.194    30.693     7.978
  2476.295    30.796     7.978
  2476.495    30.796     7.978
  2476.595    30.848     7.978
  2476.696    30.899     7.978
  2476.999    30.899     7.978
  2477.099    31.002     7.978
  2477.200    31.002     7.978
  2477.301    31.054     7.978
  2478.407    31.054     7.978
  2478.508    31.105     7.978
  2483.958    31.105     7.978
  2484.059    31.208     7.978
  2485.568    31.208     7.978
  2485.669    31.157     8.029
  2485.769    31.157     8.080
  2485.970    31.157     8.080
  2486.072    31.105     8.080
  2486.173    31.002     8.182
  2486.272    30.951     8.182
  2487.782    30.951     8.182
  2487.883    30.951     8.233
  2487.984    30.951     8.283
  2488.086    30.951     8.283
  2488.186    30.951     8.334
  2488.287    30.899     8.385
  2488.387    30.899     8.436
  2488.487    30.899     8.487
  2490.905    30.899     8.487
  2491.006    30.951     8.487
  2491.208    30.951     8.487
  2491.308    30.951     8.436
  2491.408    30.951     8.385
  2491.508    30.951     8.334
  2491.609    30.848     8.334
  2491.710    30.796     8.334
  2491.810    30.796     8.334
  2491.911    30.744     8.283
  2492.011    30.693     8.233
  2492.113    30.641     8.233
  2492.317    30.641     8.233
  2492.419    30.590     8.182
  2492.619    30.590     8.182
  2492.719    30.538     8.131
  2492.820    30.487     8.131
  2493.725    30.487     8.131
  2493.827    30.435     8.131
  2493.926    30.280     8.131
  2494.027    30.228     8.131
  2495.638    30.228     8.131
  2495.739    30.177     8.131
  2497.249    30.177     8.131
  2497.349    30.177     8.080
  2497.450    30.177     8.029
  2497.550    30.228     8.029
  2497.651    30.280     8.029
  2499.261    30.280     8.029
  2499.362    30.280     8.080
  2499.463    30.280     8.131
  2504.193    30.280     8.131
  2504.293    30.331     8.131
  2504.899    30.331     8.131
  2505.000    30.331     8.182
  2505.100    30.331     8.233
  2507.821    30.331     8.233
  2507.922    30.383     8.233
  2508.023    30.383     8.182
  2508.726    30.383     8.182
  2508.828    30.331     8.182
  2508.927    30.280     8.182
  2511.142    30.280     8.182
  2511.243    30.177     8.182
  2511.444    30.177     8.182
  2511.544    30.177     8.131
  2512.449    30.177     8.131
  2512.549    30.177     8.080
  2513.154    30.177     8.080
  2513.255    30.125     8.029
  2513.355    30.125     7.978
  2514.968    30.125     7.978
  2515.069    30.125     7.928
  2515.170    30.228     7.928
  2516.178    30.228     7.928
  2516.278    30.228     7.978
  2516.379    30.125     8.029
  2516.480    30.022     8.080
  2518.698    30.022     8.080
  2518.798    29.971     8.080
  2519.101    29.971     8.080
  2519.203    29.919     8.080
  2519.403    29.919     8.080
  2519.504    29.868     8.080
  2519.604    29.816     8.080
  2522.121    29.816     8.080
  2522.221    29.764     8.080
  2522.321    29.713     8.080
  2526.050    29.713     8.080
  2526.151    29.764     8.080
  2527.359    29.764     8.080
  2527.460    29.713     8.080
  2527.560    29.661     8.080
  2527.661    29.661     8.080
  2527.761    29.609     8.080
  2528.264    29.609     8.080
  2528.364    29.661     8.080
  2528.466    29.713     8.080
  2528.566    29.764     8.080
  2528.667    29.868     8.080
  2528.767    30.022     8.080
  2532.493    30.022     8.080
  2532.594    30.022     8.131
  2532.694    30.074     8.182
  2534.308    30.074     8.182
  2534.408    30.177     8.182
  2534.508    30.280     8.182
  2534.609    30.331     8.182
  2534.810    30.331     8.182
  2534.911    30.383     8.182
  2535.012    30.538     8.182
  2535.113    30.693     8.182
  2535.214    30.796     8.182
  2535.313    31.002     8.182
  2535.414    31.054     8.182
  2535.514    31.157     8.182
  2535.615    31.157     8.131
  2535.716    31.208     8.131
  2535.817    31.260     8.080
  2535.920    31.311     8.080
  2536.019    31.311     8.029
  2538.840    31.311     8.029
  2538.940    31.311     7.978
  2539.041    31.415     7.928
  2539.143    31.518     7.826
  2539.244    31.518     7.725
  2539.344    31.621     7.673
  2546.391    31.621     7.673
  2546.492    31.621     7.725
  2546.593    31.621     7.775
  2546.704    31.621     7.826
  2547.407    31.621     7.826
  2547.509    31.621     7.877
  2547.710    31.621     7.877
  2547.810    31.621     7.928
  2547.911    31.621     7.928
  2548.011    31.570     7.928
  2548.112    31.518     7.978
  2548.213    31.518     7.978
  2548.315    31.467     8.029
  2579.244    31.467     8.029
  2579.345    31.415     8.029
  2605.247    31.415     8.029
  2605.347    31.467     7.978
  2605.449    31.467     7.928
  2605.550    31.467     7.877
  2605.650    31.467     7.826
  2605.752    31.467     7.775
  2605.852    31.518     7.775
  2605.952    31.518     7.775
  2606.053    31.570     7.775
  2606.153    31.621     7.775
  2606.255    31.673     7.775
  2606.354    31.673     7.725
  2606.456    31.673     7.673
  2606.556    31.673     7.673
  2606.658    31.673     7.623
  2606.758    31.724     7.623
  2606.859    31.776     7.623
  2606.960    31.776     7.623
  2607.060    31.776     7.572
  2607.161    31.776     7.572
  2607.261    31.776     7.521
  2610.082    31.776     7.521
  2610.182    31.776     7.470
  2610.283    31.776     7.470
  2610.383    31.776     7.420
  2610.585    31.776     7.420
  2610.685    31.776     7.369
  2616.527    31.776     7.369
  2616.628    31.724     7.369
  2616.728    31.724     7.369
  2616.829    31.673     7.369
  2623.377    31.673     7.369
  2623.476    31.724     7.369
  2623.881    31.724     7.369
  2623.981    31.724     7.318
  2624.485    31.724     7.318
  2624.586    31.673     7.318
  2624.686    31.621     7.318
  2625.695    31.621     7.318
  2625.796    31.621     7.216
  2625.896    31.621     7.165
  2625.998    31.621     7.064
  2626.097    31.621     7.064
  2626.198    31.724     7.013
  2626.299    31.776     6.962
  2626.399    31.828     6.911
  2626.906    31.828     6.911
  2627.006    31.828     6.860
  2627.107    31.828     6.860
  2627.207    31.828     6.810
  2627.306    31.879     6.810
  2627.911    31.879     6.810
  2628.011    31.879     6.657
  2628.112    31.879     6.555
  2628.214    31.879     6.454
  2628.313    31.879     6.352
  2628.514    31.879     6.352
  2628.616    31.931     6.352
  2629.724    31.931     6.352
  2629.825    31.982     6.352
  2629.925    32.034     6.352
  2630.025    32.034     6.403
  2630.127    32.085     6.403
  2630.227    32.085     6.454
  2630.328    32.085     6.505
  2630.428    32.085     6.505
  2630.529    31.982     6.555
  2630.631    31.931     6.555
  2630.730    31.931     6.607
  2633.348    31.931     6.607
  2633.449    31.828     6.607
  2633.651    31.828     6.607
  2633.754    31.828     6.657
  2634.257    31.828     6.657
  2634.357    31.828     6.708
  2634.458    31.879     6.708
  2634.762    31.879     6.708
  2634.862    31.931     6.708
  2634.963    31.982     6.708
  2635.062    32.034     6.708
  2635.165    32.085     6.759
  2635.869    32.085     6.759
  2635.970    32.085     6.708
  2636.070    32.085     6.657
  2636.171    32.085     6.607
  2636.270    32.137     6.607
  2638.787    32.137     6.607
  2638.887    32.137     6.555
  2638.988    32.137     6.505
  2639.089    32.137     6.454
  2640.804    32.137     6.454
  2640.906    32.189     6.454
  2641.006    32.240     6.454
  2643.324    32.240     6.454
  2643.426    32.292     6.454
  2643.526    32.292     6.454
  2643.627    32.344     6.454
  2646.046    32.344     6.454
  2646.145    32.292     6.454
  2647.454    32.292     6.454
  2647.554    32.240     6.454
  2647.655    32.137     6.454
  2647.756    32.034     6.454
  2647.856    32.034     6.454
  2647.957    31.982     6.454
  2648.057    31.982     6.505
  2648.560    31.982     6.505
  2648.661    31.931     6.505
  2648.762    31.931     6.454
  2648.863    31.931     6.454
  2648.965    31.931     6.403
  2649.770    31.931     6.403
  2649.871    31.879     6.403
  2649.971    31.828     6.403
  2650.072    31.828     6.403
  2650.172    31.776     6.403
  2650.273    31.776     6.403
  2650.373    31.724     6.403
  2650.474    31.724     6.403
  2650.575    31.724     6.505
  2650.676    31.724     6.555
  2650.776    31.673     6.555
  2650.877    31.621     6.555
  2651.079    31.621     6.555
  2651.179    31.570     6.555
  2651.282    31.570     6.607
  2651.383    31.518     6.607
  2652.691    31.518     6.607
  2652.792    31.518     6.708
  2653.902    31.518     6.708
  2654.003    31.570     6.708
  2654.103    31.621     6.708
  2654.202    31.621     6.708
  2654.303    31.673     6.708
  2654.403    31.724     6.657
  2654.505    31.776     6.657
  2654.605    31.828     6.657
  2654.707    31.879     6.657
  2657.324    31.879     6.657
  2657.425    31.879     6.607
  2657.525    31.931     6.555
  2657.626    31.931     6.555
  2657.726    31.982     6.555
  2658.029    31.982     6.555
  2658.130    32.034     6.555
  2658.431    32.034     6.555
  2658.532    32.085     6.555
  2658.633    32.085     6.555
  2658.733    32.137     6.555
  2659.036    32.137     6.555
  2659.138    32.189     6.555
  2659.238    32.240     6.555
  2659.339    32.292     6.555
  2661.253    32.292     6.555
  2661.352    32.292     6.657
  2661.554    32.292     6.657
  2661.655    32.292     6.759
  2667.303    32.292     6.759
  2667.403    32.344     6.810
  2667.503    32.395     6.810
  2667.604    32.447     6.810
  2668.008    32.447     6.810
  2668.107    32.498     6.810
  2668.208    32.498     6.860
  2668.308    32.498     6.860
  2668.409    32.550     6.860
  2668.610    32.550     6.860
  2668.711    32.550     6.911
  2668.812    32.601     6.911
  2668.913    32.653     6.911
  2670.926    32.653     6.911
  2671.026    32.704     6.911
  2678.277    32.704     6.911
  2678.378    32.808     6.911
  2685.324    32.808     6.911
  2685.425    32.859     6.911
  2685.525    32.859     7.013
  2685.829    32.859     7.013
  2685.929    32.859     7.115
  2686.029    32.859     7.115
  2686.131    32.859     7.165
  2686.331    32.859     7.165
  2686.431    32.963     7.216
  2687.239    32.963     7.216
  2687.340    32.911     7.267
  2687.843    32.911     7.267
  2687.943    32.859     7.267
  2689.757    32.859     7.267
  2689.857    32.808     7.318
  2691.466    32.808     7.318
  2691.567    32.756     7.318
  2691.668    32.756     7.369
  2692.172    32.756     7.369
  2692.272    32.756     7.420
  2692.473    32.756     7.420
  2692.575    32.756     7.470
  2692.675    32.756     7.470
  2692.775    32.808     7.470
  2692.876    32.859     7.470
  2692.976    32.911     7.470
  2694.086    32.911     7.470
  2694.186    33.066     7.470
  2694.891    33.066     7.470
  2694.991    33.066     7.572
  2695.093    33.066     7.572
  2695.192    33.117     7.623
  2695.293    33.117     7.623
  2695.393    33.169     7.623
  2695.595    33.169     7.623
  2695.696    33.169     7.775
  2697.106    33.169     7.775
  2697.207    33.169     7.725
  2697.307    33.169     7.673
  2697.408    33.272     7.572
  2697.509    33.427     7.470
  2697.610    33.427     7.470
  2697.710    33.478     7.470
  2697.911    33.478     7.470
  2698.013    33.530     7.470
  2699.020    33.530     7.470
  2699.120    33.581     7.470
  2699.221    33.581     7.572
  2699.322    33.581     7.623
  2699.422    33.581     7.725
  2699.522    33.633     7.826
  2699.624    33.633     7.978
  2699.723    33.633     8.029
  2699.824    33.633     8.131
  2699.926    33.633     8.131
  2700.026    33.633     8.182
  2700.227    33.633     8.182
  2700.328    33.633     8.233
  2700.430    33.633     8.283
  2700.835    33.633     8.283
  2700.935    33.633     8.334
  2701.035    33.633     8.334
  2701.137    33.633     8.436
  2701.237    33.633     8.487
  2701.841    33.633     8.487
  2701.941    33.684     8.538
  2702.142    33.684     8.538
  2702.243    33.736     8.538
  2702.847    33.736     8.538
  2702.948    33.736     8.588
  2703.049    33.736     8.639
  2703.149    33.736     8.741
  2703.249    33.736     8.842
  2703.349    33.788     8.893
  2703.450    33.788     8.995
  2703.551    33.840     8.995
  2703.651    33.891     8.995
  2705.766    33.891     8.995
  2705.869    33.994     8.995
  2705.970    34.046     8.995
  2706.070    34.046     8.995
  2706.171    34.046     8.944
  2706.270    34.046     8.944
  2706.371    34.046     8.893
  2707.784    34.046     8.893
  2707.885    34.097     8.893
  2707.985    34.149     8.944
  2708.086    34.200     8.944
  2708.286    34.200     8.944
  2708.388    34.200     8.995
  2708.588    34.200     8.995
  2708.689    34.200     9.046
  2708.790    34.200     9.096
  2710.304    34.200     9.096
  2710.403    34.200     9.147
  2710.505    34.200     9.198
  2710.605    34.200     9.249
  2710.706    34.200     9.300
  2710.830    34.200     9.351
  2711.209    34.200     9.351
  2711.309    34.200     9.300
  2711.409    34.252     9.300
  2711.510    34.304     9.249
  2711.610    34.355     9.096
  2711.711    34.407     8.944
  2717.251    34.407     8.944
  2717.350    34.407     8.791
  2719.870    34.407     8.791
  2719.970    34.407     8.741
  2720.070    34.458     8.741
  2720.271    34.458     8.741
  2720.372    34.458     8.690
  2720.475    34.458     8.639
  2720.576    34.407     8.639
  2722.691    34.407     8.639
  2722.793    34.458     8.639
  2722.895    34.458     8.588
  2722.996    34.458     8.538
  2723.096    34.458     8.487
  2723.196    34.407     8.487
  2723.296    34.355     8.436
  2726.017    34.355     8.436
  2726.119    34.407     8.436
  2726.219    34.407     8.538
  2737.922    34.407     8.538
  2738.023    34.407     8.588
  2739.131    34.407     8.588
  2739.231    34.304     8.588
  2739.331    34.252     8.588
  2739.737    34.252     8.588
  2739.837    34.252     8.639
  2740.140    34.252     8.639
  2740.240    34.304     8.690
  2740.340    34.355     8.690
  2741.446    34.355     8.690
  2741.547    34.355     8.791
  2742.959    34.355     8.791
  2743.059    34.355     8.842
  2743.160    34.252     8.842
  2749.605    34.252     8.842
  2749.705    34.252     8.791
  2749.807    34.252     8.741
  2756.756    34.252     8.741
  2756.856    34.304     8.741
  2756.958    34.304     8.690
  2757.057    34.304     8.639
  2758.870    34.304     8.639
  2758.972    34.149     8.639
  2764.109    34.149     8.639
  2764.209    34.149     8.690
  2764.309    34.200     8.690
  2764.411    34.252     8.690
  2764.512    34.304     8.690
  2764.612    34.304     8.791
  2764.714    34.304     8.944
  2764.813    34.355     8.944
  2764.914    34.407     9.046
  2765.016    34.458     9.046
  2765.115    34.561     9.046
  2765.216    34.561     9.096
  2765.316    34.561     9.198
  2765.417    34.561     9.351
  2765.517    34.561     9.452
  2765.719    34.561     9.452
  2765.820    34.561     9.656
  2765.920    34.561     9.757
  2766.121    34.561     9.757
  2766.222    34.561     9.859
  2766.322    34.561     9.909
  2767.228    34.561     9.909
  2767.330    34.561     9.960
  2767.430    34.561    10.011
  2770.651    34.561    10.011
  2770.752    34.561    10.062
  2770.853    34.561    10.164
  2770.954    34.561    10.265
  2771.055    34.561    10.316
  2771.155    34.561    10.418
  2771.256    34.716    10.519
  2771.358    34.716    10.621
  2771.459    34.768    10.722
  2771.963    34.768    10.722
  2772.063    34.768    10.773
  2772.164    34.768    10.875
  2772.265    34.768    10.926
  2772.365    34.768    10.926
  2772.467    34.768    10.977
  2772.566    34.768    11.078
  2772.668    34.716    11.129
  2772.768    34.716    11.180
  2772.869    34.716    11.231
  2773.070    34.716    11.231
  2773.171    34.716    11.282
  2773.270    34.716    11.383
  2773.372    34.716    11.434
  2773.474    34.716    11.485
  2773.574    34.716    11.637
  2773.676    34.716    11.790
  2773.775    34.716    11.942
  2773.877    34.716    12.145
  2773.977    34.820    12.298
  2774.078    34.820    12.349
  2774.181    34.820    12.400
  2774.985    34.820    12.400
  2775.085    34.871    12.603
  2775.186    34.923    12.857
  2775.287    34.923    12.958
  2775.388    34.923    13.060
  2775.488    34.923    13.213
  2775.589    34.923    13.213
  2775.689    34.923    13.263
  2775.789    34.923    13.314
  2775.890    34.923    13.365
  2779.715    34.923    13.365
  2779.814    34.923    13.466
  2780.016    34.923    13.466
  2780.119    34.923    13.518
  2785.864    34.923    13.518
  2785.964    34.923    13.670
  2788.078    34.923    13.670
  2788.179    34.974    13.670
  2788.279    35.026    13.670
  2788.983    35.026    13.670
  2789.085    35.077    13.721
  2789.184    35.077    13.771
  2789.890    35.077    13.771
  2789.990    35.077    13.822
  2856.868    35.077    13.822
  2856.968    35.026    13.822
  2857.068    34.974    13.822
  2857.169    34.923    13.822
  2872.385    34.923    13.822
  2872.485    34.923    13.771
  2872.788    34.923    13.771
  2872.889    34.871    13.771
  2886.096    34.871    13.771
  2886.196    34.923    13.721
  2886.297    35.026    13.721
  2886.398    35.077    13.670
  2886.498    35.129    13.670
  2886.599    35.129    13.670
  2886.700    35.129    13.619
  2886.801    35.129    13.568
  2886.902    35.129    13.518
  2887.004    35.180    13.518
  2900.808    35.180    13.518
  2900.909    35.129    13.416
  2901.010    35.129    13.263
  2901.109    35.129    13.213
  2901.212    35.180    13.213
  2901.413    35.180    13.213
  2901.515    35.180    13.162
  2917.742    35.180    13.162
  2917.842    35.129    13.111
  2917.943    35.129    13.111
  2918.043    35.129    13.060
  3060.657    35.129    13.060
  3060.756    35.129    13.009
  3060.858    35.129    12.958
  3060.958    35.129    12.857
  3061.059    35.129    12.806
  3061.161    35.129    12.755
  3061.263    35.129    12.653
  3061.364    35.077    12.653
  3061.464    34.974    12.653
  3061.564    34.923    12.653
  3061.664    34.923    12.653
  3061.766    34.871    12.653
  3063.486    34.871    12.653
  3063.586    34.923    12.653
  3063.688    34.923    12.704
  3063.787    34.923    12.755
  3063.888    34.923    12.806
  3063.991    34.923    12.857
  3064.091    34.923    12.958
  3064.696    34.923    12.958
  3064.795    34.923    13.060
  3064.896    34.923    13.060
  3064.996    34.923    13.111
  3068.621    34.923    13.111
  3068.722    34.768    13.162
  3071.646    34.768    13.162
  3071.746    34.871    13.162
  3071.948    34.871    13.162
  3072.049    34.923    13.162
  3076.690    34.923    13.162
  3076.791    34.923    13.111
  3077.495    34.923    13.111
  3077.596    34.923    13.060
  3134.246    34.923    13.060
  3134.335    34.974    12.908
  3151.218    34.974    12.908
  3151.318    34.923    12.958
  3151.421    34.871    12.958
  3151.623    34.871    12.958
  3151.723    34.923    12.958
  3152.226    34.923    12.958
  3152.327    34.974    12.958
  3161.799    34.974    12.958
  3161.900    35.077    12.958
  3162.003    35.335    12.908
  3162.103    35.335    12.908
  3162.204    35.284    12.908
  3162.305    35.180    12.908
  3162.405    35.077    12.958
  3162.506    35.026    13.060
  3162.606    34.974    13.111
  3162.708    34.974    13.162
  3162.806    34.871    13.162
  3168.047    34.871    13.162
  3168.147    34.923    13.162
  3171.978    34.923    13.162
  3172.079    34.974    13.162
  3172.181    35.077    13.162
  3172.281    35.077    13.162
  3172.382    35.077    13.111
  3172.483    35.077    13.060
  3172.585    35.077    13.009
  3172.685    35.077    13.009
  3172.785    35.077    12.958
  3172.886    35.026    12.958
  3172.986    34.974    12.958
  3173.087    34.923    12.958
  3244.409    34.923    12.958
  3244.509    34.974    13.060
  3244.609    34.974    13.060
  3244.711    35.026    13.060
  3244.811    35.026    13.060
  3244.911    35.026    13.162
  3245.012    35.026    13.263
  3245.112    35.077    13.263
  3246.219    35.077    13.263
  3246.320    34.871    13.416
  3246.421    34.871    13.466
  3246.520    34.923    13.518
  3246.623    35.077    13.518
  3247.631    35.077    13.518
  3247.731    35.129    13.466
  3248.034    35.129    13.466
  3248.135    35.129    13.416
  3248.234    35.129    13.365
  3248.335    35.129    13.365
  3248.436    35.129    13.314
  3248.840    35.129    13.314
  3248.940    35.129    13.263
  3249.142    35.129    13.263
  3249.242    35.129    13.213
  3252.059    35.129    13.213
  3252.160    35.129    13.263
  3252.261    35.129    13.365
  3252.362    35.129    13.466
  3259.313    35.129    13.466
  3259.414    35.129    13.416
  3259.615    35.129    13.416
  3259.716    35.129    13.365
  3259.920    35.129    13.365
  3260.019    35.129    13.314
  3260.121    35.129    13.263
  3260.222    35.129    13.213
  3291.242    35.129    13.213
  3291.343    35.129    13.314
  3291.443    35.129    13.365
  3291.544    35.129    13.466
  3291.645    35.180    13.619
  3291.847    35.180    13.619
  3291.947    35.180    13.670
  3292.048    35.180    13.670
  3292.147    35.077    13.721
  3292.249    35.026    13.721
  3292.350    35.026    13.771
  3292.450    34.923    13.822
  3292.551    34.820    13.822
  3292.751    34.820    13.822
  3292.853    34.820    13.771
  3294.870    34.820    13.771
  3294.970    34.768    13.771
  3295.373    34.768    13.771
  3295.474    34.768    13.873
  3295.574    34.768    13.873
  3295.674    34.768    13.924
  3295.775    34.716    13.975
  3295.875    34.665    14.026
  3295.978    34.613    14.076
  3299.705    34.613    14.076
  3299.806    34.665    14.127
  3299.906    34.716    14.229
  3300.106    34.716    14.229
  3300.208    34.716    14.331
  3300.309    34.716    14.381
  3300.409    34.716    14.483
  3300.510    34.716    14.534
  3300.610    34.716    14.534
  3300.710    34.716    14.584
  3301.726    34.716    14.584
  3301.827    34.716    14.636
  3301.928    34.768    14.636
  3303.538    34.768    14.636
  3303.639    34.716    14.636
  3303.739    34.613    14.584
  3303.840    34.561    14.584
  3310.186    34.561    14.584
  3310.286    34.561    14.534
  3310.387    34.561    14.483
  3346.977    34.561    14.483
  3347.077    34.561    14.381
  3347.178    34.561    14.331
  3353.428    34.561    14.331
  3353.528    34.665    14.331
  3353.830    34.665    14.331
  3353.930    34.665    14.280
  3354.030    34.665    14.280
  3354.132    34.613    14.178
  3354.232    34.613    14.178
  3354.333    34.510    14.178
  3360.686    34.510    14.178
  3360.786    34.407    14.127
  3360.888    34.304    14.026
  3360.988    34.304    13.975
  3361.089    34.252    13.975
  3361.188    34.149    13.975
  3361.290    34.097    13.975
  3361.391    34.097    13.975
  3361.491    34.046    13.975
  3361.592    33.994    13.975
  3361.692    33.994    14.026
  3361.792    34.046    14.076
  3361.894    34.149    14.076
  3361.994    34.149    13.975
  3362.095    34.149    13.873
  3362.195    34.149    13.822
  3363.606    34.149    13.822
  3363.706    34.046    14.026
  3364.512    34.046    14.026
  3364.612    34.046    13.924
  3364.713    34.046    13.924
  3364.812    34.097    13.924
  3364.913    34.149    13.873
  3368.134    34.149    13.873
  3368.234    33.994    13.721
  3368.335    33.891    13.670
  3368.436    33.840    13.670
  3368.536    33.736    13.670
  3368.639    33.684    13.670
  3368.738    33.633    13.670
  3368.840    33.530    13.670
  3368.940    33.478    13.670
  3369.041    33.478    13.670
  3369.144    33.427    13.670
  3369.445    33.427    13.670
  3369.546    33.427    13.721
  3369.647    33.375    13.771
  3369.750    33.375    13.822
  3376.799    33.375    13.822
  3376.899    33.324    13.822
  3377.000    33.220    13.822
  3387.877    33.220    13.822
  3387.977    33.272    13.822
  3388.078    33.324    13.822
  3388.183    33.478    13.822
  3388.283    33.530    13.822
  3388.384    33.581    13.822
  3388.507    33.684    13.822
  3388.585    33.684    13.822
  3388.686    33.736    13.822
  3388.786    33.736    13.822
  3388.886    33.788    13.924
  3388.987    33.788    13.975
  3389.087    33.788    13.975
  3389.188    33.840    14.026
  3389.289    33.891    14.026
  3397.248    33.891    14.026
  3397.349    33.788    13.975
  3397.449    33.633    13.873
  3397.550    33.633    13.822
  3397.650    33.633    13.822
  3397.751    33.633    13.771
  3412.758    33.633    13.771
  3412.858    33.530    13.771
  3412.959    33.478    13.721
  3696.518    33.478    13.721
  3696.618    33.427    13.721
  3696.719    33.427    13.721
  3696.820    33.375    13.771
  3697.221    33.375    13.771
  3697.322    33.427    13.771
  3697.423    33.427    13.771
  3697.527    33.530    13.771
  3697.628    33.530    13.771
  3697.729    33.530    13.721
  3697.828    33.530    13.670
  3697.930    33.478    13.670
  3698.031    33.375    13.670
  3702.364    33.375    13.670
  3702.466    33.272    13.670
  3702.767    33.272    13.670
  3702.868    33.220    13.670
  3703.069    33.220    13.670
  3703.170    33.220    13.619
  3703.271    33.272    13.619
  3703.372    33.324    13.619
  3703.674    33.324    13.619
  3703.774    33.324    13.568
  3703.875    33.324    13.518
  3703.977    33.324    13.466
  3704.187    33.324    13.466
  3704.288    33.272    13.416
  3706.608    33.272    13.416
  3706.708    33.169    13.416
  3707.614    33.169    13.416
  3707.714    33.220    13.416
  3708.117    33.220    13.416
  3708.216    33.117    13.416
  3708.318    33.066    13.416
  3708.519    33.066    13.416
  3708.619    33.014    13.416
  3708.721    33.014    13.466
  3708.821    32.911    13.466
  3708.922    32.911    13.518
  3709.224    32.911    13.518
  3709.326    32.911    13.466
  3709.928    32.911    13.466
  3710.030    32.808    13.466
  3726.777    32.808    13.466
  3726.877    32.859    13.466
  3728.083    32.859    13.466
  3728.185    32.808    13.518
  3728.284    32.704    13.568
  3728.385    32.653    13.568
  3728.788    32.653    13.568
  3728.890    32.704    13.568
  3740.184    32.704    13.568
  3740.285    32.653    13.568
  3740.385    32.498    13.619
  3740.486    32.344    13.670
  3740.687    32.344    13.670
  3740.788    32.447    13.670
  3740.889    32.498    13.670
  3741.090    32.498    13.670
  3741.190    32.550    13.721
  3741.291    32.550    13.771
  3741.393    32.601    13.822
  3741.492    32.653    13.873
  3741.593    32.756    13.924
  3741.695    32.756    13.975
  3741.899    32.756    13.975
  3741.999    32.808    13.975
  3742.100    32.859    13.975
  3742.301    32.859    13.975
  3742.402    32.859    14.026
  3742.502    32.859    14.076
  3746.636    32.859    14.076
  3746.737    32.963    14.076
  3746.836    33.014    14.076
  3747.139    33.014    14.076
  3747.240    33.066    14.076
  3747.341    33.117    14.127
  3747.743    33.117    14.127
  3747.843    33.117    14.178
  3747.944    33.117    14.178
  3748.044    33.169    14.178
  3750.964    33.169    14.178
  3751.065    33.169    14.280
  3757.629    33.169    14.280
  3757.730    33.169    14.229
  3773.661    33.169    14.229
  3773.762    33.220    14.229
  3773.863    33.272    14.229
  3774.669    33.272    14.229
  3774.771    33.324    14.229
  3776.078    33.324    14.229
  3776.179    33.272    14.229
  3776.282    33.220    14.229
  3776.786    33.220    14.229
  3776.885    33.220    14.280
  3776.987    33.220    14.331
  3777.087    33.169    14.331
  3777.188    33.169    14.331
  3777.288    33.117    14.331
  3820.937    33.117    14.331
  3821.038    33.066    14.381
  3821.340    33.066    14.381
  3821.442    33.066    14.432
  3821.542    33.066    14.432
  3821.643    33.014    14.483
  3846.137    33.014    14.483
  3846.238    33.066    14.483
  3846.339    33.117    14.483
  3848.660    33.117    14.483
  3848.759    33.169    14.483
  3848.960    33.169    14.483
  3849.061    33.169    14.534
  3849.162    33.169    14.584
  3849.262    33.169    14.584
  3849.365    33.169    14.686
  3849.465    33.169    14.686
  3849.566    33.169    14.737
  3849.665    33.117    14.788
  3851.075    33.117    14.788
  3851.174    33.066    14.788
  3851.276    33.014    14.788
  3851.376    32.963    14.788
  3852.695    32.963    14.788
  3852.795    32.911    14.788
  3853.098    32.911    14.788
  3853.199    32.911    14.686
  3855.413    32.911    14.686
  3855.515    32.756    14.584
  3855.615    32.704    14.534
  3855.716    32.601    14.432
  3855.816    32.601    14.432
  3855.917    32.550    14.432
  3856.017    32.498    14.432
  3856.420    32.498    14.432
  3856.521    32.447    14.432
  3856.622    32.395    14.483
  3856.722    32.395    14.483
  3856.824    32.395    14.534
  3856.924    32.395    14.534
  3857.025    32.395    14.584
  3857.125    32.395    14.584
  3857.227    32.395    14.636
  3857.427    32.395    14.636
  3857.528    32.395    14.686
  3857.629    32.395    14.737
  3857.730    32.395    14.788
  3857.830    32.447    14.788
  3857.930    32.447    14.839
  3858.232    32.447    14.839
  3858.333    32.498    14.889
  3858.434    32.550    14.940
  3858.735    32.550    14.940
  3858.836    32.601    14.940
  3858.936    32.601    14.940
  3859.038    32.653    14.940
  3859.138    32.704    14.940
  3862.161    32.704    14.940
  3862.260    32.808    14.991
  3862.368    32.808    15.042
  3862.468    32.911    15.042
  3862.570    32.963    14.940
  3862.670    32.963    14.889
  3862.771    32.963    14.686
  3862.872    32.963    14.636
  3862.972    32.963    14.584
  3865.793    32.963    14.584
  3865.894    32.963    14.534
  3865.995    32.859    14.534
  3866.095    32.704    14.534
  3866.196    32.653    14.483
  3866.296    32.601    14.381
  3866.398    32.601    14.331
  3866.499    32.498    14.331
  3866.598    32.498    14.331
  3866.698    32.498    14.280
  3866.799    32.498    14.229
  3866.900    32.498    14.178
  3867.002    32.498    14.127
  3867.305    32.498    14.127
  3867.405    32.498    14.076
  3867.505    32.447    14.076
  3867.606    32.344    14.076
  3867.706    32.189    14.026
  3867.807    32.034    14.026
  3867.908    31.879    13.873
  3868.009    31.776    13.822
  3868.109    31.776    13.771
  3868.208    31.776    13.670
  3868.310    31.776    13.568
  3868.411    31.776    13.466
  3868.511    31.776    13.416
  3868.612    31.673    13.416
  3868.712    31.621    13.416
  3868.813    31.570    13.365
  3868.913    31.518    13.365
  3869.014    31.467    13.263
  3869.114    31.467    13.213
  3869.215    31.467    13.213
  3869.317    31.467    13.162
  3871.026    31.467    13.162
  3871.127    31.208    13.162
  3871.430    31.208    13.162
  3871.531    31.208    13.213
  3871.629    31.208    13.213
  3871.730    31.157    13.263
  3871.830    31.157    13.263
  3871.932    31.054    13.314
  3873.249    31.054    13.314
  3873.350    31.054    13.365
  3873.653    31.054    13.365
  3873.752    31.105    13.365
  3875.462    31.105    13.365
  3875.563    31.157    13.365
  3875.663    31.208    13.365
  3875.767    31.260    13.365
  3901.772    31.260    13.365
  3901.873    31.311    13.314
  3901.973    31.311    13.213
  3903.089    31.311    13.213
  3903.191    31.260    13.213
  3906.514    31.260    13.213
  3906.615    31.260    13.314
  3906.714    31.260    13.365
  3909.434    31.260    13.365
  3909.535    31.157    13.416
  3909.635    31.105    13.416
  3909.735    31.105    13.416
  3909.834    31.054    13.466
  3909.935    31.002    13.518
  3911.044    31.002    13.518
  3911.146    30.951    13.518
  3911.247    30.951    13.518
  3911.347    30.899    13.518
  3913.070    30.899    13.518
  3913.171    30.899    13.568
  3913.272    30.899    13.619
  3928.494    30.899    13.619
  3928.594    30.951    13.619
  3948.037    30.951    13.619
  3948.137    30.951    13.670
  3948.239    30.951    13.721
  3951.964    30.951    13.721
  3952.066    30.899    13.721
  3952.167    30.899    13.670
  3952.267    30.848    13.466
  3952.367    30.744    13.416
  3952.468    30.641    13.314
  3952.569    30.538    13.314
  3952.669    30.487    13.263
  3952.769    30.435    13.263
  3952.871    30.383    13.213
  3952.971    30.331    13.162
  3953.071    30.331    13.162
  3953.171    30.331    13.111
  3953.273    30.331    13.060
  3953.374    30.331    12.958
  3953.474    30.331    12.908
  3953.575    30.331    12.908
  3953.676    30.331    12.857
  3953.777    30.228    12.806
  3953.878    30.125    12.806
  3954.087    30.125    12.806
  3954.188    30.022    12.806
  3954.290    29.971    12.806
  3954.390    29.971    12.806
  3954.493    29.919    12.806
  3954.592    29.816    12.806
  3954.895    29.816    12.806
  3954.997    29.764    12.857
  3955.097    29.764    12.908
  3955.298    29.764    12.908
  3955.399    29.713    12.908
  3955.500    29.661    12.908
  3955.600    29.609    12.908
  3955.701    29.609    12.857
  3955.801    29.558    12.806
  3955.901    29.506    12.806
  3956.001    29.455    12.806
  3956.102    29.403    12.806
  3956.203    29.351    12.806
  3956.304    29.248    12.806
  3956.405    29.145    12.806
  3956.505    29.094    12.806
  3956.608    29.042    12.806
  3956.708    28.939    12.806
  3956.810    28.835    12.857
  3956.911    28.784    12.857
  3957.112    28.784    12.857
  3957.212    28.732    12.857
  3957.317    28.526    12.857
  3957.416    28.423    12.857
  3957.518    28.217    12.806
  3957.619    28.114    12.806
  3957.719    27.907    12.806
  3957.819    27.752    12.806
  3957.920    27.546    12.806
  3958.021    27.391    12.704
  3958.123    27.237    12.704
  3958.324    27.237    12.704
  3958.424    27.185    12.704
  3958.726    27.185    12.704
  3958.827    27.133    12.603
  3959.531    27.133    12.603
  3959.631    27.030    12.603
  3959.732    26.927    12.603
  3959.833    26.875    12.603
  3959.932    26.772    12.603
  3960.033    26.721    12.603
  3960.134    26.618    12.653
  3960.235    26.566    12.755
  3960.336    26.515    12.755
  3961.650    26.515    12.755
  3961.751    26.618    12.755
  3961.850    26.618    12.755
  3961.952    26.669    12.755
  3962.052    26.772    12.755
  3962.153    26.875    12.755
  3962.253    26.979    12.755
  3962.354    27.133    12.755
  3962.455    27.237    12.755
  3962.556    27.340    12.755
  3962.656    27.443    12.755
  3962.758    27.598    12.755
  3962.859    27.649    12.755
  3963.370    27.649    12.755
  3963.470    27.649    12.806
  3963.571    27.649    12.857
  3963.671    27.649    12.908
  3963.772    27.701    12.908
  3963.874    27.752    12.908
  3964.778    27.752    12.908
  3964.878    27.752    12.958
  3964.980    27.752    13.009
  3965.081    27.752    13.060
  3965.181    27.804    13.111
  3965.282    27.855    13.111
  3965.785    27.855    13.111
  3965.884    27.907    13.111
  3965.986    27.907    13.111
  3966.087    27.907    13.162
  3966.188    27.959    13.263
  3966.289    27.959    13.314
  3966.390    27.959    13.365
  3966.490    27.959    13.466
  3966.590    27.959    13.518
  3966.691    27.855    13.518
  3966.791    27.855    13.518
  3966.892    27.855    13.416
  3967.093    27.855    13.416
  3967.194    27.855    13.365
  3967.294    27.804    13.365
  3967.395    27.752    13.365
  3969.814    27.752    13.365
  3969.915    27.701    13.365
  3970.015    27.701    13.416
  3970.117    27.649    13.466
  3976.674    27.649    13.466
  3976.775    27.649    13.416
  3976.876    27.649    13.416
  3976.976    27.649    13.365
  3977.378    27.649    13.365
  3977.479    27.649    13.314
  3977.581    27.598    13.314
  3977.680    27.546    13.263
  3984.935    27.546    13.263
  3985.038    27.598    13.213
  4012.046    27.598    13.213
  4012.148    27.495    13.213
  4012.249    27.443    13.213
  4014.971    27.443    13.213
  4015.072    27.443    13.263
  4015.173    27.391    13.263
  4016.480    27.391    13.263
  4016.581    27.288    13.416
  4017.084    27.288    13.416
  4017.185    27.340    13.416
  4017.289    27.391    13.416
  4020.814    27.391    13.416
  4020.914    27.391    13.365
  4021.215    27.391    13.365
  4021.317    27.443    13.365
  4021.418    27.546    13.365
  4021.518    27.598    13.365
  4021.618    27.598    13.365
  4021.718    27.598    13.314
  4021.819    27.598    13.263
  4022.020    27.598    13.263
  4022.124    27.598    13.213
  4050.044    27.598    13.213
  4050.144    27.546    13.162
  4052.257    27.546    13.162
  4052.359    27.546    13.111
  4052.559    27.546    13.111
  4052.660    27.598    13.111
  4052.761    27.649    13.111
  4053.165    27.649    13.111
  4053.265    27.701    13.111
  4053.366    27.752    13.111
  4057.819    27.752    13.111
  4057.920    27.701    13.111
  4058.020    27.701    13.111
  4058.121    27.649    13.111
  4058.324    27.649    13.111
  4058.424    27.598    13.111
  4058.525    27.546    13.111
  4062.153    27.546    13.111
  4062.254    27.546    13.060
  4062.354    27.495    13.060
  4063.262    27.495    13.060
  4063.362    27.391    13.060
  4100.648    27.391    13.060
  4100.749    27.288    13.060
  4100.849    27.133    13.162
  4100.950    27.082    13.162
  4101.050    27.030    13.162
  4103.164    27.030    13.162
  4103.264    26.721    13.111
  4103.365    26.515    13.009
  4103.465    26.463    13.009
  4103.565    26.411    12.958
  4103.666    26.308    12.806
  4103.767    26.256    12.704
  4103.868    26.256    12.603
  4103.968    26.256    12.552
  4104.069    26.256    12.501
  4104.170    26.256    12.501
  4104.270    26.205    12.501
  4105.178    26.205    12.501
  4105.278    26.153    12.501
  4105.380    26.153    12.501
  4105.480    26.102    12.501
  4107.092    26.102    12.501
  4107.194    25.947    12.501
  4107.295    25.792    12.501
  4107.394    25.741    12.501
  4107.495    25.689    12.450
  4107.595    25.535    12.298
  4107.696    25.483    12.196
  4107.796    25.483    12.145
  4107.898    25.431    12.095
  4107.998    25.379    12.044
  4112.630    25.379    12.044
  4112.729    25.483    12.044
  4112.830    25.535    12.044
  4112.931    25.689    12.095
  4113.033    25.792    12.247
  4113.132    25.792    12.450
  4113.233    25.792    12.501
  4113.335    25.844    12.603
  4113.435    25.844    12.653
  4113.536    25.844    12.704
  4115.550    25.844    12.704
  4115.651    25.947    12.653
  4115.753    25.999    12.653
  4115.854    26.050    12.653
  4120.197    26.050    12.653
  4120.297    26.102    12.653
  4120.399    26.102    12.653
  4120.500    26.153    12.653
  4120.600    26.153    12.653
  4120.701    26.205    12.653
  4121.104    26.205    12.653
  4121.205    26.308    12.653
  4121.304    26.359    12.653
  4126.437    26.359    12.653
  4126.538    26.359    12.603
  4126.645    26.463    12.603
  4126.747    26.566    12.603
  4126.847    26.618    12.603
  4126.947    26.669    12.603
  4127.149    26.669    12.603
  4127.250    26.721    12.603
  4127.450    26.721    12.603
  4127.550    26.772    12.603
  4127.652    26.875    12.603
  4127.752    26.927    12.603
  4128.054    26.927    12.603
  4128.155    26.979    12.653
  4128.256    27.030    12.653
  4128.356    27.030    12.704
  4128.456    27.030    12.755
  4128.557    27.030    12.806
  4128.657    27.030    12.806
  4128.758    27.030    12.857
  4128.859    27.030    12.908
  4128.960    27.082    12.908
  4129.060    27.185    12.908
  4129.562    27.185    12.908
  4129.664    27.185    12.958
  4129.763    27.237    13.009
  4129.865    27.288    13.009
  4129.967    27.340    13.009
  4130.070    27.391    13.111
  4130.171    27.495    13.162
  4130.271    27.546    13.263
  4130.372    27.598    13.314
  4130.874    27.598    13.314
  4130.975    27.649    13.314
  4131.076    27.649    13.314
  4131.176    27.701    13.314
  4131.579    27.701    13.314
  4131.679    27.752    13.314
  4131.779    27.855    13.314
  4132.084    27.855    13.314
  4132.184    27.907    13.314
  4132.285    27.959    13.365
  4132.386    28.011    13.365
  4132.485    28.062    13.416
  4132.688    28.062    13.416
  4132.788    28.114    13.416
  4133.089    28.114    13.416
  4133.190    28.165    13.416
  4133.292    28.217    13.466
  4133.391    28.268    13.466
  4133.492    28.268    13.466
  4133.592    28.268    13.518
  4133.692    28.320    13.568
  4134.095    28.320    13.568
  4134.196    28.268    13.568
  4134.297    28.217    13.670
  4134.398    28.165    13.670
  4137.532    28.165    13.670
  4137.632    28.165    13.771
  4138.035    28.165    13.771
  4138.135    28.165    13.822
  4138.236    28.165    13.822
  4138.337    28.165    13.873
  4138.538    28.165    13.873
  4138.638    28.114    13.873
  4138.738    28.114    13.975
  4143.977    28.114    13.975
  4144.079    28.114    13.924
  4144.179    28.114    13.822
  4144.279    28.114    13.822
  4144.381    28.114    13.721
  4144.481    28.114    13.619
  4144.581    28.114    13.518
  4144.684    28.114    13.466
  4144.785    28.114    13.416
  4144.886    28.114    13.365
  4145.590    28.114    13.365
  4145.692    28.114    13.314
  4145.792    28.114    13.314
  4145.892    28.062    13.314
  4145.994    28.011    13.314
  4146.093    28.011    13.263
  4146.195    27.907    13.263
  4146.296    27.855    13.263
  4146.397    27.855    13.213
  4146.497    27.855    13.162
  4146.597    27.855    13.162
  4146.698    27.855    13.111
  4147.213    27.855    13.111
  4147.313    27.907    13.111
  4147.414    27.959    13.111
  4147.514    28.011    13.111
  4147.615    28.062    13.111
  4147.715    28.062    13.060
  4147.815    28.062    13.009
  4149.328    28.062    13.009
  4149.427    28.062    12.958
  4149.528    28.165    12.958
  4150.033    28.165    12.958
  4150.133    28.165    12.857
  4150.234    28.165    12.806
  4150.334    28.165    12.755
  4150.535    28.165    12.755
  4150.635    28.165    12.704
  4152.046    28.165    12.704
  4152.146    28.217    12.704
  4153.253    28.217    12.704
  4153.353    28.268    12.755
  4153.454    28.268    12.857
  4157.077    28.268    12.857
  4157.177    28.320    12.755
  4157.287    28.320    12.755
  4157.387    28.371    12.755
  4157.490    28.423    12.755
  4157.589    28.423    12.755
  4157.692    28.475    12.755
  4158.297    28.475    12.755
  4158.399    28.526    12.755
  4158.499    28.578    12.755
  4158.600    28.578    12.806
  4158.700    28.578    12.857
  4158.801    28.578    12.908
  4159.808    28.578    12.908
  4159.910    28.526    12.958
  4160.111    28.526    12.958
  4160.211    28.475    12.958
  4160.512    28.475    12.958
  4160.613    28.371    12.958
  4160.715    28.268    12.958
  4160.814    28.217    12.958
  4162.729    28.217    12.958
  4162.831    28.165    12.958
  4162.931    28.114    12.958
  4163.031    28.062    12.958
  4171.095    28.062    12.958
  4171.196    28.062    12.908
  4171.498    28.062    12.908
  4171.598    28.062    12.857
  4171.699    28.062    12.857
  4171.799    28.062    12.806
  4171.900    28.062    12.806
  4172.002    28.062    12.755
  4172.102    28.062    12.755
  4172.204    28.011    12.653
  4172.304    27.959    12.653
  4172.806    27.959    12.653
  4172.907    27.907    12.603
  4179.755    27.907    12.603
  4179.855    27.907    12.501
  4179.957    28.011    12.298
  4180.056    28.011    12.247
  4180.158    28.011    12.196
  4180.258    28.062    12.095
  4180.358    28.114    11.993
  4180.459    28.165    11.942
  4181.063    28.165    11.942
  4181.166    28.217    11.942
  4186.402    28.217    11.942
  4186.503    28.217    11.993
  4186.603    28.217    12.044
  4186.704    28.217    12.095
  4189.232    28.217    12.095
  4189.334    28.217    12.145
  4189.536    28.217    12.145
  4189.636    28.217    12.196
  4189.738    28.217    12.196
  4189.839    28.165    12.247
  4189.939    28.114    12.298
  4190.040    28.062    12.298
  4190.140    28.011    12.298
  4190.241    27.959    12.349
  4190.340    27.907    12.349
  4190.441    27.907    12.349
  4190.542    27.855    12.349
  4190.642    27.804    12.349
  4190.744    27.804    12.349
  4190.844    27.701    12.349
  4191.549    27.701    12.349
  4191.651    27.701    12.298
  4193.966    27.701    12.298
  4194.066    27.752    12.298
  4194.167    27.804    12.298
  4194.267    27.804    12.349
  4194.369    27.804    12.349
  4194.467    27.855    12.349
  4194.568    27.855    12.349
  4194.670    27.907    12.349
  4194.770    27.959    12.349
  4194.970    27.959    12.349
  4195.072    28.011    12.349
  4195.173    28.062    12.349
  4195.273    28.114    12.349
  4196.783    28.114    12.349
  4196.884    28.165    12.400
  4203.242    28.165    12.400
  4203.343    28.114    12.400
  4203.745    28.114    12.400
  4203.845    28.062    12.400
  4206.060    28.062    12.400
  4206.163    28.011    12.450
  4206.263    28.011    12.501
  4206.364    27.959    12.552
  4211.714    27.959    12.552
  4211.814    27.907    12.552
  4211.915    27.855    12.552
  4212.015    27.752    12.552
  4215.039    27.752    12.552
  4215.138    27.701    12.552
  4215.239    27.649    12.552
  4215.341    27.649    12.552
  4215.442    27.546    12.552
  4215.543    27.237    12.552
  4217.154    27.237    12.552
  4217.255    27.237    12.603
  4217.357    27.288    12.603
  4217.457    27.340    12.603
  4217.558    27.391    12.603
  4217.659    27.391    12.603
  4217.759    27.443    12.603
  4217.860    27.443    12.603
  4217.962    27.443    12.501
  4218.061    27.443    12.450
  4218.162    27.443    12.349
  4223.907    27.443    12.349
  4224.008    27.340    12.349
  4224.309    27.340    12.349
  4224.410    27.340    12.400
  4224.510    27.340    12.450
  4227.934    27.340    12.450
  4228.037    27.340    12.400
  4228.136    27.340    12.298
  4228.246    27.340    12.247
  4228.346    27.340    12.196
  4228.447    27.443    12.196
  4228.549    27.546    12.196
  4228.648    27.598    12.145
  4228.750    27.649    12.145
  4228.851    27.701    12.145
  4229.153    27.701    12.145
  4229.254    27.804    12.145
  4229.353    27.907    12.145
  4229.454    28.062    12.196
  4229.554    28.268    12.247
  4229.655    28.371    12.247
  4229.757    28.475    12.247
  4229.857    28.681    12.247
  4229.957    28.784    12.247
  4230.159    28.784    12.247
  4230.259    28.835    12.247
  4230.360    28.887    12.247
  4230.461    28.939    12.247
  4231.269    28.939    12.247
  4231.370    28.887    12.349
  4231.469    28.835    12.450
  4231.772    28.835    12.450
  4231.872    28.939    12.450
  4231.973    29.094    12.450
  4232.175    29.094    12.450
  4232.276    29.042    12.450
  4232.375    28.991    12.450
  4233.989    28.991    12.450
  4234.089    28.887    12.450
  4234.189    28.887    12.450
  4234.290    28.835    12.450
  4234.491    28.835    12.450
  4234.592    28.835    12.501
  4234.793    28.835    12.501
  4234.893    28.835    12.552
  4234.994    28.835    12.552
  4235.094    28.732    12.603
  4235.195    28.578    12.755
  4237.108    28.578    12.755
  4237.209    28.526    12.704
  4237.309    28.526    12.603
  4237.411    28.423    12.603
  4237.510    28.371    12.603
  4237.611    28.320    12.552
  4239.934    28.320    12.552
  4240.035    28.423    12.603
  4240.136    28.629    12.653
  4240.237    28.784    12.653
  4240.538    28.784    12.653
  4240.638    28.784    12.704
  4240.739    28.732    12.806
  4240.840    28.732    12.806
  4240.940    28.681    12.806
  4250.126    28.681    12.806
  4250.225    28.629    12.857
  4250.328    28.475    12.857
  4258.892    28.475    12.857
  4258.992    28.423    12.908
  4259.093    28.371    12.908
  4259.697    28.371    12.908
  4259.797    28.371    12.958
  4270.882    28.371    12.958
  4270.983    28.371    13.009
  4271.890    28.371    13.009
  4271.991    28.423    12.958
  4272.092    28.475    12.908
  4272.193    28.526    12.908
  4273.703    28.526    12.908
  4273.803    28.578    12.908
  4273.904    28.629    12.908
  4274.809    28.629    12.908
  4274.910    28.629    12.958
  4275.011    28.681    12.958
  4275.112    28.732    12.958
  4275.213    28.784    12.958
  4276.623    28.784    12.958
  4276.723    28.784    12.908
  4277.025    28.784    12.908
  4277.126    28.784    12.857
  4279.047    28.784    12.857
  4279.147    28.732    12.857
  4279.248    28.681    12.857
  4282.985    28.681    12.857
  4283.086    28.629    12.908
  4310.602    28.629    12.908
  4310.703    28.629    13.009
  4310.803    28.629    13.060
  4310.905    28.629    13.060
  4311.009    28.629    13.111
  4311.110    28.578    13.162
  4311.411    28.578    13.162
  4311.511    28.475    13.162
  4344.348    28.475    13.162
  4344.449    28.371    13.111
  4344.550    28.320    13.060
  4344.650    28.320    13.009
  4344.751    28.320    13.009
  4344.851    28.268    12.908
  4344.953    28.217    12.908
  4345.054    28.165    12.908
  4345.153    28.062    12.908
  4345.255    28.011    12.908
  4345.354    28.011    12.908
  4345.455    27.959    12.908
  4345.857    27.959    12.908
  4345.958    27.907    12.908
  4346.058    27.907    12.908
  4346.159    27.855    12.908
  4346.260    27.804    12.908
  4346.361    27.752    12.908
  4346.463    27.752    12.908
  4346.563    27.701    12.908
  4346.864    27.701    12.908
  4346.965    27.649    12.908
  4347.065    27.649    12.908
  4347.166    27.598    12.908
  4348.173    27.598    12.908
  4348.273    27.546    12.908
  4350.999    27.546    12.908
  4351.098    27.546    12.857
  4351.200    27.546    12.806
  4351.301    27.598    12.755
  4351.400    27.701    12.704
  4351.502    27.855    12.603
  4352.607    27.855    12.603
  4352.709    27.855    12.552
  4353.013    27.855    12.552
  4353.113    27.804    12.552
  4353.214    27.804    12.552
  4353.314    27.752    12.552
  4354.120    27.752    12.552
  4354.220    27.804    12.501
  4354.321    27.855    12.501
  4354.521    27.855    12.501
  4354.623    27.907    12.501
  4354.722    27.959    12.501
  4354.823    28.062    12.552
  4354.927    28.062    12.552
  4355.027    28.062    12.603
  4357.947    28.062    12.603
  4358.048    28.114    12.603
  4358.148    28.114    12.603
  4358.249    28.165    12.603
  4359.758    28.165    12.603
  4359.859    28.217    12.603
  4359.960    28.217    12.552
  4360.060    28.217    12.501
  4360.161    28.217    12.450
  4360.262    28.217    12.400
  4362.387    28.217    12.400
  4362.486    28.320    12.400
  4362.588    28.371    12.400
  4362.691    28.475    12.400
  4362.791    28.526    12.400
  4362.892    28.578    12.400
  4362.993    28.578    12.400
  4363.094    28.629    12.400
  4363.395    28.629    12.400
  4363.495    28.681    12.450
  4363.596    28.681    12.501
  4363.697    28.629    12.603
  4364.502    28.629    12.603
  4364.602    28.629    12.552
  4364.703    28.629    12.552
  4364.804    28.629    12.501
  4365.309    28.629    12.501
  4365.410    28.629    12.603
  4365.510    28.629    12.603
  4365.612    28.629    12.653
  4365.713    28.526    12.704
  4365.813    28.526    12.806
  4365.915    28.475    12.857
  4366.014    28.423    12.958
  4366.116    28.320    13.009
  4366.216    28.268    13.060
  4366.317    28.217    13.111
  4367.124    28.217    13.111
  4367.224    28.165    13.162
  4367.324    28.062    13.213
  4367.427    28.011    13.263
  4367.525    27.959    13.263
  4367.627    27.804    13.365
  4367.727    27.701    13.416
  4367.827    27.649    13.416
  4367.929    27.649    13.416
  4368.029    27.546    13.518
  4368.130    27.443    13.619
  4368.230    27.340    13.670
  4368.331    27.237    13.721
  4368.431    27.082    13.822
  4368.532    26.979    13.975
  4368.633    26.875    14.026
  4368.733    26.824    14.127
  4368.834    26.721    14.229
  4368.934    26.669    14.229
  4369.538    26.669    14.229
  4369.638    26.463    14.331
  4369.740    26.359    14.432
  4369.840    26.308    14.584
  4369.941    26.256    14.686
  4370.043    26.153    14.889
  4370.143    26.102    14.889
  4370.245    26.050    14.991
  4370.346    25.999    15.093
  4370.445    25.947    15.144
  4370.546    25.895    15.245
  4370.646    25.895    15.296
  4370.747    25.844    15.296
  4370.848    25.844    15.347
  4370.949    25.741    15.449
  4371.050    25.741    15.499
  4371.150    25.689    15.652
  4371.252    25.638    15.702
  4371.654    25.638    15.702
  4371.754    25.689    15.702
  4371.854    25.689    15.753
  4372.973    25.689    15.753
  4373.075    25.689    15.957
  4373.176    25.689    16.058
  4373.275    25.689    16.160
  4373.376    25.689    16.211
  4373.476    25.689    16.363
  4373.576    25.689    16.465
  4373.677    25.586    16.617
  4373.779    25.483    16.820
  4373.879    25.379    16.973
  4373.980    25.328    17.075
  4374.081    25.276    17.176
  4374.181    25.276    17.278
  4374.281    25.276    17.380
  4374.382    25.276    17.430
  4374.482    25.276    17.583
  4374.583    25.225    17.583
  4374.683    25.225    17.735
  4374.785    25.225    17.837
  4374.888    25.225    18.040
  4374.987    25.225    18.193
  4375.089    25.225    18.446
  4375.189    25.225    18.498
  4375.289    25.225    18.548
  4375.389    25.225    18.599
  4375.491    25.225    18.701
  4375.591    25.276    18.904
  4375.691    25.276    19.107
  4375.792    25.276    19.209
  4375.893    25.276    19.412
  4375.994    25.328    19.666
  4376.094    25.328    19.768
  4376.195    25.483    19.869
  4376.295    25.638    19.920
  4376.395    25.741    19.971
  4376.496    25.792    20.073
  4376.596    25.844    20.225
  4376.697    25.844    20.327
  4376.798    25.844    20.479
  4376.898    25.844    20.632
  4376.999    25.895    20.784
  4377.100    25.895    20.835
  4377.201    25.947    20.835
  4377.302    25.999    20.835
  4377.402    26.050    21.038
  4377.503    26.050    21.191
  4377.603    26.050    21.292
  4377.705    26.050    21.343
  4377.804    26.153    21.394
  4377.905    26.308    21.445
  4378.006    26.308    21.445
  4378.106    26.359    21.546
  4378.208    26.463    21.750
  4378.307    26.515    21.902
  4378.408    26.515    21.902
  4378.510    26.669    21.902
  4379.013    26.669    21.902
  4379.113    26.721    21.902
  4379.214    26.772    21.953
  4379.315    26.875    22.156
  4379.415    26.875    22.308
  4379.515    26.927    22.360
  4379.617    27.030    22.461
  4379.717    27.133    22.461
  4379.818    27.237    22.512
  4379.918    27.288    22.563
  4380.019    27.391    22.664
  4380.122    27.443    22.766
  4380.222    27.495    22.817
  4380.324    27.546    22.868
  4380.424    27.598    22.918
  4380.524    27.649    23.020
  4380.625    27.649    23.122
  4380.826    27.649    23.122
  4380.927    27.752    23.173
  4381.027    27.907    23.173
  4381.128    27.959    23.223
  4381.228    28.062    23.223
  4381.329    28.165    23.274
  4381.430    28.320    23.325
  4381.530    28.423    23.426
  4381.631    28.475    23.426
  4381.731    28.526    23.426
  4381.832    28.578    23.426
  4381.933    28.681    23.426
  4382.035    28.784    23.426
  4382.949    28.784    23.426
  4383.052    28.784    23.528
  4383.152    28.784    23.630
  4383.253    28.784    23.731
  4383.352    28.887    23.833
  4383.454    28.991    23.935
  4383.554    29.042    24.036
  4383.654    29.094    24.189
  4383.755    29.197    24.239
  4383.855    29.300    24.291
  4383.956    29.403    24.291
  4384.057    29.506    24.341
  4384.158    29.609    24.494
  4384.259    29.609    24.595
  4384.359    29.661    24.748
  4384.460    29.661    24.849
  4384.560    29.713    24.900
  4384.661    29.868    24.951
  4384.763    29.919    24.951
  4384.863    29.971    25.053
  4384.964    29.971    25.104
  4385.064    30.022    25.104
  4385.267    30.022    25.104
  4385.367    30.125    25.104
  4385.469    30.177    25.104
  4385.569    30.280    25.256
  4385.670    30.331    25.409
  4385.769    30.487    25.459
  4385.870    30.590    25.459
  4389.795    30.590    25.459
  4389.896    30.487    25.357
  4389.998    30.487    25.357
  4390.098    30.383    25.307
  4390.402    30.383    25.307
  4390.501    30.383    25.256
  4390.602    30.383    25.205
  4390.703    30.383    25.205
  4390.805    30.383    25.104
  4390.905    30.331    25.053
  4391.006    30.331    25.002
  4391.105    30.280    24.951
  4391.207    30.228    24.900
  4391.307    30.177    24.849
  4391.409    30.177    24.849
  4391.508    30.177    24.799
  4394.834    30.177    24.799
  4394.934    29.971    24.849
  4396.343    29.971    24.849
  4396.443    29.816    24.849
  4396.544    29.713    24.849
  4396.647    29.661    24.849
  4396.748    29.609    24.849
  4396.848    29.558    24.849
  4396.950    29.506    24.849
  4397.050    29.455    24.799
  4397.150    29.455    24.697
  4397.251    29.455    24.646
  4397.553    29.455    24.646
  4397.653    29.455    24.595
  4397.754    29.455    24.544
  4397.854    29.455    24.494
  4397.955    29.455    24.494
  4398.055    29.455    24.392
  4398.156    29.403    24.392
  4398.257    29.351    24.341
  4398.358    29.351    24.291
  4398.459    29.351    24.291
  4398.557    29.351    24.239
  4398.659    29.300    24.189
  4398.761    29.300    24.087
  4398.861    29.248    23.986
  4398.962    29.248    23.935
  4399.062    29.300    23.884
  4399.165    29.300    23.833
  4399.265    29.300    23.731
  4399.366    29.300    23.630
  4399.468    29.300    23.528
  4399.568    29.300    23.376
  4399.669    29.300    23.325
  4399.770    29.300    23.274
  4399.870    29.300    23.223
  4399.971    29.300    23.223
  4400.071    29.300    23.173
  4400.172    29.300    23.071
  4400.272    29.300    23.071
  4400.375    29.300    23.020
  4400.475    29.300    23.020
  4400.575    29.300    22.969
  4400.688    29.300    22.969
  4400.789    29.300    22.918
  4400.889    29.300    22.918
  4400.991    29.300    22.868
  4401.091    29.248    22.766
  4401.191    29.197    22.563
  4401.292    28.991    22.360
  4401.392    28.835    22.055
  4401.493    28.681    21.800
  4401.594    28.578    21.445
  4401.694    28.578    21.191
  4401.796    28.578    20.937
  4401.895    28.578    20.733
  4401.996    28.578    20.429
  4402.097    28.578    20.174
  4402.197    28.578    19.971
  4402.298    28.578    19.869
  4402.398    28.578    19.666
  4402.499    28.578    19.463
  4402.600    28.578    19.311
  4402.701    28.578    19.260
  4402.802    28.578    19.209
  4402.901    28.578    19.158
  4403.002    28.578    19.056
  4403.811    28.578    19.056
  4403.912    28.578    19.107
  4404.013    28.526    19.158
  4404.113    28.526    19.209
  4404.215    28.526    19.260
  4404.616    28.526    19.260
  4404.718    28.475    19.209
  4404.818    28.268    19.158
  4404.919    28.217    19.158
  4405.018    28.165    19.056
  4405.143    28.062    18.955
  4405.220    28.011    18.853
  4405.319    28.011    18.751
  4405.420    27.959    18.701
  4405.521    27.907    18.599
  4405.622    27.804    18.548
  4405.723    27.701    18.446
  4405.824    27.649    18.345
  4405.927    27.546    18.193
  4406.027    27.391    18.193
  4406.128    27.288    18.142
  4406.229    27.237    18.091
  4406.329    27.133    18.040
  4406.430    26.927    18.040
  4407.235    26.927    18.040
  4407.335    26.772    18.040
  4408.144    26.772    18.040
  4408.244    26.618    17.837
  4408.345    26.618    17.735
  4408.445    26.618    17.735
  4408.546    26.618    17.684
  4408.646    26.618    17.532
  4408.748    26.669    17.430
  4408.847    26.669    17.329
  4408.949    26.772    17.227
  4409.050    26.772    17.125
  4409.150    26.772    16.973
  4409.251    26.772    16.770
  4409.350    26.772    16.617
  4409.451    26.772    16.465
  4409.552    26.772    16.363
  4409.652    26.772    16.312
  4409.753    26.772    16.211
  4409.853    26.772    16.058
  4409.954    26.772    15.906
  4410.056    26.772    15.855
  4410.155    26.772    15.753
  4410.258    26.772    15.601
  4410.357    26.772    15.449
  4410.458    26.772    15.296
  4410.558    26.772    15.245
  4410.659    26.875    15.194
  4410.763    26.875    15.144
  4410.864    26.927    15.093
  4410.965    26.927    14.940
  4411.065    26.927    14.788
  4411.166    26.927    14.737
  4411.265    26.927    14.686
  4411.366    26.927    14.636
  4411.467    26.927    14.584
  4411.668    26.927    14.584
  4411.768    26.979    14.584
  4411.870    27.030    14.584
  4413.391    27.030    14.584
  4413.492    27.082    14.584
  4413.593    27.185    14.584
  4413.693    27.288    14.584
  4413.795    27.288    14.686
  4413.895    27.340    14.788
  4413.996    27.340    14.889
  4414.097    27.340    14.940
  4414.201    27.340    14.991
  4414.402    27.340    14.991
  4414.503    27.340    15.042
  4416.517    27.340    15.042
  4416.619    27.391    15.093
  4419.335    27.391    15.093
  4419.437    27.391    15.042
  4423.881    27.391    15.042
  4423.981    27.391    14.889
  4424.384    27.391    14.889
  4424.486    27.391    14.839
  4425.190    27.391    14.839
  4425.292    27.340    14.839
  4425.391    27.288    14.839
  4425.492    27.288    14.839
  4425.592    27.237    14.839
  4425.894    27.237    14.839
  4425.995    27.185    14.737
  4426.096    27.185    14.686
  4426.196    27.185    14.584
  4426.498    27.185    14.584
  4426.598    27.082    14.534
  4426.699    26.979    14.534
  4426.800    26.979    14.534
  4426.900    26.927    14.534
  4427.102    26.927    14.534
  4427.205    26.875    14.534
  4427.305    26.875    14.534
  4427.405    26.772    14.534
  4427.707    26.772    14.534
  4427.807    26.772    14.483
  4427.908    26.772    14.483
  4428.009    26.721    14.483
  4428.713    26.721    14.483
  4428.813    26.772    14.483
  4428.914    26.824    14.483
  4429.015    26.875    14.483
  4431.731    26.875    14.483
  4431.832    26.927    14.483
  4431.932    26.927    14.483
  4432.034    26.979    14.483
  4432.135    26.979    14.483
  4432.246    27.030    14.483
  4433.155    27.030    14.483
  4433.256    27.082    14.483
  4433.355    27.133    14.483
  4435.072    27.133    14.483
  4435.173    27.133    14.432
  4435.273    27.133    14.381
  4435.374    27.133    14.331
  4435.473    27.133    14.229
  4435.574    27.133    14.178
  4437.892    27.133    14.178
  4437.993    27.082    14.178
  4438.095    27.030    14.178
  4438.195    26.979    14.178
  4440.210    26.979    14.178
  4440.311    26.927    14.178
  4442.135    26.927    14.178
  4442.234    26.927    14.229
  4442.335    26.927    14.280
  4442.435    26.875    14.280
  4448.494    26.875    14.280
  4448.594    26.875    14.331
  4448.694    26.875    14.381
  4448.798    26.824    14.381
  4448.898    26.824    14.432
  4450.712    26.824    14.432
  4450.812    26.824    14.483
  4450.913    26.824    14.534
  4451.015    26.824    14.534
  4451.115    26.824    14.584
  4451.315    26.824    14.584
  4451.416    26.824    14.636
  4451.516    26.824    14.636
  4451.618    26.875    14.636
  4451.718    26.875    14.636
  4451.819    26.927    14.636
  4451.920    26.927    14.636
  4452.019    26.927    14.686
  4467.864    26.927    14.686
  4467.964    26.927    14.788
  4468.065    26.927    14.839
  4468.165    26.979    14.839
  4468.266    27.030    14.839
  4468.367    27.030    14.889
  4468.467    27.082    14.889
  4468.569    27.082    14.940
  4468.669    27.133    14.991
  4494.661    27.133    14.991
  4494.761    27.185    14.991
  4496.169    27.185    14.991
  4496.270    27.237    14.991
  4586.033    27.237    14.991
  4586.133    27.133    15.042
  4586.233    26.927    15.194
  4586.334    26.875    15.245
  4586.635    26.875    15.245
  4586.736    26.927    15.245
  4586.836    26.979    15.245
  4586.938    27.030    15.245
  4587.240    27.030    15.245
  4587.340    27.082    15.245
  4587.441    27.133    15.245
  4608.306    27.133    15.245
  4608.406    27.133    15.093
  4739.087    27.133    15.093
  4739.190    27.133    14.991
  4739.391    27.133    14.991
  4739.491    27.133    14.940
  4739.591    27.185    14.940
  4742.917    27.185    14.940
  4743.019    27.443    14.839
  4743.120    27.495    14.737
  4743.221    27.495    14.686
  4743.321    27.495    14.636
  4743.422    27.495    14.584
  4743.522    27.495    14.584
  4743.623    27.495    14.534
  4743.925    27.495    14.534
  4744.050    27.443    14.534
  4744.127    27.391    14.534
  4744.228    27.288    14.483
  4744.329    27.237    14.483
  4744.429    27.185    14.483
  4746.153    27.185    14.483
  4746.253    27.237    14.483
  4746.354    27.288    14.483
  4746.455    27.288    14.483
  4746.555    27.340    14.483
  4747.766    27.340    14.483
  4747.866    27.340    14.381
  4747.966    27.340    14.331
  4748.068    27.340    14.280
  4748.169    27.391    14.280
  4748.271    27.391    14.280
  4748.372    27.443    14.280
  4748.573    27.443    14.280
  4748.673    27.495    14.280
  4750.184    27.495    14.280
  4750.287    27.546    14.280
  4750.387    27.598    14.280
  4750.488    27.598    14.280
  4750.588    27.649    14.280
  4750.688    27.701    14.280
  4751.393    27.701    14.280
  4751.494    27.701    14.229
  4751.695    27.701    14.229
  4751.795    27.701    14.178
  4751.897    27.701    14.127
  4752.001    27.701    14.127
  4752.100    27.804    14.127
  4752.201    27.855    14.127
  4752.302    27.907    14.127
  4752.404    27.959    14.127
  4752.504    27.959    14.076
  4752.605    27.959    14.076
  4752.705    28.011    14.026
  4752.805    28.011    13.975
  4753.108    28.011    13.975
  4753.210    28.011    13.924
  4753.311    28.011    13.873
  4753.412    28.011    13.873
  4753.523    28.011    13.822
  4754.026    28.011    13.822
  4754.128    28.062    13.822
  4754.230    28.062    13.822
  4754.331    28.062    13.771
  4754.431    28.062    13.771
  4754.532    28.062    13.670
  4754.631    28.062    13.619
  4755.036    28.062    13.619
  4755.136    28.062    13.568
  4755.942    28.062    13.568
  4756.042    28.062    13.518
  4756.144    28.062    13.466
  4756.245    28.062    13.416
  4756.647    28.062    13.416
  4756.747    28.011    13.416
  4756.847    28.011    13.416
  4756.949    27.907    13.416
  4757.049    27.907    13.365
  4757.150    27.907    13.314
  4757.251    27.907    13.263
  4757.552    27.907    13.263
  4757.652    27.855    13.213
  4757.752    27.804    13.111
  4757.853    27.752    13.111
  4757.954    27.752    13.060
  4758.361    27.752    13.060
  4758.460    27.701    13.060
  4758.561    27.598    13.060
  4758.761    27.598    13.060
  4758.863    27.546    13.009
  4758.963    27.340    12.958
  4759.064    27.185    12.908
  4759.165    27.133    12.908
  4759.670    27.133    12.908
  4759.771    27.082    12.908
  4759.871    27.030    12.908
  4761.084    27.030    12.908
  4761.184    26.927    12.908
  4761.286    26.824    12.908
  4761.789    26.824    12.908
  4761.889    26.824    12.857
  4761.990    26.824    12.857
  4762.090    26.824    12.806
  4762.696    26.824    12.806
  4762.795    26.875    12.806
  4762.897    26.979    12.704
  4762.997    27.082    12.603
  4763.097    27.133    12.552
  4763.199    27.185    12.552
  4764.310    27.185    12.552
  4764.411    27.237    12.552
  4764.511    27.237    12.552
  4764.613    27.288    12.552
  4764.712    27.288    12.501
  4765.520    27.288    12.501
  4765.621    27.391    12.450
  4765.721    27.443    12.400
  4765.822    27.495    12.349
  4766.327    27.495    12.349
  4766.428    27.546    12.349
  4766.528    27.598    12.349
  4767.636    27.598    12.349
  4767.737    27.649    12.552
  4767.836    27.701    12.603
  4767.938    27.804    12.603
  4768.040    27.855    12.603
  4768.140    27.907    12.603
  4768.241    27.907    12.603
  4768.341    27.907    12.704
  4768.644    27.907    12.704
  4768.744    27.855    12.704
  4768.845    27.804    12.755
  4768.947    27.649    12.806
  4769.047    27.598    12.806
  4769.148    27.495    12.908
  4769.953    27.495    12.908
  4770.053    27.598    12.806
  4770.155    27.598    12.704
  4770.657    27.598    12.704
  4770.761    27.649    12.704
  4770.861    27.701    12.704
  4770.962    27.804    12.704
  4771.364    27.804    12.704
  4771.465    27.649    12.704
  4771.566    27.546    12.704
  4771.666    27.340    12.704
  4771.767    27.288    12.704
  4771.868    27.237    12.653
  4771.969    27.237    12.501
  4773.888    27.237    12.501
  4773.990    27.288    12.450
  4774.090    27.391    12.450
  4774.392    27.391    12.450
  4774.493    27.443    12.450
  4774.693    27.443    12.450
  4774.794    27.443    12.349
  4799.693    27.443    12.349
  4799.793    27.340    12.349
  4799.894    27.340    12.349
  4799.996    27.288    12.349
  4800.096    27.288    12.349
  4800.197    27.237    12.349
  4805.749    27.237    12.349
  4805.848    27.288    12.349
  4805.950    27.340    12.349
  4806.151    27.340    12.349
  4806.253    27.495    12.349
  4806.353    27.546    12.349
  4806.454    27.598    12.501
  4806.554    27.598    12.653
  4806.654    27.598    12.704
  4811.693    27.598    12.704
  4811.802    27.598    12.653
  4811.903    27.598    12.603
  4814.419    27.598    12.603
  4814.521    27.649    12.603
  4814.622    27.701    12.603
  4818.347    27.701    12.603
  4818.447    27.701    12.704
  4819.454    27.701    12.704
  4819.555    27.649    12.704
  4819.656    27.598    12.704
  4819.756    27.546    12.755
  4828.719    27.546    12.755
  4828.821    27.598    12.755
  4828.921    27.649    12.755
  4833.256    27.649    12.755
  4833.364    27.649    12.806
  4833.463    27.649    12.857
  4833.564    27.649    12.857
  4833.666    27.649    12.908
  4833.766    27.649    12.908
  4833.867    27.649    13.009
  4851.333    27.649    13.009
  4851.434    27.701    13.009
  4997.788    27.701    13.009
  4997.890    27.855    13.009
  4997.991    28.268    13.009
  4998.193    28.268    13.009
  4998.293    28.320    13.009
  4998.395    28.371    13.060
  4998.898    28.371    13.060
  4999.000    28.371    13.111
  4999.101    28.371    13.162
  4999.202    28.371    13.213
  4999.304    28.371    13.213
  4999.405    28.371    13.263
  4999.505    28.371    13.263
  4999.606    28.371    13.314
  4999.706    28.371    13.314
  4999.808    28.371    13.365
  5000.110    28.371    13.365
  5000.209    28.371    13.416
  5000.310    28.371    13.416
  5000.410    28.371    13.466
  5001.116    28.371    13.466
  5001.215    28.320    13.518
  5001.317    28.320    13.619
  5023.874    28.320    13.619
  5023.975    28.320    13.670
  5029.008    28.320    13.670
  5029.109    28.320    13.721
  5029.209    28.371    13.721
  5029.311    28.423    13.771
  5029.411    28.423    13.822
  5029.512    28.475    13.873
  5029.612    28.526    13.924
  5029.713    28.578    13.924
  5029.813    28.629    13.975
  5029.913    28.681    13.975
  5030.215    28.681    13.975
  5030.317    28.732    13.975
  5032.938    28.732    13.975
  5033.040    28.784    13.975
  5033.141    28.835    14.026
  5033.845    28.835    14.026
  5033.947    28.835    14.076
  5039.287    28.835    14.076
  5039.388    28.887    14.076
  5039.489    28.939    14.076
  5039.691    28.939    14.076
  5039.789    28.991    14.076
  5039.891    29.042    14.076
  5039.992    29.197    14.076
  5041.199    29.197    14.076
  5041.300    29.300    14.076
  5041.401    29.455    14.076
  5041.604    29.455    14.076
  5041.703    29.506    14.076
  5041.804    29.506    14.178
  5041.905    29.558    14.178
  5042.005    29.558    14.229
  5042.409    29.558    14.229
  5042.511    29.661    14.229
  5042.611    29.713    14.229
  5044.536    29.713    14.229
  5044.636    29.868    14.229
  5044.938    29.868    14.229
  5045.038    29.868    14.280
  5046.747    29.868    14.280
  5046.848    29.919    14.331
  5047.250    29.919    14.331
  5047.352    29.971    14.331
  5047.754    29.971    14.331
  5047.855    30.125    14.331
  5047.956    30.177    14.331
  5048.361    30.177    14.331
  5048.461    30.228    14.331
  5048.563    30.280    14.331
  5048.966    30.280    14.331
  5049.067    30.435    14.331
  5049.173    30.538    14.331
  5049.777    30.538    14.331
  5049.875    30.590    14.331
  5050.078    30.590    14.331
  5050.179    30.590    14.280
  5050.280    30.590    14.229
  5050.787    30.590    14.229
  5050.887    30.641    14.229
  5050.988    30.641    14.229
  5051.088    30.693    14.229
  5052.094    30.693    14.229
  5052.197    30.744    14.229
  5052.297    30.848    14.280
  5052.399    30.951    14.331
  5052.701    30.951    14.331
  5052.801    31.002    14.331
  5052.902    31.157    14.280
  5053.002    31.157    14.280
  5053.103    31.260    14.280
  5053.203    31.364    14.280
  5053.506    31.364    14.280
  5053.606    31.311    14.229
  5054.209    31.311    14.229
  5054.310    31.311    14.127
  5054.411    31.364    14.076
  5054.512    31.467    14.026
  5072.752    31.467    14.026
  5072.853    31.415    14.026
  5074.367    31.415    14.026
  5074.467    31.364    14.026
  5074.568    31.311    14.026
  5076.683    31.311    14.026
  5076.784    31.311    13.975
  5076.884    31.311    13.975
  5076.984    31.311    13.924
  5077.288    31.311    13.924
  5077.388    31.364    13.924
  5077.690    31.364    13.924
  5077.789    31.364    13.873
  5077.890    31.364    13.873
  5077.992    31.364    13.822
  5078.696    31.364    13.822
  5078.796    31.364    13.771
  5078.897    31.364    13.771
  5078.997    31.364    13.721
  5079.198    31.364    13.721
  5079.299    31.364    13.670
  5079.501    31.364    13.670
  5079.602    31.364    13.619
  5080.003    31.364    13.619
  5080.104    31.364    13.670
  5080.209    31.364    13.822
  5080.309    31.364    13.924
  5080.510    31.364    13.924
  5080.611    31.364    13.975
  5080.711    31.364    14.026
  5080.811    31.415    14.026
  5080.912    31.415    14.026
  5081.013    31.415    14.076
  5081.718    31.415    14.076
  5081.819    31.467    14.076
  5082.020    31.467    14.076
  5082.121    31.518    14.076
  5082.222    31.570    14.076
  5082.323    31.621    14.076
  5082.423    31.776    14.076
  5082.524    31.879    14.076
  5082.624    31.931    14.026
  5082.724    31.982    14.026
  5082.849    32.034    13.975
  5082.926    32.034    13.975
  5083.026    32.137    13.924
  5083.127    32.137    13.822
  5083.228    32.240    13.822
  5083.329    32.240    13.822
  5083.430    32.292    13.822
  5083.530    32.344    13.822
  5083.830    32.344    13.822
  5083.932    32.395    13.822
  5084.033    32.447    13.822
  5084.133    32.498    13.822
  5084.235    32.498    13.822
  5084.335    32.550    13.822
  5084.538    32.550    13.822
  5084.637    32.550    13.873
  5084.738    32.498    13.924
  5084.839    32.447    13.924
  5084.940    32.395    13.924
  5085.040    32.344    13.924
  5085.342    32.344    13.924
  5085.443    32.292    13.924
  5085.544    32.240    13.924
  5085.644    32.189    13.924
  5086.248    32.189    13.924
  5086.350    32.137    13.924
  5086.451    32.085    13.924
  5086.551    32.034    13.924
  5086.652    31.982    13.924
  5086.752    31.931    13.924
  5088.160    31.931    13.924
  5088.260    31.776    14.026
  5088.362    31.673    14.076
  5089.468    31.673    14.076
  5089.570    31.673    14.026
  5089.670    31.673    14.026
  5089.771    31.673    13.975
  5089.871    31.673    13.924
  5089.971    31.673    13.873
  5092.997    31.673    13.873
  5093.098    31.673    13.822
  5093.200    31.570    13.822
  5093.301    31.518    13.822
  5093.404    31.364    13.721
  5093.504    31.311    13.721
  5094.309    31.311    13.721
  5094.410    31.364    13.721
  5094.511    31.415    13.721
  5094.612    31.467    13.721
  5095.821    31.467    13.721
  5095.921    31.467    13.822
  5096.022    31.467    13.873
  5096.121    31.467    13.873
  5096.222    31.467    13.924
  5096.325    31.518    14.026
  5096.425    31.518    14.026
  5096.526    31.673    14.026
  5096.626    31.724    14.026
  5096.727    31.724    14.026
  5096.828    31.776    14.026
  5098.036    31.776    14.026
  5098.138    31.776    14.076
  5098.239    31.776    14.127
  5098.340    31.776    14.127
  5098.441    31.776    14.178
  5104.186    31.776    14.178
  5104.287    31.828    14.178
  5104.387    31.879    14.178
  5104.487    31.931    14.178
  5113.351    31.931    14.178
  5113.453    32.085    14.178
  5114.055    32.085    14.178
  5114.156    32.137    14.229
  5114.255    32.137    14.229
  5114.358    32.189    14.229
  5114.458    32.240    14.229
  5115.265    32.240    14.229
  5115.366    32.344    14.229
  5117.279    32.344    14.229
  5117.381    32.395    14.229
  5117.482    32.447    14.229
  5120.198    32.447    14.229
