     4.022     0.464    16.312
     4.122     0.464    16.414
     4.222     0.464    16.465
    50.724     0.464    16.465
    50.825     0.619    16.007
    50.926     0.671    15.753
    51.026     0.671    15.753
    51.127     0.567    15.753
    51.226     0.567    15.753
    51.328     0.516    15.702
    51.427     0.619    15.550
    51.729     0.619    15.550
    51.831     0.722    15.550
   284.454     0.722    15.550
   284.555     0.671    15.601
   285.964     0.671    15.601
   286.064     0.671    15.702
   286.166     0.722    15.753
   286.466     0.722    15.753
   286.567     0.722    15.804
   286.668     0.722    15.855
   286.768     0.722    15.855
   286.870     0.722    15.906
   287.071     0.722    15.906
   287.172     0.722    15.957
   287.271     0.722    16.007
   287.473     0.722    16.007
   287.575     0.722    16.058
   287.776     0.722    16.058
   287.877     0.671    16.058
   288.379     0.671    16.058
   288.479     0.671    16.160
   288.580     0.671    16.262
   288.882     0.671    16.262
   288.982     0.671    16.312
   290.494     0.671    16.312
   290.593     0.671    16.363
   290.695     0.671    16.414
   293.110     0.671    16.414
   293.210     0.671    16.617
   293.311     0.671    16.770
   293.412     0.671    16.973
   293.512     0.671    17.176
   293.613     0.671    17.380
   293.713     0.671    17.481
   293.813     0.877    17.837
   293.915     1.032    18.142
   294.015     1.032    18.193
   294.316     1.032    18.193
   294.418     1.135    18.193
   294.517     1.238    18.243
   294.618     1.238    18.243
   294.719     1.290    18.396
   294.820     1.341    18.548
   294.921     1.393    18.751
   295.021     1.393    18.751
   295.123     1.444    18.751
   295.223     1.444    18.751
   295.324     1.496    18.802
   295.424     1.496    18.853
   295.525     1.496    18.904
   295.625     1.496    18.955
   295.726     1.547    19.006
   295.827     1.600    19.056
   295.926     1.651    19.056
   296.028     1.651    19.107
   296.330     1.651    19.107
   296.429     1.703    19.260
   296.530     1.703    19.361
   296.631     1.754    19.463
   296.731     1.754    19.666
   296.832     1.754    19.768
   296.933     1.754    19.768
   297.034     1.857    19.869
   297.437     1.857    19.869
   297.539     2.012    19.920
   297.639     2.012    19.920
   297.739     2.115    19.971
   297.840     2.218    20.124
   297.941     2.270    20.174
   298.042     2.270    20.327
   298.443     2.270    20.327
   298.545     2.270    20.377
   298.645     2.270    20.479
   300.255     2.270    20.479
   300.354     2.321    20.530
   300.455     2.321    20.530
   300.556     2.115    20.530
   300.656     2.012    20.530
   300.757     2.115    20.784
   300.857     2.115    20.835
   300.958     2.115    20.835
   301.059     2.270    21.140
   301.159     2.424    21.191
   301.260     2.580    21.191
   301.361     2.734    21.292
   301.461     2.837    21.292
   301.561     2.940    21.343
   301.662     3.250    21.495
   301.763     3.353    21.597
   301.863     3.405    21.597
   301.964     3.714    21.648
   302.064     3.869    21.851
   302.166     4.024    22.004
   302.266     4.179    22.105
   302.368     4.333    22.207
   302.468     4.540    22.360
   302.568     4.694    22.410
   302.669     4.694    22.410
   302.769     4.746    22.410
   302.870     5.159    22.410
   304.983     5.159    22.410
   305.085     5.159    22.360
   305.185     5.159    22.105
   305.286     5.210    22.105
   305.386     5.313    22.105
   305.486     5.416    22.156
   305.587     5.416    22.156
   305.687     5.520    22.207
   306.292     5.520    22.207
   306.392     5.571    22.360
   306.693     5.571    22.360
   306.794     5.623    22.563
   306.894     5.623    22.664
   306.995     5.571    22.766
   307.095     5.571    22.817
   307.197     5.829    23.020
   307.298     6.087    23.071
   307.500     6.087    23.071
   307.599     6.190    23.122
   307.700     6.293    23.223
   307.800     6.293    23.274
   308.103     6.293    23.274
   308.204     6.190    23.274
   308.304     6.087    23.274
   308.806     6.087    23.274
   308.908     6.190    23.376
   309.009     6.190    23.478
   309.109     6.190    23.579
   309.209     6.190    23.833
   309.310     6.242    24.087
   309.410     6.242    24.443
   309.511     6.345    24.799
   309.612     6.603    25.154
   309.712     6.861    25.357
   309.812     7.016    25.612
   309.913     7.067    25.713
   310.518     7.067    25.713
   310.619     6.912    25.713
   310.717     6.861    25.662
   311.121     6.861    25.662
   311.222     7.325    25.967
   311.322     7.325    26.475
   311.424     7.325    26.526
   311.523     7.686    26.374
   311.624     8.047    26.475
   311.724     8.254    26.577
   311.825     8.357    26.628
   311.926     8.409    26.780
   312.026     8.666    26.933
   312.127     9.028    26.933
   312.227     9.285    26.933
   312.329     9.543    26.933
   312.428     9.543    26.933
   312.529     9.646    26.933
   312.630     9.905    26.933
   312.729    10.162    26.933
   312.831    10.369    26.933
   312.932    10.626    26.933
   313.033    10.678    26.984
   313.334    10.678    26.984
   313.434    10.885    26.984
   313.535    10.936    26.984
   313.635    11.091    26.984
   314.038    11.091    26.984
   314.138    11.142    26.984
   314.439    11.142    26.984
   314.541    11.194    27.035
   314.642    11.245    27.035
   314.742    11.245    27.085
   314.842    11.245    27.085
   314.943    11.349    27.085
   315.145    11.349    27.085
   315.247    11.452    27.085
   315.346    11.504    27.085
   315.447    11.710    27.085
   315.547    11.813    27.085
   315.648    11.813    27.085
   315.749    11.916    27.136
   316.453    11.916    27.136
   316.552    12.122    27.390
   316.653    12.174    27.390
   316.755    12.174    27.390
   316.855    12.329    27.543
   316.957    12.381    27.593
   317.459    12.381    27.593
   317.559    12.793    27.593
   317.660    12.999    27.593
   317.760    12.999    27.593
   317.862    13.206    27.593
   317.962    13.361    27.644
   318.163    13.361    27.644
   318.263    13.567    27.644
   318.365    13.670    27.644
   318.565    13.670    27.644
   318.666    13.773    27.644
   318.766    13.876    27.644
   318.867    13.876    27.644
   318.967    14.031    27.644
   319.068    14.031    27.644
   319.170    14.392    27.644
   319.269    14.598    27.644
   319.370    14.650    27.644
   319.469    14.857    27.644
   319.571    15.114    27.644
   319.672    15.269    27.644
   319.973    15.269    27.644
   320.074    15.321    27.644
   320.174    15.475    27.644
   321.584    15.475    27.644
   321.683    15.734    27.644
   323.496    15.734    27.644
   323.595    15.888    27.695
   323.898    15.888    27.695
   323.999    15.940    27.695
   324.299    15.940    27.695
   324.402    15.991    27.797
   324.601    15.991    27.797
   324.703    16.249    27.848
   324.803    16.352    27.898
   324.904    16.352    28.000
   325.005    16.352    28.000
   325.105    16.404    28.000
   325.206    16.404    28.051
   325.406    16.404    28.051
   325.508    16.662    28.051
   325.809    16.662    28.051
   325.910    16.714    28.102
   326.010    16.714    28.153
   326.111    16.817    28.203
   326.212    16.817    28.254
   326.312    16.868    28.254
   326.413    16.868    28.457
   326.513    16.868    28.661
   326.614    16.971    28.864
   326.715    17.074    28.966
   326.815    17.230    29.016
   326.916    17.281    29.067
   327.016    17.281    29.067
   327.117    17.333    29.067
   327.518    17.333    29.067
   327.620    17.333    29.118
   328.526    17.333    29.118
   328.628    17.333    29.169
   328.728    17.333    29.220
   328.829    17.333    29.220
   328.930    17.333    29.271
   329.030    17.333    29.372
   329.132    17.333    29.423
   329.231    17.333    29.474
   329.332    17.333    29.474
   329.431    17.281    29.525
   329.533    17.281    29.626
   329.633    17.281    29.728
   329.734    17.281    29.830
   329.835    17.281    29.880
   329.935    17.281    29.931
   330.036    17.281    30.084
   330.136    17.333    30.185
   330.237    17.333    30.185
   330.338    17.384    30.236
   331.142    17.384    30.236
   331.243    17.384    30.185
   331.444    17.384    30.185
   331.544    17.384    30.135
   332.148    17.384    30.135
   332.249    17.333    30.236
   332.350    17.333    30.236
   332.450    17.333    30.287
   332.550    17.333    30.338
   332.851    17.333    30.338
   332.953    17.436    30.338
   333.053    17.539    30.338
   334.764    17.539    30.338
   334.865    17.487    30.338
   334.966    17.487    30.338
   335.066    17.436    30.338
   335.369    17.436    30.338
   335.468    17.436    30.287
   337.178    17.436    30.287
   337.279    17.487    30.287
   337.883    17.487    30.287
   337.983    17.487    30.236
   338.084    17.539    30.236
   338.385    17.539    30.236
   338.511    17.539    30.185
   338.889    17.539    30.185
   338.989    17.642    30.185
   340.806    17.642    30.185
   340.907    17.590    30.185
   341.008    17.590    30.236
   341.108    17.590    30.236
   341.209    17.539    30.287
   341.610    17.539    30.287
   341.712    17.539    30.338
   341.812    17.539    30.338
   341.913    17.539    30.388
   343.423    17.539    30.388
   343.523    17.436    30.439
   343.624    17.230    30.643
