     8.909    19.187    19.846
     9.167    19.187    19.846
     9.268    19.238    19.846
     9.368    19.341    19.694
     9.470    19.341    19.694
     9.571    19.444    19.593
     9.671    19.599    19.593
     9.772    19.650    19.593
     9.871    19.702    19.593
     9.973    19.702    19.542
    10.275    19.702    19.542
    10.374    19.702    19.187
    10.476    19.702    19.085
    10.576    19.702    18.984
    10.678    19.754    18.883
    10.779    19.754    18.781
    10.879    19.754    18.781
    10.982    19.754    18.731
    11.081    19.804    18.680
    11.284    19.804    18.680
    11.385    19.804    18.629
    11.487    19.804    18.578
    11.587    19.804    18.528
    12.593    19.804    18.528
    12.694    19.702    18.477
    12.794    19.547    18.477
    12.896    19.496    18.477
    12.995    19.290    18.528
    13.096    18.981    18.781
    13.197    18.878    18.934
    13.298    18.723    18.984
    13.398    18.621    19.035
    13.499    18.569    19.085
    13.600    18.466    19.187
    13.699    18.260    19.339
    13.801    17.951    19.593
    13.903    17.796    19.745
    14.001    17.745    19.745
    14.104    17.642    19.796
    14.203    17.385    20.049
    14.304    17.127    20.303
    14.405    16.921    20.404
    14.507    16.766    20.607
    14.608    16.097    21.063
    14.707    15.788    21.418
    14.808    15.480    21.672
    14.908    15.325    21.773
    15.009    14.964    22.077
    15.110    14.810    22.280
    15.210    14.655    22.432
    15.311    14.450    22.685
    15.411    14.398    22.787
    15.513    14.398    22.787
    15.614    14.398    22.736
    15.714    14.398    22.736
    15.816    14.295    22.838
    15.916    14.295    22.888
    16.017    14.141    23.041
    16.117    13.934    23.193
    16.218    13.625    23.598
    16.320    13.420    23.852
    16.420    13.214    24.156
    16.523    12.905    24.460
    16.623    12.698    24.765
    16.724    12.441    25.018
    16.824    12.338    25.170
    16.924    12.338    25.221
    17.328    12.338    25.221
    17.430    12.338    25.170
    17.531    12.338    25.069
    18.032    12.338    25.069
    18.134    12.338    25.018
    18.234    12.338    24.917
    18.335    12.338    24.917
    18.435    12.338    24.867
    18.536    12.338    24.765
    18.638    12.338    24.714
    18.739    12.338    24.612
    18.838    12.338    24.562
    18.939    12.338    24.511
    19.039    12.338    24.460
    19.946    12.338    24.460
    20.046    12.390    24.663
    20.147    12.492    24.765
    20.247    12.492    24.815
    20.348    12.492    24.815
    20.448    12.492    24.917
    20.550    12.492    25.069
    20.651    12.492    25.119
    20.751    12.492    25.170
    21.356    12.492    25.170
    21.455    12.492    25.069
    21.558    12.492    25.018
    21.659    12.492    25.018
    21.761    12.492    24.967
    22.566    12.492    24.967
    22.666    12.492    24.917
    22.767    12.492    24.867
    22.866    12.492    24.815
    22.967    12.492    24.714
    23.068    12.492    24.612
    23.168    12.492    24.511
    23.270    12.492    24.511
    23.369    12.544    24.511
    23.470    12.647    24.511
    23.571    12.802    24.511
    23.676    12.905    24.511
    23.776    13.008    24.511
    23.876    13.162    24.511
    23.978    13.317    24.511
    24.077    13.574    24.511
    24.178    13.780    24.511
    24.281    13.883    24.511
    24.381    13.883    24.511
    24.482    13.934    24.511
    24.581    13.986    24.511
    24.682    14.037    24.511
    24.783    14.141    24.511
    24.884    14.192    24.511
    24.984    14.192    24.511
    25.084    14.295    24.511
    25.186    14.398    24.511
    25.285    14.552    24.511
    25.387    14.655    24.511
    25.489    14.758    24.511
    25.588    14.861    24.511
    25.690    14.964    24.511
    25.790    15.067    24.511
    25.891    15.119    24.511
    25.991    15.222    24.511
    26.092    15.376    24.714
    26.193    15.480    24.867
    26.292    15.531    24.917
    26.393    15.685    24.917
    26.493    15.737    24.917
    26.594    15.788    24.917
    26.696    15.840    24.917
    27.198    15.840    24.917
    27.298    15.788    24.967
    27.399    15.788    25.018
    30.824    15.788    25.018
    30.925    15.788    24.967
    31.025    15.788    24.917
    31.125    15.840    24.917
    31.226    15.943    24.867
    31.326    16.046    24.867
    31.628    16.046    24.867
    31.730    16.200    24.815
    31.829    16.252    24.765
    31.930    16.303    24.765
    33.240    16.303    24.765
    33.342    16.355    24.714
    33.442    16.355    24.663
    33.543    16.406    24.612
    33.643    16.406    24.562
    34.045    16.406    24.562
    34.146    16.406    24.460
    34.246    16.355    24.359
    34.348    16.149    24.257
    34.448    16.097    24.257
    34.548    16.046    24.257
    36.363    16.046    24.257
    36.462    16.097    24.257
    36.563    16.149    24.257
    36.664    16.200    24.257
    36.764    16.406    24.257
    36.864    16.561    24.257
    36.965    16.663    24.257
    37.066    16.766    24.257
    37.166    16.869    24.257
    37.267    16.921    24.257
    37.367    17.076    24.257
    37.468    17.333    24.257
    37.569    17.591    24.257
    37.669    17.796    24.257
    37.770    18.002    24.257
    37.871    18.311    24.257
    37.971    18.569    24.257
    38.072    18.775    24.257
    38.172    19.032    24.257
    38.273    19.135    24.308
    38.373    19.290    24.359
    38.475    19.393    24.359
    38.575    19.856    24.359
    38.676    19.907    24.359
    38.777    20.062    24.511
    38.877    20.371    24.815
    38.979    20.732    24.867
    39.079    21.092    24.917
    39.180    21.246    25.119
    39.281    21.401    25.474
    39.382    21.504    25.626
    39.483    21.556    25.626
    39.583    21.607    25.677
    39.683    21.762    25.677
    39.783    21.916    25.677
    40.086    21.916    25.677
    40.187    21.659    25.677
    40.288    21.453    25.677
    40.389    21.298    25.677
    40.490    21.195    25.576
    40.592    20.989    25.576
    40.692    20.886    25.576
    40.792    20.886    25.474
    40.892    20.886    25.423
    40.993    20.886    25.373
    41.094    20.886    25.322
    45.524    20.886    25.322
    45.625    20.783    25.322
    45.726    20.629    25.322
    45.824    20.577    25.322
    47.437    20.577    25.322
    47.537    20.320    25.474
    47.638    20.011    25.728
    48.846    20.011    25.728
    48.947    19.959    25.728
    49.048    19.856    25.779
    49.149    19.754    25.779
    49.249    19.702    25.779
    50.357    19.702    25.779
    50.457    19.547    25.779
    50.559    19.496    25.779
    50.659    19.444    25.830
    50.759    19.393    25.830
    50.860    19.290    25.830
    50.959    19.187    25.830
    51.060    19.084    25.830
    51.161    18.981    25.830
    51.262    18.929    25.830
    51.363    18.775    25.830
    51.463    18.723    25.830
    51.565    18.672    25.880
    51.665    18.621    25.880
    51.767    18.621    25.880
    51.866    18.621    25.931
    51.967    18.621    25.931
    52.068    18.569    25.931
    52.168    18.518    25.931
    52.571    18.518    25.931
    52.671    18.466    25.981
    52.773    18.311    26.134
    52.872    18.157    26.387
    52.974    18.105    26.438
    53.073    18.105    26.488
    53.174    18.105    26.488
    53.276    18.054    26.539
    53.376    17.951    26.590
    53.477    17.951    26.590
    53.578    17.951    26.691
    54.483    17.951    26.691
    54.584    17.951    26.742
    54.884    17.951    26.742
    54.986    18.002    26.843
    55.085    18.002    26.894
    55.186    18.002    26.945
    55.287    18.002    26.945
    55.388    18.002    26.996
    55.691    18.002    26.996
    55.791    18.054    26.996
    55.891    18.054    27.046
    57.502    18.054    27.046
    57.604    18.105    27.046
    58.610    18.105    27.046
    58.711    18.002    27.199
    58.812    17.951    27.249
    59.930    17.951    27.249
    60.031    17.951    27.300
    60.131    17.951    27.350
    61.539    17.951    27.350
    61.640    17.899    27.350
    61.741    17.899    27.300
    61.841    17.848    27.148
    61.941    17.796    26.996
    62.042    17.796    26.894
    62.142    17.796    26.742
    62.245    17.796    26.691
    62.346    17.796    26.641
    63.352    17.796    26.641
    63.452    17.796    26.590
    63.553    17.796    26.539
    63.653    17.796    26.387
    63.754    17.796    26.336
    63.855    17.796    26.336
    63.955    17.796    26.286
    64.057    17.848    26.134
    64.157    17.848    26.032
    64.258    17.848    26.032
    64.358    17.848    25.880
    64.459    17.848    25.677
    65.365    17.848    25.677
    65.466    17.848    25.525
    65.567    17.848    25.525
    65.667    17.899    25.423
    65.768    17.951    25.423
    65.868    18.002    25.423
    66.170    18.002    25.423
    66.270    18.002    25.322
    66.370    18.054    25.272
    66.471    18.054    25.119
    66.572    18.054    25.069
    68.283    18.054    25.069
    68.385    18.208    25.069
    69.491    18.208    25.069
    69.592    18.260    25.069
    69.693    18.311    25.069
    69.896    18.311    25.069
    69.995    18.311    25.170
    70.097    18.363    25.272
    71.002    18.363    25.272
    71.102    18.363    25.423
    71.203    18.363    25.423
    71.304    18.415    25.423
    71.405    18.466    25.423
    71.504    18.518    25.423
    71.616    18.569    25.423
    72.019    18.569    25.423
    72.122    18.621    25.423
    74.846    18.621    25.423
    74.947    18.621    25.474
    75.047    18.621    25.525
    76.454    18.621    25.525
    76.557    18.672    25.525
    77.865    18.672    25.525
    77.966    18.723    25.525
    78.067    18.775    25.525
    81.497    18.775    25.525
    81.599    18.775    25.626
    81.699    18.723    25.677
    81.799    18.672    25.728
    82.000    18.672    25.728
    82.101    18.672    25.779
    82.505    18.672    25.779
    82.608    18.723    25.830
    82.708    18.826    25.830
    82.809    18.826    25.880
    84.521    18.826    25.880
    84.621    18.929    25.880
    84.722    19.135    25.880
    84.922    19.135    25.880
    85.024    19.187    25.931
    85.123    19.187    26.032
    85.224    19.290    26.134
    85.325    19.341    26.134
    85.426    19.341    26.134
    85.527    19.393    26.184
    85.627    19.496    26.184
    85.727    19.547    26.184
    87.440    19.547    26.184
    87.540    19.599    26.184
    87.641    19.650    26.184
    88.042    19.650    26.184
    88.144    19.702    26.184
    88.243    19.804    26.184
    89.351    19.804    26.184
    89.451    19.856    26.184
    89.551    19.856    26.134
    89.653    19.856    26.083
    89.753    19.856    25.931
    89.855    19.907    25.931
    89.955    20.011    25.931
    90.056    20.062    25.931
    90.156    20.217    25.931
    90.257    20.217    25.931
    90.359    20.114    25.931
    95.520    20.114    25.931
    95.620    20.371    25.728
    95.721    20.423    25.677
    95.822    20.423    25.677
    95.921    20.526    25.677
    96.022    20.680    25.677
    96.122    20.732    25.677
    96.727    20.732    25.677
    96.826    20.732    25.626
    96.927    20.732    25.474
    97.028    20.732    25.423
    97.128    20.732    25.423
    97.229    20.732    25.525
    97.329    20.732    25.576
    97.431    20.783    25.576
    97.531    20.834    25.626
    97.632    20.886    25.626
    97.834    20.886    25.626
    97.934    20.886    25.677
    98.034    20.886    25.779
    98.135    20.886    25.830
    98.639    20.886    25.830
    98.738    20.937    25.830
    99.845    20.937    25.830
    99.946    20.989    25.830
   100.248    20.989    25.830
   100.349    20.989    25.779
   100.449    21.040    25.779
   105.290    21.040    25.779
   105.391    21.040    25.830
   106.298    21.040    25.830
   106.399    20.989    25.880
   106.700    20.989    25.880
   106.801    20.937    25.880
   110.532    20.937    25.880
   110.634    20.937    25.779
   110.734    20.937    25.728
   110.834    20.937    25.728
   110.935    20.937    25.677
   111.035    20.989    25.677
   111.136    21.092    25.677
   111.238    21.195    25.677
   111.338    21.401    25.474
   111.438    21.504    25.423
   111.639    21.504    25.423
   111.740    21.453    25.423
   111.841    21.401    25.423
   112.143    21.401    25.423
   112.242    21.401    25.373
   112.343    21.401    25.373
   112.445    21.401    25.322
   113.551    21.401    25.322
   113.653    21.453    25.322
   113.753    21.504    25.322
   115.565    21.504    25.322
   115.665    21.453    25.272
   115.866    21.453    25.272
   115.967    21.504    25.272
   116.068    21.556    25.272
   116.572    21.556    25.272
   116.671    21.607    25.272
   116.973    21.607    25.272
   117.073    21.607    25.221
   117.174    21.607    25.221
   117.276    21.607    25.170
   117.376    21.659    25.170
   117.478    21.659    25.119
   117.578    21.659    25.018
   117.879    21.659    25.018
   117.980    21.659    24.967
   118.685    21.659    24.967
   118.784    21.710    24.967
   118.885    21.762    24.967
   119.691    21.762    24.967
   119.791    21.813    24.967
   120.194    21.813    24.967
   120.294    21.813    24.917
   140.636    21.813    24.917
   140.737    21.762    24.917
   140.837    21.710    25.018
   140.937    21.607    25.069
   142.044    21.607    25.069
   142.145    21.556    25.018
   143.251    21.556    25.018
   143.352    21.556    24.967
   144.762    21.556    24.967
   144.863    21.607    24.967
   144.963    21.607    24.967
   145.063    21.710    25.119
   146.674    21.710    25.119
   146.774    21.710    24.917
   146.876    21.710    24.917
   146.977    21.710    24.867
   147.076    21.710    24.867
   147.176    21.710    24.815
   147.378    21.710    24.815
   147.478    21.710    24.765
   147.578    21.710    24.612
   147.680    21.710    24.612
   147.780    21.710    24.562
   147.982    21.710    24.562
   148.082    21.762    24.562
   148.284    21.762    24.562
   148.385    21.762    24.511
   148.486    21.762    24.460
   148.586    21.762    24.460
   148.687    21.762    24.410
   148.787    21.762    24.359
   148.889    21.710    24.308
   148.987    21.659    24.257
   149.088    21.607    24.257
   149.190    21.556    24.257
   149.290    21.504    24.257
   150.800    21.504    24.257
   150.900    21.556    24.207
   153.215    21.556    24.207
   153.316    21.710    24.207
   153.417    21.762    24.207
   153.518    21.762    24.207
   153.618    21.916    24.156
   153.719    22.070    24.054
   153.819    22.276    23.953
   153.919    22.689    23.750
   154.021    23.049    23.700
   154.121    23.049    23.649
   154.221    22.997    23.548
   154.322    22.895    23.548
   154.423    22.843    23.497
   154.523    22.843    23.396
   154.623    22.740    23.345
   154.725    22.689    23.294
   154.825    22.637    23.193
   154.926    22.792    23.091
   155.026    22.895    23.041
   156.134    22.895    23.041
   156.236    22.946    23.041
   156.335    23.049    23.041
   156.437    23.049    23.091
   156.638    23.049    23.091
   156.738    23.049    23.243
   157.343    23.049    23.243
   157.443    23.100    23.396
   157.544    23.152    23.396
   157.745    23.152    23.396
   157.847    23.152    23.446
   157.946    23.100    23.598
   158.048    23.100    23.700
   158.148    22.997    23.700
   158.551    22.997    23.700
   158.652    22.997    23.801
   158.752    22.997    23.852
   158.953    22.997    23.852
   159.054    23.100    23.953
   159.155    23.152    24.004
   159.254    23.203    24.004
   160.099    23.203    24.004
   160.198    23.203    24.105
   160.299    23.203    24.207
   160.401    23.203    24.207
   160.501    23.203    24.257
   160.602    23.203    24.308
   161.004    23.203    24.308
   161.105    23.203    24.460
   162.112    23.203    24.460
   162.212    23.152    24.460
   162.516    23.152    24.460
   162.616    23.358    24.460
   162.717    23.409    24.460
   163.822    23.409    24.460
   163.923    23.409    24.410
   164.024    23.409    24.359
   167.046    23.409    24.359
   167.146    23.461    24.359
   167.250    23.461    24.562
   167.353    23.461    24.612
   168.764    23.461    24.612
   168.863    23.461    24.663
   168.965    23.461    24.917
   169.065    23.461    25.069
   169.166    23.564    25.170
   169.266    23.615    25.272
   169.366    23.667    25.373
   169.468    23.667    25.474
   169.569    23.667    25.474
   169.668    23.667    25.525
   169.970    23.667    25.525
   170.070    23.718    25.525
   170.171    23.718    25.525
   170.273    23.718    25.576
   170.373    23.718    25.576
   170.474    23.718    25.626
   171.781    23.718    25.626
   171.882    23.667    25.626
   171.983    23.512    25.576
   172.083    23.461    25.474
   172.185    23.461    25.373
   172.284    23.461    25.322
   172.385    23.461    25.221
   172.487    23.564    25.069
   172.689    23.564    25.069
   172.788    23.615    25.018
   172.890    23.615    24.867
   172.990    23.667    24.663
   173.192    23.667    24.663
   173.292    23.667    24.612
   173.394    23.667    24.562
   173.493    23.667    24.511
   173.595    23.821    24.410
   173.695    24.078    24.410
   176.715    24.078    24.410
   176.815    24.078    24.460
   183.972    24.078    24.460
   184.073    24.027    24.460
   184.174    23.924    24.460
   184.276    23.873    24.308
   184.375    23.770    24.207
   184.487    23.770    24.156
   184.789    23.770    24.156
   184.890    23.615    24.156
   184.990    23.461    24.054
   185.091    23.358    24.004
   185.192    23.306    23.953
   185.292    23.255    23.953
   185.393    23.255    23.953
   185.493    23.255    23.852
   185.595    23.203    23.801
   185.695    23.203    23.700
   186.299    23.203    23.700
   186.399    23.203    23.649
   186.499    23.203    23.497
   186.601    23.203    23.446
   186.701    23.203    23.396
   186.802    23.203    23.345
   186.902    23.203    23.193
   187.003    23.152    23.091
   187.104    23.100    23.041
   187.204    22.895    23.041
   187.306    22.792    23.041
   187.405    22.740    23.041
   187.507    22.689    22.990
   187.607    22.637    22.939
   187.707    22.637    22.888
   187.808    22.637    22.888
   187.908    22.585    22.888
   188.009    22.585    22.838
   188.111    22.585    22.838
   188.210    22.585    22.787
   188.613    22.585    22.787
   188.714    22.585    22.736
   188.815    22.585    22.736
   188.915    22.585    22.635
   189.016    22.534    22.584
   189.115    22.534    22.534
   189.216    22.534    22.432
   189.318    22.431    22.432
   189.417    22.431    22.432
   189.520    22.379    22.432
   189.620    22.379    22.432
   189.721    22.328    22.381
   191.530    22.328    22.381
   191.631    22.173    22.381
   191.733    21.916    22.280
   191.833    21.453    21.874
   191.933    21.143    21.469
   192.034    20.886    21.165
   192.134    20.526    20.860
   192.235    20.423    20.607
   192.335    20.423    20.556
   193.040    20.423    20.556
   193.140    20.474    20.556
   193.241    20.320    20.556
   193.342    20.320    20.607
   193.443    20.320    20.658
   193.543    20.320    20.708
   193.644    20.371    20.708
   193.744    20.371    20.658
   193.845    20.423    20.658
   193.945    20.423    20.658
   194.046    20.474    20.658
   194.147    20.629    20.759
   194.247    20.783    20.809
   194.348    20.834    20.809
   194.449    20.886    20.809
   194.953    20.886    20.809
   195.055    20.937    21.012
   195.154    21.092    21.012
   195.255    21.143    21.012
   195.356    21.195    21.012
   196.864    21.195    21.012
   196.966    21.195    21.165
   214.207    21.195    21.165
   214.308    21.040    21.418
   214.408    21.040    21.469
   214.610    21.040    21.469
   214.710    21.092    21.469
   216.120    21.092    21.469
   216.221    21.092    21.418
   216.321    21.092    21.367
   216.523    21.092    21.367
   216.623    21.092    21.316
   217.429    21.092    21.316
   217.529    21.092    21.266
   217.630    21.092    21.266
   217.731    21.195    21.266
   217.831    21.350    21.012
   217.932    21.350    21.012
   218.032    21.453    21.012
   218.133    21.710    20.962
   218.234    21.710    20.962
   218.334    21.710    21.012
   218.435    21.710    21.063
   218.535    21.762    21.165
   219.238    21.762    21.165
   219.340    21.762    21.215
   219.443    21.762    21.266
   219.543    21.762    21.266
   219.644    21.916    21.316
   219.744    21.967    21.316
   220.348    21.967    21.316
   220.448    22.019    21.316
   221.153    22.019    21.316
   221.252    22.122    21.316
   221.354    22.122    21.367
   221.655    22.122    21.367
   221.756    22.173    21.469
   221.857    22.225    21.672
   221.959    22.225    21.976
   222.060    22.225    22.128
   222.160    22.276    22.128
   222.261    22.379    22.128
   222.362    22.585    22.128
   222.462    22.740    22.178
   222.563    22.740    22.229
   222.663    22.843    22.229
   222.765    22.895    22.229
   223.166    22.895    22.229
   223.267    22.997    22.280
   223.367    23.100    22.381
   223.468    23.100    22.483
   223.569    23.152    22.584
   223.669    23.255    22.685
   223.771    23.512    22.787
   223.871    23.718    22.838
   223.971    24.233    22.838
   224.071    24.542    22.838
   224.172    24.748    22.888
   224.272    24.748    23.091
   224.372    24.851    23.396
   224.476    24.851    23.396
   224.576    25.005    23.396
   224.677    25.263    23.396
   224.778    25.520    23.446
   224.878    25.675    23.446
   225.179    25.675    23.446
   225.279    25.727    23.446
   225.381    25.830    23.446
   225.683    25.830    23.446
   225.783    25.881    23.446
   225.884    25.881    23.446
   225.985    26.035    23.446
   226.085    26.138    23.446
   226.186    26.241    23.446
   226.286    26.396    23.446
   226.387    26.550    23.446
   226.488    26.756    23.446
   226.588    26.808    23.446
   226.690    26.859    23.396
   226.790    26.911    23.345
   226.891    27.014    23.142
   226.991    27.117    23.041
   227.093    27.271    23.041
   227.194    27.426    23.041
   227.294    27.632    22.990
   227.395    27.735    22.990
   227.495    27.941    22.888
   227.596    28.044    22.736
   227.696    28.095    22.584
   227.798    28.249    22.584
   227.898    28.456    22.483
   227.998    28.765    22.280
   228.099    29.640    21.722
   228.199    30.052    21.570
   228.602    30.052    21.570
   228.702    29.949    21.570
   228.803    30.052    21.672
   228.904    30.361    21.672
   229.004    31.597    21.570
   229.105    31.597    21.570
   229.206    31.803    21.570
   229.307    32.369    21.570
   229.407    32.730    21.570
   229.508    32.833    21.621
   229.609    32.936    21.722
   229.709    33.142    21.773
   229.810    33.399    21.773
   229.910    33.759    21.773
   230.010    33.811    21.773
   230.312    33.811    21.773
   230.413    33.759    21.773
   231.419    33.759    21.773
   231.520    33.708    21.672
   231.620    33.708    21.570
   231.722    33.708    21.519
   231.822    33.811    21.519
   231.924    33.862    21.519
   232.024    33.862    21.469
   232.123    33.862    21.469
   232.225    33.862    21.418
   233.029    33.862    21.418
   233.130    33.862    21.367
   233.231    33.914    21.316
   233.331    33.914    21.266
   233.734    33.914    21.266
   233.834    33.914    21.215
   233.935    33.914    21.165
   234.237    33.914    21.165
   234.337    33.914    21.114
   234.640    33.914    21.114
   234.740    33.914    21.012
   234.841    33.965    20.809
   234.942    33.965    20.607
   235.046    33.965    20.505
   235.146    34.069    20.303
   235.247    34.120    19.998
   235.348    34.120    19.846
   235.447    34.120    19.694
   235.549    34.223    19.593
   235.650    34.223    19.339
   235.751    34.378    19.187
   235.852    34.378    19.136
   235.951    34.429    19.136
   236.051    34.480    19.136
   236.153    34.480    19.085
   236.253    34.480    18.934
   236.355    34.532    18.781
   236.455    34.532    18.477
   236.556    34.532    18.274
   236.656    34.532    18.071
   236.758    34.583    17.970
   236.858    34.583    17.767
   236.958    34.635    17.362
   237.058    34.635    17.209
   237.159    34.635    17.058
   237.360    34.635    17.058
   237.461    34.686    17.058
   237.561    34.583    17.108
   237.662    34.583    17.209
   238.466    34.583    17.209
   238.568    34.583    17.260
   238.769    34.583    17.260
   238.868    34.532    17.159
   238.970    34.532    17.058
   239.069    34.532    16.905
   239.170    34.532    16.652
   239.272    34.532    16.550
   239.372    34.480    16.449
   239.473    34.429    16.347
   239.573    34.378    16.246
   239.674    34.275    16.043
   239.775    34.275    15.790
   239.875    34.275    15.739
   240.075    34.275    15.739
   240.176    34.275    15.689
   240.278    34.120    15.587
   240.378    34.069    15.486
   240.479    33.965    15.435
   240.579    33.914    15.333
   240.680    33.811    15.232
   240.780    33.759    15.080
   240.881    33.759    14.978
   240.982    33.759    14.928
   241.081    33.708    14.928
   241.182    33.708    14.877
   241.283    33.656    14.826
   241.384    33.605    14.776
   243.397    33.605    14.776
   243.498    33.656    14.674
   243.699    33.656    14.674
   243.800    33.862    14.674
   243.900    33.965    14.624
   244.002    34.017    14.522
   244.102    34.017    14.522
   244.202    33.965    14.573
   248.126    33.965    14.573
   248.228    33.965    14.471
   248.327    33.965    14.421
   248.428    33.965    14.320
   248.528    33.965    14.117
   248.630    33.965    13.964
   248.731    33.965    13.913
   248.831    33.965    13.812
   254.466    33.965    13.812
   254.567    33.965    13.913
   254.667    33.965    14.167
   254.767    33.965    14.218
   254.867    33.965    14.320
   254.969    33.965    14.370
   255.069    33.965    14.471
   255.170    33.965    14.624
   255.270    33.965    14.725
   255.370    33.965    14.776
   255.472    33.965    14.877
   255.571    33.914    15.029
   255.673    33.759    15.384
   255.774    33.656    15.486
   255.873    33.656    15.486
   255.975    33.656    15.536
   256.074    33.656    15.739
   256.175    33.656    15.891
   256.277    33.656    15.993
   256.376    33.656    16.246
   256.478    33.656    16.347
   256.578    33.656    16.500
   256.678    33.656    16.702
   256.779    33.656    16.855
   256.881    33.656    16.956
   257.182    33.656    16.956
   257.282    33.656    17.058
   257.383    33.656    17.260
   257.484    33.656    17.463
   257.585    33.656    17.716
   257.686    33.656    17.767
   257.886    33.656    17.767
   257.986    33.605    17.919
   258.088    33.553    18.021
   258.188    33.502    18.224
   258.288    33.502    18.325
   258.389    33.502    18.477
   258.489    33.450    18.629
   258.591    33.399    18.883
   258.692    33.245    19.136
   258.792    33.245    19.238
   258.892    33.193    19.440
   258.992    33.193    19.694
   259.093    33.193    19.897
   259.194    33.193    20.049
   259.295    33.142    20.252
   259.397    33.142    20.505
   259.497    33.142    20.708
   259.598    33.142    20.809
   259.698    33.142    20.962
   259.799    33.142    21.215
   259.899    33.142    21.418
   259.999    33.142    21.570
   260.100    33.090    21.722
   260.200    33.039    21.773
   260.302    33.039    21.925
   260.402    33.039    21.976
   260.503    33.039    22.027
   263.523    33.039    22.027
   263.623    32.936    22.077
   263.724    32.884    22.077
   263.823    32.833    22.229
   263.925    32.730    22.331
   264.026    32.626    22.331
   264.125    32.626    22.432
   264.226    32.523    22.534
   264.326    32.523    22.584
   264.427    32.472    22.635
   264.529    32.472    22.685
   264.630    32.420    22.838
   264.731    32.369    22.939
   264.831    32.317    22.990
   265.333    32.317    22.990
   265.434    32.215    23.041
   265.535    32.163    23.041
   265.635    32.163    23.041
   265.737    32.112    23.091
   265.836    32.009    23.193
   265.937    31.906    23.243
   266.037    31.854    23.294
   266.138    31.803    23.294
   266.238    31.751    23.294
   266.339    31.597    23.294
   266.441    31.597    23.294
   266.541    31.545    23.294
   266.642    31.494    23.294
   266.741    31.442    23.294
   267.649    31.442    23.294
   267.748    31.391    23.345
   267.849    31.391    23.446
   267.949    31.339    23.548
   268.051    31.339    23.598
   268.151    31.339    23.598
   268.251    31.339    23.649
   268.353    31.287    23.700
   268.554    31.287    23.700
   268.653    31.237    23.750
   268.755    31.185    23.852
   268.855    31.082    24.004
   268.956    30.927    24.257
   269.057    30.876    24.359
   269.156    30.876    24.359
   269.258    30.824    24.359
   269.963    30.824    24.359
   270.064    30.773    24.359
   270.163    30.721    24.359
   270.264    30.618    24.359
   270.364    30.567    24.359
   270.465    30.515    24.359
   270.566    30.464    24.359
   270.666    30.361    24.359
   270.768    30.155    24.359
   270.867    30.052    24.410
   270.968    29.898    24.410
   271.069    29.743    24.410
   271.169    29.588    24.460
   271.270    29.331    24.511
   271.371    29.074    24.511
   271.472    28.816    24.612
   271.572    28.662    24.714
   271.673    28.301    24.867
   271.774    28.044    25.069
   271.875    27.941    25.069
   271.977    27.735    25.119
   272.077    27.477    25.170
   272.178    27.168    25.272
   272.278    26.963    25.423
   272.378    26.859    25.525
   272.480    26.653    25.677
   272.580    26.550    25.728
   272.691    26.447    25.779
   272.791    26.292    25.830
   272.892    26.035    25.981
   272.994    25.778    26.083
   273.095    25.366    26.184
   273.195    25.108    26.184
   273.296    25.005    26.235
   273.799    25.005    26.235
   273.900    24.903    26.235
   274.000    24.800    26.235
   275.710    24.800    26.235
   275.810    24.903    26.235
   275.911    25.108    26.235
   276.012    25.211    26.235
   277.923    25.211    26.235
   278.024    25.263    26.235
   278.124    25.314    26.235
   278.225    25.366    26.235
   278.325    25.366    26.235
   278.426    25.469    26.286
   278.527    25.520    26.286
   301.016    25.520    26.286
   301.117    25.469    26.286
   301.921    25.469    26.286
   302.023    25.417    26.286
   302.123    25.366    26.286
   302.223    25.314    26.235
   302.928    25.314    26.235
   303.028    25.263    26.286
   303.128    25.263    26.286
   303.230    25.211    26.336
   315.003    25.211    26.336
   315.104    25.211    26.387
   318.121    25.211    26.387
   318.222    25.057    26.387
   320.739    25.057    26.387
   320.840    25.108    26.336
   346.399    25.108    26.336
   346.499    24.954    26.488
   346.602    24.903    26.539
   349.629    24.903    26.539
   349.730    24.903    26.590
   349.831    25.005    26.590
   361.603    25.005    26.590
   361.703    25.057    26.641
   361.804    25.314    26.691
   361.904    25.469    26.691
   362.006    25.469    26.641
   362.106    25.417    26.539
   362.206    25.417    26.488
   362.308    25.469    26.438
   362.508    25.469    26.438
   362.609    25.469    26.387
   362.709    25.469    26.286
   363.011    25.469    26.286
   363.111    25.572    26.286
   363.211    25.572    26.235
   363.313    25.572    26.184
   363.413    25.572    26.134
   363.515    25.572    26.032
   365.929    25.572    26.032
   366.029    25.572    25.981
   367.338    25.572    25.981
   367.438    25.624    25.981
   367.538    25.675    25.981
   367.639    25.675    25.981
   367.739    25.727    25.981
   369.752    25.727    25.981
   369.853    25.675    25.981
   371.766    25.675    25.981
   371.866    25.624    25.981
   371.967    25.520    25.981
   375.691    25.520    25.981
   375.791    25.417    25.981
   377.200    25.417    25.981
   377.300    25.366    25.880
   377.402    25.366    25.830
   378.610    25.366    25.830
   378.711    25.417    25.830
   382.031    25.417    25.830
   382.132    25.366    25.830
   382.233    25.314    25.830
   387.364    25.314    25.830
   387.465    25.366    25.830
   389.174    25.366    25.830
   389.275    25.417    25.830
   401.652    25.417    25.830
   401.753    25.366    25.830
   401.854    25.314    25.830
   438.805    25.314    25.830
   438.906    25.314    25.880
   439.007    25.314    25.880
   439.107    25.366    25.931
   439.308    25.366    25.931
   439.409    25.417    25.779
   439.509    25.417    25.728
   439.610    25.417    25.677
   439.710    25.417    25.677
   439.812    25.469    25.677
   440.112    25.469    25.677
   440.214    25.624    25.677
   440.315    25.675    25.677
   440.415    25.675    25.626
   440.515    25.675    25.626
   440.615    25.727    25.525
   440.917    25.727    25.525
   441.019    25.727    25.474
   441.320    25.727    25.474
   441.421    25.727    25.423
   441.825    25.727    25.423
   441.926    25.727    25.373
   442.027    25.778    25.373
   442.126    25.830    25.272
   442.228    25.881    25.221
   442.327    25.881    25.069
   442.428    25.933    25.069
   442.528    25.933    25.018
   442.629    25.933    24.967
   442.730    25.933    24.867
   442.831    25.933    24.815
   442.932    25.933    24.765
   443.435    25.933    24.765
   443.534    25.933    24.714
   443.637    25.933    24.663
   443.736    25.933    24.511
   443.839    25.933    24.410
   443.939    25.933    24.308
   444.039    25.933    24.207
   444.140    25.933    24.105
   444.443    25.933    24.105
   444.543    25.984    24.105
   444.643    26.035    24.105
   444.743    26.035    24.054
   444.844    26.035    24.004
   444.944    26.035    24.004
   445.045    26.087    24.004
   446.151    26.087    24.004
   446.252    26.138    24.004
   446.356    26.138    23.903
   446.456    26.138    23.852
   446.557    26.138    23.852
   446.656    26.138    23.801
   446.758    26.138    23.700
   446.859    26.241    23.294
   446.959    26.396    23.091
   447.059    26.499    22.838
   447.159    26.705    22.483
   447.260    26.808    22.280
   447.361    26.859    22.128
   447.462    26.911    22.027
   447.562    26.963    21.976
   447.663    27.014    21.824
   447.764    27.014    21.722
   447.864    27.014    21.519
   447.964    27.014    21.519
   448.065    27.014    21.418
   448.165    27.014    21.215
   448.266    27.014    21.114
   448.367    27.117    21.012
   448.468    27.323    20.860
   448.569    27.529    20.505
   448.669    27.580    20.404
   448.770    27.632    20.303
   448.869    27.632    20.150
   448.971    27.632    19.998
   449.071    27.632    19.846
   449.172    27.632    19.796
   449.273    27.632    19.796
   449.373    27.632    19.694
   449.474    27.632    19.593
   449.574    27.632    19.440
   449.675    27.632    19.136
   449.776    27.632    18.883
   449.877    27.632    18.883
   449.977    27.632    18.832
   450.077    27.632    18.832
   450.178    27.632    18.781
   450.278    27.786    18.477
   450.379    27.786    18.224
   450.480    27.786    18.071
   450.581    27.786    17.869
   450.681    27.786    17.514
   450.782    27.786    17.412
   450.883    27.786    17.311
   450.984    27.786    17.209
   451.084    27.786    16.855
   451.185    27.786    16.804
   451.285    27.786    16.804
   451.386    27.838    16.652
   451.486    28.044    16.246
   451.588    28.044    16.094
   451.689    28.044    15.993
   451.788    28.044    15.891
   451.889    28.044    15.891
   451.989    28.146    15.739
   452.090    28.249    15.689
   452.290    28.249    15.689
   452.392    28.404    15.689
   452.493    28.507    15.638
   452.996    28.507    15.638
   453.096    28.507    15.587
   453.195    28.559    15.587
   453.399    28.559    15.587
   453.499    28.610    15.536
   453.600    28.610    15.536
   453.700    28.662    15.536
   453.802    28.662    15.638
   453.902    28.662    15.739
   454.105    28.662    15.739
   454.205    28.662    15.840
   454.305    28.559    15.891
   454.607    28.559    15.891
   454.708    28.507    15.891
   454.809    28.507    15.790
   454.909    28.507    15.739
   455.010    28.507    15.739
   455.109    28.507    15.638
   455.210    28.404    15.384
   455.311    28.301    15.283
   457.223    28.301    15.283
   457.323    28.301    15.232
   457.625    28.301    15.232
   457.726    28.404    15.333
   457.826    28.507    15.333
   457.927    28.559    15.333
   458.027    28.559    15.333
   458.128    28.559    15.384
   458.834    28.559    15.384
   458.934    28.559    15.486
   459.136    28.559    15.486
   459.235    28.610    15.486
   459.336    28.610    15.587
   459.739    28.610    15.587
   459.841    28.662    15.587
   459.941    28.713    15.587
   460.444    28.713    15.587
   460.545    28.713    15.486
   460.646    28.713    15.283
   460.745    28.713    15.283
   460.848    28.713    15.232
   461.551    28.713    15.232
   461.651    28.713    15.283
   461.752    28.713    15.333
   462.657    28.713    15.333
   462.758    28.713    15.384
   462.859    28.713    15.435
   470.405    28.713    15.435
   470.506    28.713    15.486
   471.512    28.713    15.486
   471.612    28.713    15.536
   476.140    28.713    15.536
   476.242    28.713    15.486
   476.343    28.662    15.333
   476.443    28.559    15.283
   476.544    28.404    15.283
   476.645    28.146    15.232
   476.746    27.941    15.232
   476.846    27.889    15.232
   476.946    27.838    15.232
   477.047    27.683    15.131
   477.148    27.477    15.080
   477.248    27.323    14.928
   477.349    27.271    14.826
   477.449    27.220    14.776
   479.663    27.220    14.776
   479.764    27.168    14.776
   479.864    27.117    14.776
   480.568    27.117    14.776
   480.669    26.756    14.978
   481.070    26.756    14.978
   481.172    26.705    15.080
   481.274    26.602    15.181
   481.375    26.550    15.232
   481.476    26.499    15.232
   481.576    26.447    15.232
   481.677    26.396    15.283
   481.778    26.292    15.384
   481.878    26.190    15.536
   481.979    26.035    15.840
   482.079    25.984    15.891
   482.179    25.984    15.942
   482.280    25.984    16.043
   482.381    25.984    16.043
   482.489    25.984    16.094
   482.590    25.984    16.094
   482.691    25.984    16.145
   482.791    25.933    16.246
   482.892    25.830    16.398
   482.992    25.830    16.449
   483.093    25.830    16.500
   483.796    25.830    16.500
   483.898    25.675    16.702
   484.098    25.675    16.702
   484.199    25.624    16.804
   484.299    25.417    16.956
   484.401    25.263    17.260
   485.003    25.263    17.260
   485.104    25.263    17.311
   494.900    25.263    17.311
   495.002    25.263    17.362
   495.103    25.263    17.362
   495.204    25.263    17.514
   495.305    25.263    17.564
   495.405    25.263    17.615
   495.506    25.263    17.615
   495.607    25.314    17.615
   495.707    25.314    17.615
   495.808    25.366    17.615
   495.908    25.417    17.615
   496.008    25.469    17.615
   496.109    25.520    17.615
   499.732    25.520    17.615
   499.832    25.572    17.615
   500.135    25.572    17.615
   500.235    25.624    17.615
   500.337    25.727    17.564
   500.438    25.830    17.564
   500.739    25.830    17.564
   500.840    25.881    17.564
   501.142    25.881    17.564
   501.242    25.984    17.564
   501.343    26.035    17.564
   501.443    26.087    17.564
   501.644    26.087    17.564
   501.745    26.138    17.564
   501.846    26.190    17.564
   501.945    26.241    17.564
   502.247    26.241    17.564
   502.348    26.292    17.564
   509.794    26.292    17.564
   509.894    26.344    17.564
   509.995    26.344    17.564
   510.096    26.396    17.564
   535.656    26.396    17.564
   535.757    26.396    17.514
   535.858    26.396    17.463
   535.958    26.344    17.412
   536.060    26.344    17.412
   536.160    26.190    17.412
   597.944    26.190    17.412
   598.046    26.241    17.412
   598.147    26.292    17.412
   598.548    26.292    17.412
   598.649    26.292    17.362
   652.588    26.292    17.362
   652.688    26.292    17.311
   652.788    26.292    17.311
   652.890    26.292    17.260
   676.839    26.292    17.260
   676.939    26.292    17.209
   680.562    26.292    17.209
   680.662    26.292    17.311
   680.762    26.344    17.311
   681.668    26.344    17.311
   681.768    26.344    17.362
   682.170    26.344    17.362
   682.271    26.292    17.362
   682.371    26.292    17.311
   715.176    26.292    17.311
   715.275    26.292    17.260
   715.376    26.292    17.209
   715.478    26.292    17.108
   715.780    26.292    17.108
   715.882    26.292    17.058
   715.983    26.190    17.058
   727.251    26.190    17.058
   727.352    26.241    17.058
   727.452    26.241    17.108
   727.654    26.241    17.108
   727.755    26.241    17.209
   727.856    26.241    17.260
   727.956    26.241    17.463
   728.057    26.292    17.514
   728.156    26.292    17.514
   728.258    26.292    17.564
   728.359    26.292    17.615
   728.964    26.292    17.615
   729.064    26.292    17.716
   729.870    26.292    17.716
   729.970    26.292    17.767
   730.373    26.292    17.767
   730.472    26.292    17.818
   730.878    26.292    17.818
   730.977    26.344    17.869
   731.078    26.447    18.122
   731.178    26.447    18.274
   731.278    26.499    18.427
   731.380    26.550    18.578
   731.481    26.602    18.781
   731.581    26.653    19.035
   731.682    26.653    19.085
   731.783    26.602    19.085
   731.884    26.602    19.288
   731.983    26.602    19.339
   732.084    26.653    19.390
   732.185    26.756    19.440
   732.586    26.756    19.440
   732.688    26.756    19.491
   732.788    26.756    19.491
   732.889    26.756    19.542
   733.089    26.756    19.542
   733.190    26.653    19.542
   733.290    26.602    19.593
   733.392    26.550    19.694
   733.492    26.499    19.694
   733.593    26.499    19.694
   733.693    26.499    19.796
   735.102    26.499    19.796
   735.201    26.499    19.846
   735.302    26.292    19.947
   735.403    26.190    20.201
   735.504    26.138    20.454
   735.604    26.138    20.556
   735.704    26.138    20.556
   735.807    25.984    20.556
   735.907    25.933    20.607
   736.009    25.881    20.607
   736.109    25.520    20.860
   736.210    25.520    20.860
   736.310    25.263    21.063
   736.410    24.542    21.570
   736.512    24.181    21.976
   737.015    24.181    21.976
   737.114    24.130    21.976
   737.215    24.130    22.027
   743.353    24.130    22.027
   743.453    24.181    22.027
   743.554    24.233    22.027
   743.655    24.439    22.027
   743.756    24.542    22.027
   743.856    24.645    22.027
   743.958    24.697    21.925
   744.661    24.697    21.925
   744.762    24.697    21.874
   744.863    24.697    21.824
   744.964    24.697    21.773
   745.064    24.697    21.722
   745.365    24.697    21.722
   745.466    24.748    21.722
   745.567    24.954    21.672
   745.667    25.057    21.621
   746.272    25.057    21.621
   746.372    25.108    21.621
   746.572    25.108    21.621
   746.674    25.160    21.621
   746.774    25.211    21.570
   753.213    25.211    21.570
   753.313    25.263    21.570
   753.414    25.314    21.824
   753.515    25.314    21.976
   753.615    25.314    22.128
   753.717    25.314    22.178
   753.918    25.314    22.178
   754.020    25.366    22.178
   762.172    25.366    22.178
   762.272    25.057    22.381
   762.372    24.645    22.584
   762.473    24.594    22.685
   762.574    24.594    22.685
   762.675    24.594    22.736
   762.774    24.491    22.787
   762.977    24.491    22.787
   763.077    24.439    22.787
   763.177    24.388    22.787
   764.587    24.388    22.787
   764.688    24.130    22.990
   764.787    24.027    23.091
   765.693    24.027    23.091
   765.794    23.975    23.091
   766.096    23.975    23.091
   766.197    23.924    23.142
   766.297    23.718    23.294
   766.397    23.564    23.396
   766.499    23.512    23.396
   766.600    23.461    23.396
   766.812    23.461    23.396
   766.912    23.461    23.345
   767.013    23.409    23.243
   767.116    23.306    23.193
   767.417    23.306    23.193
   767.519    23.203    23.193
   768.826    23.203    23.193
   768.926    23.049    23.193
   769.027    22.997    23.193
   769.731    22.997    23.193
   769.831    22.946    23.243
   769.933    22.895    23.294
   770.032    22.843    23.294
   770.838    22.843    23.294
   770.938    22.997    23.294
   771.039    23.152    23.294
   771.139    23.203    23.294
   771.441    23.203    23.294
   771.542    23.255    23.294
   771.945    23.255    23.294
   772.046    23.306    23.243
   772.146    23.306    23.193
   772.246    23.461    23.193
   772.963    23.461    23.193
   773.064    23.461    23.142
   773.364    23.461    23.142
   773.465    23.564    23.142
   773.868    23.564    23.142
   773.968    23.615    23.193
   774.270    23.615    23.193
   774.370    23.667    23.294
   774.773    23.667    23.294
   774.874    23.667    23.345
   774.974    23.718    23.345
   775.074    23.718    23.345
   775.175    23.770    23.446
   775.276    23.924    23.598
   775.377    23.975    23.750
   775.478    24.027    23.903
   775.680    24.027    23.903
   775.779    24.027    23.953
   775.880    24.027    24.257
   775.981    24.027    24.308
   776.081    24.078    24.511
   776.182    24.078    24.562
   776.383    24.078    24.562
   776.483    24.078    24.612
   776.585    24.078    24.663
   776.685    24.130    24.663
   776.886    24.130    24.663
   776.986    24.181    24.714
   777.087    24.233    24.815
   777.188    24.285    24.815
   777.288    24.336    24.815
   777.389    24.439    24.815
   778.195    24.439    24.815
   778.296    24.439    24.967
   778.397    24.439    25.221
   778.497    24.439    25.322
   778.598    24.439    25.525
   778.698    24.491    25.525
   778.799    24.542    25.728
   778.899    24.542    25.830
   779.302    24.542    25.830
   779.403    24.542    25.931
   779.504    24.542    25.931
   779.604    24.542    25.981
   779.704    24.542    26.032
   779.806    24.542    26.083
   782.522    24.542    26.083
   782.622    24.491    26.083
   782.825    24.491    26.083
   782.925    24.439    26.184
   784.132    24.439    26.184
   784.232    24.439    26.235
   788.157    24.439    26.235
   788.258    24.491    26.235
   788.358    24.697    26.134
   788.459    24.800    26.134
   788.560    24.851    26.134
   788.962    24.851    26.134
   789.062    25.005    26.134
   789.163    25.057    26.134
   789.264    25.160    26.134
   789.364    25.211    26.134
   789.465    25.366    26.134
   790.270    25.366    26.134
   790.370    25.417    26.134
   790.471    25.469    26.134
   790.571    25.572    26.083
   790.873    25.572    26.083
   790.974    25.572    26.032
   791.074    25.572    25.931
   791.175    25.572    25.931
   791.275    25.572    25.880
   793.893    25.572    25.880
   793.994    25.624    25.880
   794.094    25.675    25.880
   794.194    25.727    25.880
   794.496    25.727    25.880
   794.597    25.727    25.931
   794.697    25.727    25.981
   794.798    25.727    26.032
   796.711    25.727    26.032
   796.811    25.727    26.083
   797.716    25.727    26.083
   797.816    25.830    26.134
   797.918    25.830    26.235
   798.522    25.830    26.235
   798.623    25.778    26.184
   799.326    25.778    26.184
   799.427    25.727    26.134
   799.527    25.624    26.083
   799.829    25.624    26.083
   799.930    25.572    26.083
   800.030    25.314    25.931
   800.131    25.263    25.880
   800.230    25.263    25.830
   800.331    25.417    25.830
   800.433    25.520    25.830
   800.533    25.572    25.830
   801.842    25.572    25.830
   801.942    25.624    25.830
   802.144    25.624    25.830
   802.243    25.624    25.779
   802.345    25.624    25.728
   802.445    25.727    25.626
   802.546    25.830    25.525
   802.647    25.984    25.525
   802.747    26.292    25.474
   802.848    26.447    25.423
   802.948    26.653    25.423
   803.048    26.756    25.373
   803.149    26.911    25.272
   803.250    27.014    25.272
   803.351    27.117    25.272
   803.451    27.220    25.272
   803.552    27.271    25.272
   803.652    27.271    25.221
   803.754    27.271    25.170
   803.855    27.323    25.119
   803.955    27.374    25.018
   804.056    27.374    24.967
   804.356    27.374    24.967
   804.457    27.374    24.917
   804.558    27.374    24.867
   804.658    27.374    24.815
   805.563    27.374    24.815
   805.664    27.323    24.765
   805.765    27.271    24.714
   805.865    27.117    24.612
   805.966    27.066    24.511
   806.067    27.014    24.511
   806.470    27.014    24.511
   806.570    27.014    24.460
   814.842    27.014    24.460
   814.942    26.963    24.410
   815.042    26.859    24.410
   852.792    26.859    24.410
   852.893    26.911    24.410
   852.993    28.044    24.410
   853.093    28.044    24.410
   853.193    27.889    24.257
   853.294    27.683    24.054
   853.395    27.580    23.953
   853.496    27.323    23.953
   853.596    27.066    23.953
   853.696    26.911    23.953
   853.797    26.859    23.953
   853.898    26.705    23.903
   853.999    26.602    23.852
   854.099    26.602    23.801
   854.200    26.602    23.801
   854.301    26.653    23.750
   855.206    26.653    23.750
   855.307    26.756    23.750
   855.407    26.808    23.750
   856.615    26.808    23.750
   856.717    26.808    23.700
   857.119    26.808    23.700
   857.220    26.808    23.649
   857.623    26.808    23.649
   857.723    26.808    23.598
   857.824    26.808    23.598
   857.925    26.808    23.548
   858.024    26.808    23.497
   892.450    26.808    23.497
   892.551    26.653    23.497
   898.890    26.653    23.497
   898.990    26.550    23.446
   899.090    26.344    23.345
   899.190    26.087    23.193
   899.292    25.881    22.990
   899.392    25.572    22.787
   899.492    25.314    22.685
   899.594    25.108    22.432
   899.694    25.005    22.229
   899.795    24.903    22.128
   899.896    24.800    21.824
   899.996    24.800    21.722
   900.097    24.903    21.722
   900.197    25.057    21.621
   900.298    25.108    21.519
   900.397    25.108    21.469
   902.010    25.108    21.469
   902.108    25.108    21.418
   902.209    25.108    21.418
   902.310    25.108    21.367
   902.410    25.108    21.316
   902.512    25.108    21.266
   905.431    25.108    21.266
   905.530    25.160    21.215
   905.632    25.160    21.165
   921.327    25.160    21.165
   921.428    25.108    21.165
   921.931    25.108    21.165
   922.031    25.057    21.165
   922.231    25.057    21.165
   922.332    25.005    21.165
   972.882    25.005    21.165
   972.982    24.851    21.063
   973.084    24.800    20.962
   973.184    24.800    20.860
   973.284    24.800    20.708
   973.384    24.800    20.607
   973.486    24.800    20.556
   973.586    24.800    20.505
   976.906    24.800    20.505
   977.008    24.800    20.454
   977.309    24.800    20.454
   977.408    24.748    20.454
   977.510    24.645    20.454
   977.610    24.645    20.454
   977.711    24.542    20.454
   979.220    24.542    20.454
   979.320    24.542    20.404
   979.421    24.542    20.404
   979.521    24.542    20.353
   979.622    24.542    20.303
   979.723    24.542    20.201
   979.823    24.542    20.150
   979.924    24.542    20.100
   980.025    24.542    20.049
   980.126    24.542    19.947
   980.227    24.542    19.897
   980.527    24.542    19.897
   980.629    24.594    19.897
   980.729    24.594    19.846
   980.830    24.645    19.796
   980.931    24.645    19.745
   981.032    24.645    19.745
   981.132    24.645    19.694
   981.232    24.645    19.643
   981.333    24.645    19.593
   981.433    24.645    19.542
   981.533    24.697    19.440
   981.635    24.800    19.288
   981.735    24.800    19.238
   981.836    24.800    19.187
   981.936    24.851    19.187
   982.038    24.954    19.136
   982.138    25.057    19.035
   982.238    25.108    19.035
   982.339    25.108    18.984
   982.439    25.108    18.984
   982.540    25.108    18.883
   982.642    25.160    18.781
   982.742    25.211    18.680
   982.843    25.211    18.629
   982.943    25.211    18.578
   983.044    25.263    18.477
   983.145    25.314    18.325
   983.245    25.314    18.224
   983.346    25.366    18.122
   983.446    25.366    18.071
   983.547    25.469    17.869
   983.647    25.469    17.869
   983.748    25.520    17.767
   983.849    25.624    17.666
   983.949    25.675    17.666
   984.351    25.675    17.666
   984.452    25.675    17.615
   984.955    25.675    17.615
   985.056    25.675    17.564
   985.155    25.675    17.564
   985.256    25.675    17.514
   985.357    25.675    17.463
   985.458    25.675    17.412
   985.561    25.675    17.362
   986.364    25.675    17.362
   986.466    25.675    17.311
   986.565    25.675    17.260
   986.667    25.675    17.159
   986.768    25.675    17.108
   986.868    25.675    17.058
   986.969    25.675    17.058
   987.068    25.675    17.007
   987.169    25.675    16.905
   987.270    25.675    16.855
   987.370    25.675    16.804
   995.330    25.675    16.804
   995.432    25.727    16.804
   995.532    25.830    16.804
   995.733    25.830    16.804
   995.834    25.984    16.753
   995.935    26.138    16.652
   996.135    26.138    16.652
   996.236    26.138    16.601
   996.337    26.190    16.500
   996.437    26.241    16.449
   996.539    26.344    16.297
   996.640    26.499    16.195
   996.740    26.550    16.145
   996.841    26.550    16.145
   996.941    26.550    16.094
   997.042    26.550    16.043
   997.143    26.550    15.739
   997.243    26.550    15.689
   997.344    26.602    15.536
   997.444    26.602    15.536
   997.545    26.653    15.536
   997.645    26.756    15.536
   997.746    26.859    15.587
   997.846    26.911    15.638
   997.947    26.963    15.739
   998.048    26.963    15.840
   998.147    27.014    15.942
   998.449    27.014    15.942
   998.551    27.014    16.043
   998.650    27.066    16.043
   998.752    27.066    16.145
   998.853    27.066    16.145
   998.954    27.066    16.195
   999.055    27.066    16.195
   999.156    27.066    16.246
   999.256    27.066    16.347
   999.356    27.066    16.449
   999.458    27.066    16.449
   999.559    27.117    16.500
   999.659    27.220    16.601
   999.759    27.271    16.652
   999.860    27.323    16.753
   999.961    27.426    16.855
  1000.060    27.477    16.956
  1000.161    27.580    17.209
  1000.263    27.580    17.362
  1000.363    27.632    17.412
  1000.463    27.786    17.463
  1000.563    27.992    17.666
  1000.664    28.249    17.716
  1000.766    28.301    17.818
  1000.866    28.352    17.869
  1000.967    28.404    17.970
  1001.066    28.456    17.970
  1001.167    28.507    18.122
  1001.268    28.610    18.173
  1001.368    28.610    18.224
  1001.470    28.610    18.274
  1001.973    28.610    18.274
  1002.073    28.662    18.427
  1002.174    28.662    18.427
  1002.273    28.816    18.578
  1002.374    28.919    18.731
  1002.476    29.022    18.883
  1002.576    29.074    18.984
  1002.677    29.074    19.035
  1002.777    29.074    19.085
  1002.878    29.074    19.136
  1003.380    29.074    19.136
  1003.481    28.971    18.984
  1003.593    28.868    18.781
  1003.693    28.816    18.629
  1003.794    28.816    18.427
  1003.895    28.816    18.325
  1003.995    28.816    18.274
  1004.096    28.765    18.274
  1004.195    28.662    18.274
  1004.296    28.610    18.274
  1004.598    28.610    18.274
  1004.699    28.610    18.376
  1004.800    28.610    18.680
  1004.900    28.610    18.731
  1005.002    28.610    18.781
  1005.103    28.610    18.883
  1005.202    28.559    18.984
  1005.304    28.507    18.984
  1005.807    28.507    18.984
  1005.906    28.404    19.136
  1006.008    28.301    19.238
  1006.108    28.249    19.238
  1006.209    28.249    19.339
  1006.309    28.249    19.339
  1006.409    28.198    19.390
  1006.510    28.146    19.491
  1006.611    28.044    19.694
  1006.711    27.941    19.846
  1006.811    27.786    19.998
  1006.913    27.683    20.049
  1007.014    27.529    20.100
  1007.114    27.374    20.252
  1007.215    27.323    20.252
  1007.314    27.168    20.303
  1007.415    27.066    20.303
  1007.518    27.014    20.303
  1007.618    26.756    20.252
  1007.719    26.705    20.201
  1007.819    26.705    20.150
  1007.919    26.756    20.150
  1008.020    26.859    20.100
  1008.121    27.014    20.100
  1008.321    27.014    20.100
  1008.423    26.911    20.100
  1008.523    26.808    20.049
  1008.623    26.808    19.998
  1008.724    26.808    19.947
  1009.126    26.808    19.947
  1009.227    26.808    19.897
  1009.327    26.808    19.796
  1009.429    26.808    19.745
  1009.528    26.808    19.643
  1009.630    26.808    19.593
  1009.730    26.756    19.542
  1009.830    26.705    19.542
  1009.932    26.653    19.491
  1010.032    26.602    19.491
  1011.541    26.602    19.491
  1011.643    26.602    19.440
  1011.743    26.705    19.390
  1012.144    26.705    19.390
  1012.246    26.756    19.390
  1012.347    26.756    19.390
  1012.447    26.963    19.390
  1012.547    27.014    19.390
  1012.849    27.014    19.390
  1012.950    27.014    19.339
  1021.404    27.014    19.339
  1021.504    26.756    19.593
  1021.605    26.756    19.694
  1021.706    26.705    19.745
  1021.807    26.653    19.796
  1021.907    26.602    19.998
  1022.007    26.447    20.150
  1022.107    26.241    20.353
  1022.209    26.035    20.607
  1022.309    25.830    20.860
  1022.409    25.624    21.165
  1022.510    25.520    21.316
  1022.610    25.469    21.316
  1022.711    25.314    21.469
  1022.812    25.211    21.570
  1022.913    25.211    21.570
  1023.014    25.160    21.621
  1023.114    25.108    21.621
  1023.215    25.108    21.621
  1023.314    25.108    21.976
  1023.415    25.057    22.077
  1023.517    25.057    22.128
  1023.618    25.057    22.331
  1023.719    24.903    22.685
  1023.819    24.851    22.939
  1023.919    24.851    23.142
  1024.020    24.851    23.345
  1024.120    24.851    23.700
  1024.221    24.851    23.903
  1024.322    24.851    24.004
  1024.422    24.800    24.054
  1024.522    24.800    24.105
  1024.624    24.800    24.257
  1024.725    24.903    24.410
  1024.825    24.903    24.511
  1024.926    24.903    24.511
  1025.026    24.903    24.562
  1027.039    24.903    24.562
  1027.140    24.903    24.612
  1027.240    24.954    24.663
  1027.441    24.954    24.663
  1027.542    24.748    24.714
  1027.642    24.439    24.867
  1027.742    24.130    25.119
  1027.845    24.027    25.221
  1027.945    23.873    25.272
  1028.047    23.873    25.322
  1028.448    23.873    25.322
  1028.549    23.873    25.272
  1029.152    23.873    25.272
  1029.253    23.873    25.170
  1029.354    23.873    25.170
  1029.454    23.821    25.119
  1029.555    23.770    25.119
  1029.655    23.718    25.119
  1029.756    23.667    25.119
  1029.857    23.615    25.119
  1030.461    23.615    25.119
  1030.562    23.564    25.119
  1032.474    23.564    25.119
  1032.573    23.564    25.069
  1033.580    23.564    25.069
  1033.681    23.512    25.119
  1033.782    23.512    25.221
  1033.883    23.461    25.272
  1033.982    23.461    25.322
  1034.084    23.461    25.322
  1034.184    23.461    25.373
  1034.687    23.461    25.373
  1034.788    23.306    25.423
  1034.889    23.203    25.525
  1035.391    23.203    25.525
  1035.491    23.203    25.576
  1035.592    23.203    25.626
  1035.691    23.203    25.677
  1035.794    23.203    25.728
  1035.995    23.203    25.728
  1036.095    23.100    25.728
  1036.195    23.100    25.779
  1036.296    22.997    25.830
  1036.396    22.946    25.830
  1036.497    22.946    25.880
  1036.598    22.946    25.880
  1036.698    22.946    25.931
  1036.799    22.946    25.931
  1036.900    22.946    25.981
  1038.409    22.946    25.981
  1038.510    22.895    26.032
  1038.610    22.792    26.134
  1038.712    22.740    26.184
  1038.812    22.689    26.235
  1038.913    22.637    26.286
  1039.014    22.637    26.336
  1039.214    22.637    26.336
  1039.314    22.585    26.336
  1040.020    22.585    26.336
  1040.120    22.534    26.336
  1040.522    22.534    26.336
  1040.623    22.482    26.336
  1040.724    22.482    26.336
  1040.824    22.431    26.488
  1040.926    22.328    26.590
  1044.748    22.328    26.590
  1044.849    22.482    26.590
  1044.949    22.482    26.488
  1045.050    22.482    26.488
  1045.151    22.482    26.387
  1045.250    22.482    26.286
  1045.352    22.482    26.235
  1045.452    22.482    26.184
  1045.555    22.585    26.134
  1045.655    22.637    26.134
  1045.757    22.689    26.134
  1045.858    22.740    26.083
  1045.959    22.792    26.032
  1046.060    22.792    25.981
  1046.159    22.792    25.931
  1047.366    22.792    25.931
  1047.467    22.792    25.880
  1047.567    22.689    25.728
  1047.668    22.534    25.576
  1047.769    22.534    25.474
  1047.869    22.534    25.322
  1047.970    22.585    25.322
  1048.372    22.585    25.322
  1048.473    22.585    25.423
  1048.573    22.585    25.525
  1048.675    22.534    25.626
  1048.775    22.534    25.677
  1048.876    22.482    25.728
  1049.478    22.482    25.728
  1049.579    22.328    25.830
  1049.681    22.122    26.032
  1049.780    22.019    26.184
  1049.882    22.019    26.235
  1049.981    21.762    26.488
  1050.082    21.710    26.488
  1051.090    21.710    26.488
  1051.189    21.453    26.742
  1051.290    21.401    26.843
  1052.396    21.401    26.843
  1052.497    21.401    26.945
  1052.598    21.401    26.996
  1054.210    21.401    26.996
  1054.309    21.298    27.199
  1054.410    21.246    27.350
  1054.511    21.246    27.452
  1054.610    21.246    27.503
  1055.415    21.246    27.503
  1055.519    21.040    27.503
  1055.619    20.937    27.503
  1055.821    20.937    27.503
  1055.921    20.629    27.807
  1056.021    20.474    27.857
  1056.123    20.423    27.857
  1056.223    20.423    27.857
  1056.323    20.371    27.857
  1056.424    20.371    27.857
  1056.524    20.217    27.857
  1056.625    20.165    27.857
  1056.927    20.165    27.857
  1057.027    20.114    27.857
  1057.129    20.011    27.857
  1057.228    19.856    27.857
  1057.330    19.702    27.857
  1059.041    19.702    27.857
  1059.143    19.650    27.857
  1059.241    19.650    27.857
  1059.342    19.599    27.857
  1059.846    19.599    27.857
  1059.946    19.547    27.857
  1061.353    19.547    27.857
  1061.455    19.547    27.807
  1061.857    19.547    27.807
  1061.959    19.599    27.807
  1062.059    19.599    27.807
  1062.159    19.650    27.807
  1062.259    19.702    27.756
  1062.360    19.702    27.756
  1062.461    19.754    27.756
  1062.561    19.856    27.756
  1062.662    19.959    27.756
  1062.764    20.165    27.705
  1062.863    20.217    27.705
  1062.964    20.320    27.655
  1063.064    20.371    27.655
  1063.166    20.423    27.655
  1063.267    20.526    27.655
  1063.367    20.577    27.655
  1063.870    20.577    27.655
  1063.972    20.526    27.604
  1064.072    20.474    27.604
  1064.172    20.423    27.604
  1064.272    20.371    27.604
  1064.373    20.268    27.604
  1064.574    20.268    27.604
  1064.675    20.217    27.604
  1064.776    20.165    27.553
  1064.876    20.165    27.553
  1064.977    20.114    27.553
  1065.077    20.062    27.553
  1067.593    20.062    27.553
  1067.693    19.856    27.553
  1067.794    19.804    27.553
  1067.894    19.702    27.604
  1067.995    19.599    27.604
  1068.096    19.496    27.655
  1068.196    19.444    27.655
  1069.203    19.444    27.655
  1069.304    19.341    27.756
  1069.404    19.238    27.908
  1069.506    19.135    27.908
  1070.512    19.135    27.908
  1070.612    19.084    27.908
  1070.713    18.981    27.908
  1070.814    18.981    27.908
  1070.915    18.929    27.908
  1071.116    18.929    27.908
  1071.217    18.723    28.162
  1071.316    18.621    28.212
  1071.418    18.621    28.263
  1071.519    18.672    28.314
  1072.625    18.672    28.314
  1072.726    18.723    28.314
  1072.826    18.775    28.314
  1073.027    18.775    28.314
  1073.128    18.518    28.669
  1073.228    18.466    28.719
  1073.328    18.466    28.770
  1073.429    18.466    28.872
  1073.529    18.466    28.973
  1073.630    18.363    29.075
  1073.731    18.260    29.277
  1073.832    18.208    29.328
  1073.933    18.105    29.429
  1074.033    18.002    29.581
  1074.133    17.899    29.683
  1074.234    17.745    29.784
  1074.335    17.693    29.886
  1075.361    17.693    29.886
  1075.462    17.693    29.937
  1075.764    17.693    29.937
  1075.864    17.693    29.987
  1077.775    17.693    29.987
  1077.878    17.693    29.835
  1077.978    17.693    29.784
  1078.079    17.796    29.784
  1078.179    17.796    29.734
  1078.279    17.951    29.683
  1078.381    17.951    29.683
  1078.480    18.054    29.683
  1078.582    18.208    29.683
  1078.783    18.208    29.683
