     4.490    20.170     8.842
   114.392    20.170     8.842
   114.492    20.118     8.944
   114.593    20.066     9.147
   114.894    20.066     9.147
   114.995    20.066     9.096
   115.096    20.066     9.096
   115.196    20.118     9.096
   181.808    20.118     9.096
   181.908    20.634     9.096
   182.210    20.634     9.096
   182.310    20.686     9.096
   182.512    20.686     9.096
   182.612    20.789     9.046
   182.915    20.789     9.046
   183.016    20.840     8.995
   183.117    20.892     8.995
   183.218    20.943     8.995
   186.436    20.943     8.995
   186.538    20.995     8.995
   186.638    20.995     9.096
   186.951    20.995     9.096
   187.052    20.995     9.147
   187.151    20.995     9.147
   187.252    20.943     9.147
   187.352    20.943     9.147
   187.453    20.943     9.198
   187.555    20.943     9.249
   187.654    20.943     9.249
   187.755    20.840     9.249
   187.855    20.686     9.300
   187.955    20.686     9.351
   188.057    20.686     9.401
   188.157    20.686     9.452
   191.178    20.686     9.452
   191.279    20.634     9.452
   191.381    20.582     9.452
   191.480    20.530     9.452
   191.582    20.376     9.554
   191.683    20.221     9.604
   191.783    20.170     9.604
   191.885    19.809     9.706
   191.985    19.757     9.757
   192.086    19.757     9.757
   192.185    19.706     9.859
   192.286    19.706    10.011
   192.387    19.654    10.113
   192.487    19.654    10.113
   192.589    19.602    10.164
   193.394    19.602    10.164
   193.496    19.550    10.164
   193.597    19.499    10.164
   193.697    19.344    10.265
   193.899    19.344    10.265
   194.000    19.293    10.367
   194.100    19.293    10.469
   194.301    19.293    10.469
   194.400    19.293    10.519
   194.502    19.293    10.570
   194.602    19.293    10.621
   195.008    19.293    10.621
   195.109    19.241    10.773
   195.209    19.138    11.078
   195.310    18.983    11.434
   195.411    19.035    11.485
   195.513    19.035    11.688
   195.613    19.035    11.993
   195.715    19.035    12.044
   195.815    19.035    12.095
   196.116    19.035    12.095
   196.216    19.035    12.196
   196.317    18.931    12.298
   196.418    18.931    12.298
   196.518    18.931    12.349
   201.648    18.931    12.349
   201.749    18.828    12.349
   201.951    18.828    12.349
   202.051    18.880    12.552
   202.151    18.880    12.552
   202.252    18.725    12.755
   202.352    18.725    12.857
   202.453    18.622    12.958
   202.554    18.570    13.009
   204.565    18.570    13.009
   204.666    18.519    13.060
   204.767    18.467    13.060
   204.969    18.467    13.060
   205.069    18.416    13.162
   205.170    18.364    13.162
   205.268    18.364    13.213
   210.299    18.364    13.213
   210.400    18.364    13.314
   210.601    18.364    13.314
   210.701    18.364    13.365
   210.802    18.364    13.365
   210.903    18.364    13.416
   211.003    18.364    13.416
   211.103    18.416    13.466
   211.204    18.519    13.568
   211.304    18.570    13.619
   212.309    18.570    13.619
   212.411    18.622    13.619
   214.930    18.622    13.619
   215.030    18.725    13.619
   215.432    18.725    13.619
   215.532    18.725    13.670
   215.734    18.725    13.670
   215.835    18.725    13.822
   219.658    18.725    13.822
   219.759    18.725    13.873
   219.960    18.725    13.873
   220.060    18.777    13.873
   220.361    18.777    13.873
   220.462    18.674    13.873
   220.562    18.674    13.822
   221.669    18.674    13.822
   221.770    18.674    13.721
   221.871    18.674    13.670
   222.476    18.674    13.670
   222.576    18.674    13.721
   222.676    18.674    13.822
   222.777    18.674    13.822
   222.878    18.674    13.975
   222.979    18.674    14.127
   223.079    18.674    14.178
   223.180    18.674    14.280
   223.279    18.725    14.432
   223.380    18.828    14.686
   223.481    18.880    14.940
   223.582    18.983    15.093
   223.683    19.190    15.296
   223.783    19.293    15.702
   223.884    19.293    15.753
   223.985    19.293    15.804
   224.085    19.344    16.007
   224.184    19.396    16.109
   224.286    19.396    16.160
   224.387    19.396    16.312
   224.487    19.396    16.363
   224.991    19.396    16.363
   225.091    19.499    16.363
   225.292    19.499    16.363
   225.393    19.499    16.515
   225.498    19.499    16.515
   225.599    19.499    16.668
   225.699    19.499    16.871
   225.800    19.499    17.075
   225.900    19.499    17.329
   226.001    19.550    17.532
   226.101    19.550    17.684
   226.203    19.550    17.684
   226.303    19.550    17.735
   226.403    19.550    17.735
   226.505    19.654    17.888
   226.605    19.654    18.040
   226.706    19.654    18.040
   226.807    19.654    18.142
   226.907    19.654    18.243
   227.008    19.706    18.396
   227.108    19.706    18.650
   227.209    19.706    18.650
   227.309    19.706    18.701
   227.409    19.706    18.802
   227.511    19.706    18.955
   227.611    19.706    19.107
   227.712    19.757    19.260
   227.812    19.757    19.666
   227.913    19.809    19.819
   228.014    19.809    19.971
   228.113    19.912    20.225
   228.214    20.015    20.479
   228.315    20.015    20.733
   228.415    20.015    21.038
   228.516    20.015    21.191
   228.617    20.066    21.191
   228.719    20.170    21.343
   228.819    20.170    21.546
   228.921    20.170    21.648
   230.932    20.170    21.648
   231.032    20.221    21.800
   231.133    20.221    21.800
   231.235    20.376    21.953
   231.335    20.376    22.105
   231.435    20.376    22.207
   231.535    20.376    22.308
   231.636    20.376    22.461
   231.737    20.376    22.461
   231.838    20.376    22.563
   231.938    20.376    22.613
   232.039    20.376    22.613
   232.140    20.376    22.715
   232.239    20.376    22.715
   232.340    20.376    22.868
   232.441    20.376    22.918
   232.541    20.376    23.020
   232.642    20.376    23.020
   232.743    20.376    23.071
   232.844    20.324    23.122
   232.944    20.221    23.274
   233.045    20.118    23.528
   233.145    20.066    23.986
   233.246    20.066    24.138
   233.348    19.706    24.494
   233.448    19.602    24.646
   233.549    19.499    24.697
   233.654    19.396    24.799
   233.955    19.396    24.799
   234.057    19.396    24.951
   234.156    19.396    25.002
   236.268    19.396    25.002
   236.369    19.447    25.002
   236.470    19.447    25.104
   241.601    19.447    25.104
   241.726    19.447    25.154
   241.803    19.447    25.154
   241.904    19.447    25.205
   242.005    19.447    25.256
   242.105    19.447    25.307
   242.307    19.447    25.307
   242.407    19.447    25.409
   242.508    19.447    25.459
   242.810    19.447    25.459
   242.910    19.447    25.357
   243.111    19.447    25.357
   243.211    19.447    25.307
   243.312    19.550    25.307
   243.412    19.654    25.307
   244.117    19.654    25.307
   244.217    19.241    25.307
   244.518    19.241    25.307
   244.620    19.035    25.409
   244.720    19.035    25.409
   244.821    18.880    25.459
   244.922    18.777    25.561
   245.022    18.570    25.561
   245.123    18.416    25.612
   245.223    18.210    25.662
   245.323    18.054    25.662
   245.424    17.848    25.662
   245.524    17.590    25.764
   245.626    17.333    25.866
   245.725    17.333    25.866
   245.827    17.074    25.866
   245.928    17.023    25.866
   246.028    16.971    25.866
   246.128    16.610    25.866
   246.228    16.352    25.866
   246.329    16.301    25.866
   246.430    15.991    25.866
   246.530    15.785    25.866
   246.631    15.578    25.917
   246.732    15.321    26.018
   246.833    15.063    26.018
   246.934    14.960    26.069
   247.034    14.908    26.120
   247.135    14.650    26.171
   247.234    14.392    26.222
   247.336    14.341    26.222
   247.435    14.341    26.222
   247.536    14.341    26.323
   249.047    14.341    26.323
   249.148    14.444    26.323
   250.858    14.444    26.323
   250.959    14.341    26.374
   251.060    14.341    26.374
   251.161    14.289    26.374
   251.262    14.134    26.374
   251.361    14.083    26.374
   251.462    13.825    26.374
   251.562    13.721    26.374
   251.663    13.721    26.374
   251.765    13.670    26.374
   251.865    13.412    26.374
   251.966    13.206    26.425
   252.065    13.154    26.425
   252.167    13.102    26.425
   252.267    12.896    26.425
   252.468    12.896    26.425
   252.568    12.690    26.425
   252.670    12.587    26.425
   252.770    12.535    26.425
   252.870    12.535    26.425
   252.972    12.277    26.425
   253.071    11.968    26.425
   253.173    11.761    26.425
   253.272    11.658    26.425
   253.373    11.504    26.425
   253.474    11.400    26.475
   253.575    11.245    26.679
   253.675    11.194    26.780
   253.978    11.194    26.780
   254.079    11.245    26.780
   254.180    11.349    26.780
   254.279    11.452    26.780
   254.380    11.452    26.679
   254.480    11.452    26.628
   254.581    11.452    26.577
   254.682    11.452    26.577
   254.782    11.452    26.628
   254.883    11.452    26.679
   254.984    11.504    26.831
   255.085    11.607    26.882
   255.185    11.710    26.882
   255.285    11.710    26.933
   255.386    11.710    26.933
   255.486    11.865    26.933
   255.688    11.865    26.933
   255.789    11.865    27.035
   256.091    11.865    27.035
   256.190    11.916    27.035
   256.292    11.916    27.035
   256.392    11.968    27.035
   256.895    11.968    27.035
   256.997    11.968    27.085
   257.098    12.225    27.136
   257.198    12.277    27.136
   257.299    12.277    27.136
   257.398    12.484    27.187
   259.210    12.484    27.187
   259.309    12.535    27.340
   259.410    12.535    27.340
   259.511    12.587    27.340
   259.611    12.845    27.390
   259.712    12.948    27.390
   259.812    13.051    27.390
   260.015    13.051    27.390
   260.114    13.051    27.441
   260.215    13.051    27.441
   260.315    13.102    27.441
   260.718    13.102    27.441
   260.818    13.206    27.441
   261.020    13.206    27.441
   261.121    13.257    27.492
   261.222    13.361    27.492
   261.321    13.670    27.492
   261.422    13.721    27.492
   261.523    13.825    27.492
   261.625    13.980    27.492
   261.725    13.980    27.492
   261.826    14.031    27.492
   261.927    14.134    27.492
   262.026    14.134    27.492
   262.127    14.289    27.492
   262.328    14.289    27.492
   262.429    14.392    27.492
   262.529    14.495    27.492
   262.630    14.857    27.492
   266.353    14.857    27.492
   266.455    14.908    27.492
   266.557    15.063    27.492
   266.656    15.063    27.492
   266.757    15.063    27.543
   266.858    15.166    27.543
   267.059    15.166    27.543
   267.159    15.217    27.543
   267.260    15.269    27.543
   267.360    15.269    27.543
   267.461    15.321    27.543
   271.485    15.321    27.543
   271.586    15.372    27.543
   271.890    15.372    27.543
   271.990    15.424    27.543
   272.091    15.475    27.543
   272.190    15.475    27.543
   272.291    15.630    27.543
   272.995    15.630    27.543
   273.096    15.681    27.543
   273.196    15.734    27.543
   273.297    15.785    27.543
   273.397    15.837    27.543
   273.498    15.940    27.543
   273.599    16.094    27.543
   273.700    16.146    27.593
   273.801    16.249    27.644
   273.900    16.301    27.695
   274.002    16.456    27.746
   274.101    16.456    27.746
   274.203    16.456    27.797
   274.304    16.507    27.797
   274.404    16.662    27.797
   274.505    16.714    27.797
   274.908    16.714    27.797
   275.009    16.765    27.797
   275.410    16.765    27.797
   275.511    16.817    27.797
   275.611    16.920    27.797
   275.712    16.971    27.797
   275.813    16.971    27.898
   275.913    16.971    28.051
   276.014    17.023    28.203
   276.115    17.023    28.407
   276.215    17.126    28.508
   276.315    17.126    28.712
   276.416    17.230    28.864
   276.517    17.333    29.118
   276.617    17.384    29.220
   276.718    17.384    29.321
   277.320    17.384    29.321
   277.422    17.487    29.372
   277.522    17.539    29.372
   277.824    17.539    29.372
   277.927    17.539    29.423
   278.027    17.539    29.474
   278.128    17.539    29.474
   278.228    17.539    29.525
   278.328    17.539    29.626
   278.429    17.539    29.728
   278.529    17.539    29.779
   278.630    17.539    29.880
   278.730    17.539    29.982
   278.933    17.539    29.982
   279.032    17.487    29.982
   279.133    17.436    30.033
   279.233    17.436    30.033
   279.334    17.384    30.084
   279.434    17.384    30.084
   279.535    17.384    30.135
   279.736    17.384    30.135
   279.838    17.384    30.185
   280.139    17.384    30.185
   280.239    17.384    30.236
   280.339    17.384    30.287
   281.143    17.384    30.287
   281.245    17.384    30.338
   281.346    17.436    30.338
   301.065    17.436    30.338
