     4.730     7.016     7.420
     5.383     7.016     7.420
     5.484     7.016     7.521
     5.585     7.016     7.521
     5.686     7.170     7.673
     5.786     7.273     7.725
     5.886     7.325     7.826
     5.987     7.376     8.182
     6.088     7.376     8.182
     6.187     7.480     8.283
     6.290     7.789     8.436
     6.391     8.202     8.588
     6.490     8.718     8.893
     6.592     8.872     8.995
     8.305     8.872     8.995
     8.404     9.028     9.300
     8.506     9.182     9.351
     8.606     9.285     9.401
     8.706     9.285     9.401
     8.808     9.337     9.401
     8.908     9.389     9.401
     9.009     9.440     9.351
     9.108     9.440     9.351
     9.210     9.492     9.198
     9.310     9.698     8.893
     9.412     9.956     8.538
     9.513    10.317     8.131
     9.613    10.369     8.029
     9.713    10.472     7.928
     9.813    10.626     7.775
     9.916    10.730     7.725
    10.017    10.730     7.673
    10.620    10.730     7.673
    10.721    11.039     7.673
    10.922    11.039     7.673
    11.022    11.349     7.673
    11.123    11.400     7.623
    11.324    11.400     7.623
    11.426    11.452     7.572
    11.526    11.452     7.572
    11.627    11.607     7.521
    11.728    11.607     7.470
    11.828    11.865     7.470
    12.030    11.865     7.470
    12.131    12.071     7.420
    12.232    12.432     7.420
    12.333    12.587     7.420
    12.435    12.690     7.318
    12.536    12.999     7.267
    13.340    12.999     7.267
    13.440    13.309     7.267
    13.542    13.464     7.267
    13.743    13.464     7.267
    13.843    13.721     7.369
    13.944    13.876     7.572
    14.045    13.980     7.623
    14.144    13.980     7.725
    15.353    13.980     7.725
    15.452    14.083     7.725
    15.555    14.134     7.725
    15.655    14.186     7.775
    15.756    14.444     8.029
    15.856    14.547     8.080
    15.957    14.650     8.080
    16.059    14.650     8.131
    16.661    14.650     8.131
    16.762    14.960     8.131
    16.861    14.960     8.131
    16.962    15.063     8.182
    20.188    15.063     8.182
    20.292    14.908     8.182
    20.393    14.857     8.182
    20.493    14.754     8.182
    21.397    14.754     8.182
    21.499    14.701     8.182
    21.600    14.598     8.182
    21.700    14.495     8.182
    21.801    14.392     8.283
    21.902    14.289     8.436
    22.002    14.237     8.487
    22.102    14.237     8.639
    22.203    14.134     8.791
    22.305    14.031     9.096
    22.405    13.980     9.249
    22.505    13.928     9.401
    22.606    13.721     9.604
    22.707    13.309    10.113
    22.808    13.206    10.367
    22.908    13.154    10.519
    23.009    13.102    10.519
    23.109    12.948    10.722
    23.209    12.896    10.875
    23.311    12.845    11.078
    23.411    12.845    11.282
    23.914    12.845    11.282
    24.014    12.638    11.332
    24.116    12.432    11.485
    24.217    12.329    11.637
    24.318    12.277    11.637
    25.426    12.277    11.637
    25.536    12.225    11.891
    25.637    12.174    11.993
    26.943    12.174    11.993
    27.045    12.122    12.196
    27.145    12.122    12.298
    27.246    12.071    12.349
    27.951    12.071    12.349
    28.052    11.968    12.349
    28.154    11.916    12.349
    28.256    11.916    12.349
    28.357    11.607    12.400
    28.458    11.194    12.450
    29.062    11.194    12.450
    29.163    10.936    12.450
    29.263    10.936    12.450
    29.364    10.730    12.501
    29.465    10.730    12.501
    29.565    10.626    12.603
    29.666    10.420    12.653
    29.767    10.162    12.755
    29.867     9.905    12.806
    29.969     9.749    12.806
    31.180     9.749    12.806
    31.280     9.698    12.908
    31.390     9.698    12.908
    31.491     9.595    13.111
    31.591     9.234    13.771
    31.692     9.028    14.076
    31.793     8.924    14.127
    31.894     8.924    14.127
    31.999     8.409    14.636
    32.100     8.150    14.940
    32.199     7.996    15.144
    32.300     7.789    15.296
    32.399     7.635    15.499
    32.501     7.531    15.652
    32.602     7.376    15.804
    32.702     7.222    15.906
    32.803     7.067    15.906
    32.904     7.016    15.906
    33.005     6.964    16.007
    33.407     6.964    16.007
    33.509     6.912    16.160
    33.610     6.912    16.262
    34.718     6.912    16.262
    34.818     7.325    16.312
    35.220     7.325    16.312
    35.321     7.325    16.414
    35.422     7.376    16.567
    35.522     7.635    16.719
    35.623     7.738    16.871
    35.724     7.738    16.871
    35.824     7.789    16.922
    35.926     7.944    17.125
    36.024     8.150    17.227
    36.127     8.254    17.278
    36.227     8.615    17.380
    36.327     9.028    17.481
    36.430     9.079    17.735
    36.531     9.079    17.888
    36.642     9.079    17.989
    36.743     9.337    18.091
    36.844     9.595    18.243
    36.943     9.646    18.498
    37.045     9.646    18.701
    37.144     9.646    18.904
    37.246     9.698    19.158
    37.347     9.852    19.514
    37.447    10.008    19.971
    37.549    10.008    20.225
    37.649    10.162    20.886
    38.053    10.162    20.886
    38.152     9.905    21.038
    38.253     9.698    21.292
    38.352     9.698    21.292
    38.454     9.698    21.394
    38.555     9.543    21.495
    38.655     9.234    21.750
    38.766     8.976    22.105
    38.867     8.718    22.258
    38.968     8.409    22.360
    39.067     8.047    22.613
    39.168     7.686    22.969
    39.269     7.325    23.274
    39.370     6.603    23.782
    39.471     6.190    24.036
    39.579     5.829    24.138
    39.680     5.262    24.392
    39.781     4.643    24.544
    39.881     4.230    24.697
    39.981     3.972    24.697
    40.082     3.611    24.799
    40.183     3.198    24.951
    40.283     2.683    25.154
    40.384     2.218    25.357
    40.484     1.960    25.612
    40.585     1.909    25.612
    44.609     1.909    25.612
    44.710     1.909    25.764
    44.812     1.909    25.764
    44.912     1.857    25.815
    45.012     1.806    25.866
    45.112     1.754    25.917
    45.213     1.703    26.018
    45.312     1.547    26.171
    45.414     1.547    26.222
    46.823     1.547    26.222
    46.922     1.857    26.425
    47.022     1.857    26.425
    47.123     2.012    26.526
    47.227     2.115    26.577
    47.327     2.321    26.679
    47.428     2.631    26.831
    47.528     2.786    26.933
    47.630     2.992    26.933
    48.133     2.992    26.933
    48.232     3.095    26.933
    48.332     3.405    26.933
    48.434     3.508    26.933
    48.534     3.560    26.933
    48.635     3.920    26.933
    48.735     4.024    26.933
    48.836     4.282    26.933
    48.936     4.540    26.984
    49.037     4.591    27.035
    49.138     4.643    27.035
    49.339     4.643    27.035
    49.439     4.849    27.035
    49.542     5.210    27.085
    49.643     5.520    27.085
    49.742     5.778    27.085
    49.843     5.829    27.085
    50.851     5.829    27.085
    50.950     6.139    27.085
    51.554     6.139    27.085
    51.654     6.345    27.085
    51.756     6.500    27.085
    52.864     6.500    27.085
    52.966     6.603    27.085
    53.067     6.655    27.085
    53.167     6.758    27.085
    53.269     7.016    27.085
    53.369     7.170    27.085
    53.672     7.170    27.085
    53.772     7.273    27.085
    53.874     7.376    27.085
    53.974     7.480    27.085
    54.073     7.480    27.035
    54.175     7.583    26.933
    54.275     7.892    26.577
    54.376     7.944    26.526
    54.577     7.944    26.526
    54.679     7.944    26.475
    54.779     7.996    26.425
    54.880     8.099    26.374
    54.980     8.150    26.272
    55.081     8.202    26.171
    55.182     8.357    26.171
    55.281     8.512    26.171
    55.383     8.666    26.120
    55.483     8.924    26.120
    55.586     9.182    26.120
    55.686     9.440    26.120
    55.786     9.543    26.120
    55.887     9.595    26.120
    55.987     9.698    26.120
    56.088     9.698    26.069
    56.189     9.698    26.018
    56.290     9.801    26.018
    56.391     9.905    26.018
    56.491     9.956    26.018
    56.592    10.059    25.917
    56.793    10.059    25.917
    56.894    10.369    25.917
    56.994    10.678    25.917
    57.094    10.781    25.917
    57.195    10.885    25.917
    57.296    10.988    26.018
    57.496    10.988    26.018
    57.598    11.039    26.018
    57.698    11.091    26.018
    57.800    11.142    26.069
    58.302    11.142    26.069
    58.403    11.194    26.120
    58.505    11.245    26.171
    58.605    11.245    26.222
    58.707    11.400    26.222
    58.807    11.452    26.272
    58.908    11.504    26.323
    59.009    11.555    26.323
    59.109    11.710    26.374
    59.210    11.710    26.374
    59.311    11.761    26.374
    59.411    11.865    26.425
    59.512    11.916    26.475
    59.813    11.916    26.475
    59.915    11.916    26.577
    60.015    11.916    26.679
    60.820    11.916    26.679
    60.921    11.968    26.679
    61.322    11.968    26.679
    61.423    11.968    26.730
    61.523    11.968    26.780
    63.033    11.968    26.780
    63.135    12.019    26.831
    63.235    12.071    26.831
    63.336    12.174    26.831
    63.436    12.225    26.882
    63.538    12.225    26.933
    63.639    12.277    26.933
    63.738    12.277    26.984
    63.841    12.432    27.085
    63.942    12.535    27.136
    64.042    12.690    27.136
    64.143    12.793    27.136
    64.245    12.896    27.136
    64.346    12.896    27.136
    64.446    12.948    27.238
    64.547    12.999    27.238
    64.648    13.102    27.288
    64.749    13.102    27.340
    64.849    13.361    27.340
    64.950    13.464    27.340
    65.452    13.464    27.340
    65.553    13.464    27.390
    65.654    13.464    27.390
    65.754    13.567    27.390
    65.854    13.721    27.390
    65.954    13.876    27.441
    66.056    14.031    27.441
    66.156    14.031    27.441
    66.258    14.083    27.441
    66.358    14.186    27.441
    66.458    14.237    27.441
    66.559    14.341    27.441
    66.660    14.495    27.441
    66.761    14.650    27.441
    66.861    14.754    27.441
    66.961    14.857    27.441
    67.061    14.960    27.441
    67.263    14.960    27.441
    67.363    15.063    27.441
    67.464    15.269    27.441
    67.564    15.475    27.441
    67.665    15.630    27.441
    67.766    15.785    27.441
    67.866    15.837    27.441
    68.179    15.837    27.441
    68.278    15.888    27.492
    68.379    15.991    27.492
    68.479    16.146    27.492
    68.581    16.249    27.593
    68.681    16.352    27.593
    69.084    16.352    27.593
    69.185    16.404    27.593
    69.286    16.404    27.644
    69.386    16.404    27.644
    69.487    16.404    27.746
    69.588    16.456    27.746
    69.687    16.507    27.797
    69.789    16.559    27.797
    69.890    16.765    27.848
    69.988    16.817    27.848
    70.190    16.817    27.848
    70.291    16.817    28.051
    70.392    16.817    28.153
    70.493    16.817    28.254
    70.595    16.971    28.356
    70.696    17.023    28.610
    70.797    17.230    28.813
    70.898    17.487    29.067
    70.999    17.642    29.220
    71.100    17.694    29.271
    73.215    17.694    29.271
    73.315    17.694    29.423
    73.417    17.694    29.474
    73.518    17.694    29.525
    74.020    17.694    29.525
    74.120    17.797    29.677
    74.221    17.848    29.677
    74.321    17.900    29.677
    76.744    17.900    29.677
    76.845    17.951    29.677
    77.045    17.951    29.677
    77.145    17.951    29.728
    77.347    17.951    29.728
    77.448    17.951    29.830
    77.548    17.951    29.982
    77.648    17.951    30.135
    77.750    17.951    30.287
    77.850    17.951    30.287
    77.950    17.951    30.338
    79.964    17.951    30.338
    80.063    17.951    30.388
    80.164    17.951    30.439
    80.466    17.951    30.439
    80.568    17.951    30.592
    80.668    17.951    30.643
    80.769    17.951    30.693
    82.387    17.951    30.693
    82.487    18.054    30.744
    84.802    18.054    30.744
    84.903    18.054    30.795
    85.003    18.054    30.795
    85.103    18.054    30.846
    85.205    18.054    30.897
    85.506    18.054    30.897
    85.607    18.054    30.998
    85.708    18.054    30.998
    85.809    18.106    30.998
