     2.081    14.192     2.505
    27.890    14.192     2.505
    27.991    14.037     2.657
    28.092    13.986     2.708
    28.192    13.934     2.708
    28.294    13.934     2.708
    28.393    13.934     2.809
    28.495    13.934     2.911
    92.941    13.934     2.911
    93.042    14.089     2.911
    93.141    14.192     2.911
    93.344    14.192     2.911
    93.444    14.089     2.911
    93.544    13.986     2.911
   103.413    13.986     2.911
   103.513    14.037     2.911
   103.614    14.089     2.911
   103.922    14.089     2.911
   104.023    14.089     3.063
   104.124    14.089     3.164
   118.217    14.089     3.164
   118.318    14.141     3.215
   118.418    14.347     3.316
   120.832    14.347     3.316
   120.932    14.552     3.519
   121.033    14.552     3.621
   128.916    14.552     3.621
   129.016    14.655     3.621
   129.319    14.655     3.621
   129.419    14.810     3.621
   129.518    14.861     3.621
   130.627    14.861     3.621
   130.728    14.913     3.621
   146.726    14.913     3.621
   146.827    15.016     3.773
   146.927    15.119     3.976
   147.028    15.170     4.077
   147.129    15.222     4.178
   164.937    15.222     4.178
   165.038    15.222     4.077
   165.138    15.170     3.976
   165.238    15.119     3.874
   165.340    15.067     3.874
   165.441    15.067     3.773
   165.540    15.016     3.773
   165.640    14.964     3.621
   165.943    14.964     3.621
   166.044    14.964     3.519
   166.447    14.964     3.519
   166.546    14.964     3.468
   168.458    14.964     3.468
   168.557    14.861     3.468
   168.758    14.861     3.468
   168.860    14.810     3.468
   168.960    14.810     3.468
   169.060    14.758     3.468
   169.162    14.707     3.519
   169.261    14.655     3.519
   172.383    14.655     3.519
   172.483    14.655     3.570
   172.584    14.552     3.621
   173.187    14.552     3.621
   173.288    14.501     3.621
   199.043    14.501     3.621
   199.142    15.376     3.621
   199.243    16.097     3.671
   199.343    16.097     3.671
   199.444    15.994     3.671
   199.846    15.994     3.671
   199.948    15.943     3.671
   200.148    15.943     3.671
   200.249    15.737     3.671
   200.349    15.480     3.722
   209.004    15.480     3.722
   209.104    15.428     3.874
   209.205    15.067     4.280
   209.305    15.016     4.280
   209.507    15.016     4.280
   209.606    15.016     4.381
   209.707    14.913     4.685
   209.807    14.913     4.837
   248.866    14.913     4.837
   248.967    14.913     4.685
   249.067    14.913     4.634
   249.169    14.913     4.634
   249.268    14.964     4.634
   249.369    14.964     4.584
   249.469    15.016     4.483
   249.570    15.170     4.483
   249.671    15.170     4.432
   249.771    15.170     4.381
   249.872    15.170     4.330
   249.971    15.170     4.280
   250.073    15.119     4.229
   250.174    15.016     4.178
   250.274    15.016     4.128
   320.111    15.016     4.128
   320.212    14.913     4.178
   320.312    14.707     4.280
   320.413    14.707     4.280
   320.514    14.655     4.280
   389.839    14.655     4.280
   389.939    14.552     4.178
   390.041    14.295     4.178
   390.141    14.244     4.128
   390.242    14.244     4.077
   390.342    14.244     3.925
   390.442    14.192     3.874
   429.593    14.192     3.874
   429.694    14.089     3.722
  1032.744    14.089     3.722
  1032.845    14.244     3.823
  1033.953    14.244     3.823
  1034.053    14.192     3.823
  1034.154    14.141     3.823
  1034.254    14.089     3.823
  1258.100    14.089     3.823
  1258.201    14.089     3.773
  1258.300    14.089     3.570
  1258.401    14.089     3.519
  1258.502    14.089     3.468
  1338.190    14.089     3.468
  1338.291    14.089     3.418
  1345.033    14.089     3.418
  1345.133    14.089     3.367
  1345.233    14.089     3.367
  1345.334    14.141     3.367
  1345.837    14.141     3.367
  1345.938    14.037     3.367
  1346.239    14.037     3.367
  1346.340    14.037     3.468
  1346.441    14.037     3.519
  1346.541    14.037     3.570
  1579.294    14.037     3.570
  1579.395    14.192     3.570
  1579.495    14.347     3.570
  1579.597    14.398     3.570
  1579.698    14.501     3.519
  1579.797    14.552     3.519
  1579.999    14.552     3.519
  1580.099    14.501     3.468
  1580.201    14.450     3.468
  1619.237    14.450     3.468
  1619.337    14.450     3.722
  1619.437    14.450     3.773
  1619.538    14.450     3.823
  1619.639    14.450     4.026
  1619.740    14.450     4.077
  1619.839    14.450     4.077
  1619.940    14.347     4.077
  1620.242    14.347     4.077
  1620.343    14.347     4.128
  1620.444    14.347     4.330
  1620.544    14.347     4.381
  1631.912    14.347     4.381
  1632.013    14.347     4.330
  1632.114    14.347     4.229
  1632.215    14.347     4.128
  1632.316    14.347     4.077
  1632.417    14.347     4.026
  1632.518    14.347     3.976
  1632.718    14.347     3.976
  1632.819    14.347     3.874
  1632.919    14.347     3.823
  1633.020    14.347     3.722
  1633.423    14.347     3.722
  1633.524    14.398     3.722
  1635.837    14.398     3.722
  1635.938    14.450     3.722
  1636.038    14.450     3.823
  1636.140    14.501     3.823
  1637.045    14.501     3.823
  1637.145    14.450     3.823
  1637.346    14.450     3.823
  1637.449    14.450     3.722
  1637.549    14.450     3.519
  1637.650    14.450     3.468
  1637.749    14.450     3.418
  1646.906    14.450     3.418
  1647.007    14.655     3.671
  1647.107    14.655     3.773
  1647.207    14.707     3.874
  1649.420    14.707     3.874
  1649.522    14.758     4.026
  1649.621    14.758     4.077
  1649.824    14.758     4.077
  1649.923    14.707     4.077
  1651.835    14.707     4.077
  1651.936    14.604     4.077
  1658.734    14.604     4.077
  1658.835    14.707     4.432
  1658.935    14.707     4.634
  1672.017    14.707     4.634
  1672.117    14.707     4.584
  1672.218    14.655     4.533
  1688.117    14.655     4.533
  1688.217    14.707     4.584
  1688.318    14.707     4.584
  1688.418    14.707     4.685
  1688.519    14.707     4.787
  1688.618    14.707     4.939
  1695.462    14.707     4.939
  1695.564    14.604     4.939
  1695.663    14.450     5.091
  1695.771    14.141     5.548
  1695.871    14.089     5.649
  1696.073    14.089     5.649
  1696.173    14.037     5.446
  1696.777    14.037     5.446
  1696.877    14.037     5.395
  1709.758    14.037     5.395
  1709.858    13.883     5.395
  1713.279    13.883     5.395
  1713.379    13.883     5.548
  1713.580    13.883     5.548
  1713.680    13.883     5.699
  1713.781    13.883     5.902
  1714.888    13.883     5.902
  1714.989    13.883     6.004
  1715.089    13.883     6.004
  1715.191    13.883     6.105
  1715.291    13.883     6.105
  1715.392    13.883     6.257
  1715.492    13.883     6.308
  1716.397    13.883     6.308
  1716.498    13.728     6.511
  1716.599    13.625     6.663
  1716.700    13.522     6.663
  1716.799    13.368     6.815
  1716.900    13.214     6.917
  1717.000    13.111     7.018
  1717.101    13.059     7.018
  1717.201    12.905     7.068
  1717.405    12.905     7.068
  1717.505    12.750     7.068
  1717.705    12.750     7.068
  1717.807    12.492     7.068
  1719.214    12.492     7.068
  1719.316    12.544     7.119
  1719.416    12.544     7.119
  1719.517    12.595     7.221
  1720.222    12.595     7.221
  1720.323    12.647     7.221
  1720.423    12.698     7.221
  1722.233    12.698     7.221
  1722.334    12.647     7.221
  1722.637    12.647     7.221
  1722.737    12.698     7.170
  1722.837    12.698     7.170
  1722.938    12.750     7.170
  1723.038    12.853     7.170
  1723.742    12.853     7.170
  1723.843    12.905     7.170
  1723.945    12.905     7.322
  1724.045    12.905     7.373
  1724.145    12.905     7.373
  1724.245    12.905     7.423
  1724.346    12.905     7.525
  1724.448    12.905     7.626
  1724.548    12.905     7.677
  1725.353    12.905     7.677
  1725.452    12.905     7.779
  1725.553    12.905     7.829
  1725.654    12.905     7.829
  1725.754    12.905     7.880
  1725.855    12.905     7.880
  1725.955    12.905     7.930
  1726.056    12.905     7.981
  1746.782    12.905     7.981
  1746.882    13.162     8.235
  1746.983    13.162     8.488
  1747.083    13.162     8.539
  1747.486    13.162     8.539
  1747.586    13.162     8.590
  1747.687    13.162     8.792
  1747.787    13.162     8.945
  1747.888    13.162     8.995
  1747.989    13.162     9.046
  1748.090    13.162     9.148
  1749.799    13.162     9.148
  1749.901    13.162     9.249
  1752.315    13.162     9.249
  1752.415    13.162     9.299
  1752.517    13.214     9.655
  1752.616    13.265     9.756
  1752.717    13.214     9.756
  1760.567    13.214     9.756
  1760.667    13.059     9.705
  1775.055    13.059     9.705
  1775.203    13.111     9.655
  1775.606    13.111     9.655
  1775.705    13.162     9.655
  1824.140    13.162     9.655
  1824.240    13.162     9.756
  1824.844    13.162     9.756
  1824.946    13.111     9.756
  1846.476    13.111     9.756
  1846.576    12.905    10.009
  1846.679    12.853    10.162
  1846.779    12.853    10.162
  1846.878    12.853    10.212
  1846.981    12.853    10.314
  1847.081    12.853    10.364
  1867.200    12.853    10.364
  1867.301    12.802    10.364
  1867.805    12.802    10.364
  1867.906    12.905    10.364
  1868.006    12.905    10.364
  1868.107    12.905    10.314
  1868.206    12.905    10.263
  1868.308    12.905    10.212
  1868.610    12.905    10.212
  1868.709    13.008    10.162
  1874.144    13.008    10.162
  1874.244    13.008     9.756
  2025.995    13.008     9.756
  2026.096    13.265     9.756
  2026.197    13.317     9.756
  2026.599    13.317     9.756
  2026.699    13.317     9.655
  2026.901    13.317     9.655
  2027.002    13.420     9.655
  2027.103    13.471     9.655
  2136.524    13.471     9.655
  2136.624    13.471     9.604
  2136.726    13.471     9.553
  2136.824    13.471     9.553
  2136.925    13.420     9.502
  2137.228    13.420     9.502
  2137.328    13.471     9.502
  2741.215    13.471     9.502
  2741.315    13.625     9.655
  2741.415    13.677     9.655
  2742.523    13.677     9.655
  2742.624    13.420     9.604
  2742.724    13.368     9.604
  2742.825    13.368     9.604
  2742.926    13.471     9.604
  2743.025    13.522     9.604
  2764.558    13.522     9.604
  2764.659    13.522     9.553
  2764.760    13.522     9.502
  2765.263    13.522     9.502
  2765.363    13.625     9.655
  2765.464    13.677     9.655
  2765.967    13.677     9.655
  2766.068    13.574     9.655
  2812.650    13.574     9.655
  2812.751    13.883     9.401
  2812.852    13.934     9.350
  2812.952    13.728     9.350
  2813.053    13.625     9.350
  2813.154    13.625     9.299
  2895.750    13.625     9.299
  2895.851    13.625     9.249
  2895.951    13.677     9.249
  2896.052    13.677     9.198
  2896.151    13.677     9.148
  2896.253    13.677     9.097
  2896.353    13.677     8.995
  2896.454    13.677     8.894
  2896.555    13.677     8.792
  2896.655    13.728     8.742
  2896.756    13.728     8.742
  2896.856    13.780     8.742
  2898.769    13.780     8.742
  2898.869    13.780     8.691
  2898.970    13.780     8.539
  2899.071    13.780     8.488
  2899.372    13.780     8.488
  2899.473    13.780     8.387
  2899.572    13.780     8.387
  2899.673    13.728     8.336
  2900.276    13.728     8.336
  2900.377    13.728     8.235
  2901.484    13.728     8.235
  2901.586    13.728     8.184
  2901.687    13.677     8.133
  2902.188    13.677     8.133
  2902.289    13.574     8.032
  2906.212    13.574     8.032
  2906.312    13.471     8.032
  2906.515    13.471     8.032
  2906.615    13.471     7.981
  2906.716    13.471     7.930
  2906.815    13.471     7.930
  2906.917    13.471     7.880
  2907.117    13.471     7.880
  2907.218    13.471     7.677
  2907.318    13.471     7.626
  2907.419    13.471     7.575
  2907.520    13.471     7.525
  2910.337    13.471     7.525
  2910.437    13.471     7.474
  2910.538    13.471     7.474
  2910.639    13.471     7.423
  2912.350    13.471     7.423
  2912.450    13.471     7.373
  2912.550    13.471     7.271
  2914.562    13.471     7.271
  2914.663    13.471     7.221
  2914.764    13.471     7.221
  2914.865    13.471     7.170
  2915.066    13.471     7.170
  2915.167    13.471     7.119
  2915.268    13.471     7.119
  2915.367    13.471     7.018
  2915.469    13.471     6.967
  2918.186    13.471     6.967
  2918.285    13.368     7.018
  2918.386    13.317     7.018
  2919.292    13.317     7.018
  2919.392    13.265     7.018
  2919.695    13.265     7.018
  2919.795    13.214     7.018
  2922.814    13.214     7.018
  2922.916    13.214     6.917
  2923.218    13.214     6.917
  2923.318    13.214     6.866
  2923.419    13.214     6.866
  2923.520    13.214     6.764
  2923.720    13.214     6.764
  2923.821    13.214     6.714
  2923.922    13.214     6.663
  2924.525    13.214     6.663
  2924.627    13.214     6.612
  2924.727    13.214     6.561
  2925.229    13.214     6.561
  2925.330    13.265     6.561
  2925.431    13.265     6.561
  2925.531    13.265     6.612
  2925.632    13.265     6.663
  2925.834    13.265     6.663
  2925.934    13.317     6.764
  2926.034    13.368     6.815
  2926.136    13.420     6.815
  2927.242    13.420     6.815
  2927.344    13.420     6.764
  2927.443    13.368     6.714
  2927.947    13.368     6.714
  2928.047    13.317     6.714
  2928.147    13.265     6.714
  2929.960    13.265     6.714
  2930.061    13.317     6.714
  2931.972    13.317     6.714
  2932.072    13.317     6.663
  2933.580    13.317     6.663
  2933.681    13.317     6.612
  2939.718    13.317     6.612
  2939.817    13.471     6.612
  2943.478    13.471     6.612
  2943.579    13.522     6.561
  2943.680    13.522     6.511
  2943.780    13.522     6.511
  2943.881    13.522     6.460
  2943.980    13.522     6.410
  2944.082    13.574     6.410
  2944.686    13.574     6.410
  2944.786    13.625     6.410
  2944.887    13.677     6.359
  2944.987    13.677     6.206
  2945.088    13.728     6.156
  2947.503    13.728     6.156
  2947.604    13.728     6.206
  2947.705    13.728     6.359
  2947.806    13.728     6.410
  2947.906    13.728     6.460
  2948.005    13.780     6.561
  2948.106    13.831     6.663
  2948.207    13.831     6.764
  2948.308    13.883     6.866
  2948.408    13.883     6.866
  2948.510    13.986     6.866
  2948.610    14.037     6.764
  2948.710    14.037     6.764
  2948.811    14.089     6.764
  2949.213    14.089     6.764
  2949.313    14.089     6.714
  2949.414    14.089     6.663
  2950.622    14.089     6.663
  2950.723    13.986     6.612
  2951.428    13.986     6.612
  2951.527    13.934     6.561
  2951.628    13.934     6.511
  2951.728    13.883     6.511
  2985.997    13.883     6.511
  2986.097    13.876     6.454
  3481.747    13.876     6.454
  3481.848    13.876     6.708
  3481.949    13.876     6.759
  3482.150    13.876     6.759
  3482.250    13.928     6.759
  3482.752    13.928     6.759
  3482.853    13.928     6.708
  3482.954    13.928     6.657
  3710.756    13.928     6.657
  3710.859    13.980     6.505
  4260.362    13.980     6.505
  4260.462    13.928     6.505
  4260.564    13.773     6.505
  4424.050    13.773     6.505
  4424.150    13.825     6.251
  4424.251    13.825     6.200
  4424.351    13.825     6.200
  4424.451    13.876     6.200
  4424.755    13.876     6.200
  4424.854    13.928     6.200
  4424.956    13.928     6.098
  4425.258    13.928     6.098
  4425.357    14.083     6.098
  4425.458    14.186     6.098
  4425.558    14.237     6.098
  4425.659    14.289     5.997
  4425.761    14.341     5.895
  4425.861    14.392     5.895
  4425.962    14.392     5.844
  4426.062    14.392     5.742
  4426.163    14.392     5.692
  4426.867    14.392     5.692
  4426.968    15.063     5.794
  4427.068    15.166     5.895
  4427.170    15.011     5.895
  4427.269    14.650     5.742
  4427.370    14.598     5.742
  4431.395    14.598     5.742
  4431.496    14.341     5.794
  4431.597    14.237     5.794
  4432.099    14.237     5.794
  4432.200    14.083     5.844
  4432.301    13.980     5.844
  4432.401    13.980     5.844
  4432.502    13.825     5.895
  4432.601    13.618     6.047
  4432.804    13.618     6.047
  4432.904    13.464     6.098
  4433.005    13.361     6.149
  4433.408    13.361     6.149
  4433.508    13.309     6.149
  4433.609    12.999     6.149
  4433.710    12.948     6.149
  4433.810    12.896     6.149
  4433.911    12.793     6.149
  4434.012    12.793     6.149
  4434.113    12.741     6.149
  4434.214    12.535     6.251
  4434.312    12.432     6.251
  4434.413    12.381     6.251
  4434.614    12.381     6.251
  4434.715    12.277     6.251
  4434.816    12.071     6.251
  4434.917    11.968     6.251
  4435.017    11.916     6.251
  4435.118    11.658     6.251
  4435.219    11.504     6.352
  4437.432    11.504     6.352
  4437.533    11.555     6.352
  4440.351    11.555     6.352
  4440.452    11.400     6.403
  4440.551    11.400     6.454
  4440.651    11.245     6.607
  4440.753    11.245     6.657
  4440.956    11.245     6.657
  4441.056    11.194     6.657
  4441.660    11.194     6.657
  4441.761    11.091     6.759
  4441.861    10.988     6.911
  4442.163    10.988     6.911
  4442.263    10.781     7.064
  4442.364    10.730     7.115
  4442.465    10.626     7.318
  4442.565    10.626     7.420
  4442.666    10.626     7.470
  4442.867    10.626     7.470
  4442.968    10.626     7.572
  4443.068    10.626     7.623
  4443.169    10.626     7.673
  4443.268    10.626     7.673
  4443.369    10.523     7.877
  4443.470    10.317     8.080
  4443.570    10.214     8.283
  4443.672    10.162     8.385
  4443.771    10.059     8.487
  4443.873     9.905     8.690
  4443.973     9.852     8.842
  4444.074     9.698     8.995
  4444.175     9.595     9.096
  4444.275     9.595     9.147
  4444.376     9.595     9.198
  4444.476     9.646     9.249
  4444.577     9.646     9.300
  4444.678     9.646     9.300
  4444.778     9.646     9.401
  4444.879     9.595     9.401
  4445.683     9.595     9.401
  4445.784     9.595     9.503
  4445.885     9.595     9.554
  4446.187     9.595     9.554
  4446.287     9.595     9.706
  4447.294     9.595     9.706
  4447.393     9.646     9.706
  4447.495     9.646     9.706
  4447.596     9.698     9.706
  4447.696     9.698     9.706
  4447.797     9.749     9.706
  4453.835     9.749     9.706
  4453.935     9.801     9.656
  4454.036     9.852     9.604
  4454.137     9.852     9.554
  4454.238     9.852     9.503
  4454.337     9.852     9.554
  4454.437     9.956     9.808
  4454.538     9.956     9.909
  4454.638     9.956     9.909
  4454.740    10.008     9.909
  4454.841    10.008     9.909
  4454.941    10.008     9.859
  4455.142    10.008     9.859
  4455.242    10.214     9.859
  4455.343    10.265     9.859
  4455.644    10.265     9.859
  4455.746    10.214     9.859
  4455.947    10.214     9.859
  4456.049    10.111     9.859
  4456.148     9.905     9.859
  4456.348     9.905     9.859
  4456.450     9.698     9.960
  4456.550     9.646     9.960
  4456.650     9.646     9.960
  4456.751     9.595     9.960
  4456.852     9.440     9.960
  4456.953     9.389     9.960
  4457.054     9.337     9.960
  4457.254     9.337     9.960
  4457.354     9.285     9.960
  4457.456     9.182     9.960
  4457.556     9.079     9.960
  4457.657     8.976     9.960
  4457.758     8.821     9.808
  4457.858     8.563     9.706
  4457.959     8.460     9.706
  4458.059     8.409     9.706
  4458.159     8.357     9.706
  4458.462     8.357     9.706
  4458.562     8.254     9.706
  4458.663     8.150     9.706
  4458.763     8.047     9.706
  4459.065     8.047     9.706
  4459.165     7.892     9.554
  4459.265     7.892     9.401
  4459.367     7.841     9.300
  4459.467     7.841     9.147
  4459.568     7.841     9.096
  4460.071     7.841     9.096
  4460.171     7.892     9.046
  4460.272     7.892     9.046
  4460.372     7.892     8.995
  4461.882     7.892     8.995
  4461.982     7.996     8.995
  4462.083     8.150     9.046
  4462.183     8.202     9.046
  4463.389     8.202     9.046
  4463.490     8.202     8.995
  4463.591     8.202     8.944
  4463.691     8.202     8.893
  4463.994     8.202     8.893
  4464.095     8.202     8.842
  4464.195     8.254     8.842
  4464.496     8.254     8.842
  4464.597     8.254     8.893
  4464.697     8.254     8.995
  4464.798     8.254     9.046
  4464.899     8.254     9.096
  4465.402     8.254     9.096
  4465.503     8.409     9.096
  4469.830     8.409     9.096
  4469.930     8.305     9.096
  4470.635     8.305     9.096
  4470.734     8.254     9.096
  4472.043     8.254     9.096
  4472.143     8.254     9.046
  4472.245     8.254     8.995
  4472.345     8.254     8.995
  4472.446     8.254     8.944
  4472.546     8.254     8.893
  4472.647     8.254     8.791
  4472.748     8.254     8.741
  4472.847     8.254     8.690
  4472.949     8.305     8.690
  4473.050     8.305     8.690
  4473.149     8.512     8.639
  4473.351     8.512     8.639
  4473.452     8.615     8.487
  4473.552     8.615     8.436
  4473.653     8.666     8.385
  4473.754     8.769     8.283
  4473.854     8.769     8.283
  4473.954     8.924     8.233
  4474.055     9.028     8.131
  4474.156     9.182     7.978
  4474.357     9.182     7.978
  4474.457     9.234     7.978
  4474.557     9.234     7.928
  4474.658     9.234     7.928
  4474.760     9.337     7.826
  4474.859     9.337     7.775
  4475.062     9.337     7.775
  4475.162     9.337     7.725
  4482.106     9.337     7.725
  4482.207     9.337     7.521
  4482.308     9.337     7.318
  4482.509     9.337     7.318
  4482.609     9.131     7.064
  4482.710     9.028     7.013
  4484.622     9.028     7.013
  4484.722     9.028     6.657
  4484.822     9.028     6.657
  4484.924     9.028     6.505
  4485.024     8.976     6.352
  4485.125     8.976     6.302
  4485.226     8.976     6.302
  4485.326     8.976     6.149
  4485.929     8.976     6.149
  4486.031     8.976     6.098
  4486.132     8.976     5.946
  4486.232     8.976     5.794
  4486.333     8.821     5.692
  4486.432     8.769     5.641
  4488.044     8.769     5.641
  4488.144     8.976     5.641
  4488.245     9.131     5.641
  4488.546     9.131     5.641
  4488.646     9.182     5.641
  4489.049     9.182     5.641
  4489.150     9.285     5.742
  4489.451     9.285     5.742
  4489.552     9.337     5.794
  4489.652     9.337     5.794
  4489.754     9.337     5.844
  4489.854     9.337     5.895
  4491.363     9.337     5.895
  4491.463     9.440     6.098
  4491.563     9.440     6.149
  4491.764     9.440     6.149
  4491.865     9.440     6.200
  4491.967     9.492     6.200
  4492.067     9.492     6.200
  4492.168     9.492     6.302
  4492.268     9.595     6.302
  4492.369     9.646     6.302
  4492.470     9.698     6.302
  4492.569     9.749     6.302
  4504.745     9.749     6.302
  4504.846    10.730     7.013
  4504.946    13.618     8.639
  4505.047    13.515     8.893
  4505.146    11.813     7.826
  4505.247    11.297     7.470
  4505.347    11.658     7.673
  4505.449    11.400     7.572
  4505.550    10.781     7.420
  4536.944    10.781     7.420
  4537.045    10.833     7.420
  4537.145    10.936     7.420
  4537.648    10.936     7.420
  4537.749    11.091     7.420
  4537.849    11.142     7.420
  4550.236    11.142     7.420
  4550.336    11.245     7.420
  4550.437    11.349     7.470
  4550.538    11.400     7.572
  4550.638    11.504     7.725
  4550.739    11.555     7.928
  4550.840    11.555     7.978
  4550.940    11.504     8.029
  4551.041    11.452     8.080
  4551.141    11.452     8.131
  4551.242    11.400     8.131
  4551.343    11.349     8.182
  4551.443    11.297     8.182
  4551.543    11.297     8.182
  4551.643    11.142     8.233
  4551.744    11.039     8.283
  4579.427    11.039     8.283
  4579.527    11.142     8.283
  4579.628    11.194     8.233
  4579.729    11.194     8.233
  4579.830    11.245     8.029
  4579.930    11.245     8.029
  4580.030    11.245     7.877
  4580.132    11.245     7.826
  4580.231    11.245     7.725
  4580.332    11.245     7.725
  4580.432    11.400     7.572
  4580.533    11.452     7.572
  4803.231    11.452     7.572
  4803.331    11.555     7.673
  4803.431    11.555     7.725
  4803.532    11.607     7.775
  4803.633    11.504     7.775
  4803.732    11.452     7.775
  4803.834    11.452     7.725
  4804.036    11.452     7.725
  4804.136    11.504     7.725
  4804.538    11.504     7.725
  4804.638    11.504     7.623
  4804.841    11.504     7.623
  4804.941    11.658     7.572
  4805.544    11.658     7.572
  4805.645    11.761     7.572
  4805.746    11.916     7.572
  4805.846    11.968     7.521
  4805.947    11.968     7.521
  4806.048    11.968     7.470
  4806.148    11.968     7.470
  4806.249    11.968     7.420
  4806.349    11.968     7.318
  4806.450    11.968     7.267
  4806.551    12.019     7.216
  4806.651    12.071     7.216
  4806.751    12.225     7.115
  4807.859    12.225     7.115
  4807.961    12.225     7.064
  4808.061    12.225     7.013
  4808.262    12.225     7.013
  4808.363    12.277     6.911
  4808.463    12.277     6.860
  4809.269    12.277     6.860
  4809.371    12.381     6.810
  4809.672    12.381     6.810
  4809.772    12.432     6.810
  4809.873    12.432     6.810
  4809.973    12.484     6.810
  4811.885    12.484     6.810
  4811.986    12.484     6.860
  4812.087    12.484     6.911
  4812.187    12.484     6.962
  4812.289    12.484     7.013
  4812.387    12.484     7.115
  4812.489    12.484     7.165
  4813.896    12.484     7.165
  4813.998    12.329     7.165
  4814.300    12.329     7.165
  4814.399    12.277     7.165
  4814.500    12.174     7.267
  4814.600    12.174     7.318
  4814.701    12.174     7.318
  4814.802    12.174     7.369
  4817.015    12.174     7.369
  4817.116    12.329     7.420
  4817.217    12.329     7.521
  4817.317    12.329     7.673
  4818.523    12.329     7.673
  4818.624    12.329     7.725
  4819.630    12.329     7.725
  4819.731    12.329     7.775
  4820.635    12.329     7.775
  4820.736    12.329     7.877
  4820.838    12.329     8.029
  4820.938    12.329     8.029
  4821.039    12.329     8.131
  4821.139    12.329     8.334
  4821.240    12.329     8.385
  4821.341    12.329     8.436
  4821.542    12.329     8.436
  4821.641    12.277     8.487
  4821.743    12.225     8.487
  4822.145    12.225     8.487
  4822.247    12.225     8.538
  4822.347    12.225     8.538
  4822.447    12.277     8.538
  4825.063    12.277     8.538
  4825.165    12.277     8.588
  4825.668    12.277     8.588
  4825.767    12.432     8.791
  4825.869    12.432     8.842
  4825.968    12.432     8.893
  4826.069    12.535     9.046
  4826.171    12.638     9.249
  4826.271    12.690     9.351
  4826.372    12.793     9.351
  4826.471    12.845     9.351
  4826.573    12.948     9.401
  4826.774    12.948     9.401
  4826.875    12.999     9.503
  4826.975    13.051     9.656
  4827.076    13.051     9.656
  4827.175    13.206     9.757
  4827.277    13.515     9.808
  4827.378    13.773     9.859
  4827.477    13.773     9.909
  4827.579    13.876    10.011
  4827.679    14.031    10.062
  4827.780    14.392    10.113
  4827.881    14.495    10.164
  4827.981    14.701    10.265
  4828.082    14.960    10.316
  4828.182    15.166    10.418
  4828.283    15.217    10.469
  4828.384    15.217    10.570
  4828.885    15.217    10.570
  4828.986    15.217    10.672
  4829.087    15.321    10.722
  4829.188    15.372    10.722
  4829.389    15.372    10.722
  4829.489    15.424    10.824
  4829.590    15.578    10.977
  4829.690    15.681    10.977
  4829.792    15.734    11.027
  4829.891    15.785    11.027
  4829.993    15.837    11.027
  4830.093    15.940    11.078
  4830.196    15.991    11.231
  4830.296    15.991    11.332
  4830.396    16.043    11.434
  4830.496    16.043    11.485
  4830.798    16.043    11.485
  4830.898    16.094    11.485
  4830.999    16.146    11.485
  4831.100    16.197    11.485
  4833.414    16.197    11.485
  4833.514    16.301    11.485
  4833.615    16.352    11.485
  4833.815    16.352    11.485
  4833.917    16.404    11.485
  4834.017    16.507    11.637
  4834.118    16.559    11.688
  4835.225    16.559    11.688
  4835.326    16.610    11.688
  4835.527    16.610    11.688
  4835.627    16.662    11.739
  4835.727    16.765    11.739
  4835.829    16.765    11.739
  4835.929    16.817    11.739
  4836.131    16.817    11.739
  4836.231    16.714    11.739
  4836.332    16.507    11.739
  4836.431    16.456    11.739
  4836.835    16.456    11.739
  4836.934    16.352    11.739
  4837.036    16.301    11.739
  4837.639    16.301    11.739
  4837.740    16.249    11.840
  4837.842    16.146    12.095
  4837.942    16.094    12.298
  4838.044    16.094    12.450
  4838.143    16.094    12.755
  4838.245    16.094    12.908
  4838.345    16.094    13.060
  4838.445    16.146    13.213
  4838.547    16.249    13.416
  4838.646    16.249    13.568
  4838.747    16.249    13.721
  4838.848    16.249    13.771
  4838.948    16.249    13.771
  4839.050    16.301    13.975
  4839.150    16.301    14.076
  4839.452    16.301    14.076
  4839.551    16.301    14.127
  4839.652    16.249    14.483
  4839.753    16.249    14.636
  4839.854    16.249    14.686
  4839.954    16.146    14.788
  4840.054    15.991    14.889
  4840.155    15.837    15.042
  4840.257    15.785    15.042
  4840.357    15.785    15.093
  4840.483    15.785    15.093
  4840.559    15.785    15.194
  4840.659    15.785    15.245
  4842.067    15.785    15.245
  4842.169    15.785    15.144
  4842.269    15.785    15.042
  4842.369    15.785    14.991
  4842.671    15.785    14.991
  4842.771    15.734    14.991
  4847.801    15.734    14.991
  4847.902    15.681    14.991
  4848.003    15.681    14.991
  4848.102    15.630    15.093
  4848.204    15.630    15.144
  4848.304    15.527    15.296
  4848.405    15.424    15.397
  4848.506    15.321    15.499
  4848.606    15.166    15.652
  4848.707    15.114    15.702
  4848.807    15.114    15.702
  4848.908    15.114    15.753
  4849.010    15.063    15.753
  4849.310    15.063    15.753
  4849.412    15.011    15.753
  4849.512    14.960    15.804
  4849.612    14.908    15.855
  4849.713    14.857    15.855
  4850.014    14.857    15.855
  4850.116    14.805    15.855
  4850.216    14.805    15.855
  4850.317    14.754    15.855
  4850.418    14.701    15.855
  4850.517    14.598    15.804
  4850.820    14.598    15.804
  4850.921    14.495    15.753
  4851.021    14.341    15.753
  4851.121    14.237    15.753
  4851.221    14.186    15.753
  4851.322    13.928    15.702
  4851.424    13.773    15.702
  4851.523    13.618    15.702
  4851.624    13.567    15.702
  4851.724    13.412    15.702
  4851.825    13.361    15.702
  4851.925    13.206    15.702
  4852.026    13.051    15.702
  4852.128    12.845    15.702
  4852.227    12.793    15.702
  4852.428    12.793    15.702
  4852.529    12.741    15.652
  4852.630    12.690    15.601
  4852.730    12.638    15.550
  4852.831    12.535    15.499
  4852.931    12.535    15.449
  4853.032    12.484    15.449
  4853.134    12.484    15.397
  4854.241    12.484    15.397
  4854.341    12.484    15.347
  4854.442    12.432    15.245
  4854.542    12.381    15.194
  4854.642    12.329    15.194
  4857.158    12.329    15.194
  4857.258    12.225    15.194
  4857.358    12.122    15.144
  4857.459    12.071    15.144
  4862.993    12.071    15.144
  4863.094    12.019    15.144
  4863.195    11.968    15.144
  4863.295    11.916    15.144
  4863.596    11.916    15.144
  4863.697    11.865    15.144
  4867.923    11.865    15.144
  4868.022    11.607    15.397
  4868.123    11.607    15.397
  4868.223    11.452    15.550
  4868.324    11.349    15.601
  4868.425    11.349    15.601
  4868.524    11.297    15.601
  4868.626    11.245    15.601
  4868.726    11.194    15.601
  4869.029    11.194    15.601
  4869.130    11.039    15.499
  4869.230    10.833    15.499
  4869.330    10.781    15.499
  4869.633    10.781    15.499
  4869.733    10.781    15.449
  4869.834    10.678    15.347
  4869.934    10.420    15.093
  4870.035    10.317    15.093
  4870.437    10.317    15.093
  4870.537    10.265    15.093
  4870.638    10.162    15.093
  4870.739    10.059    15.042
  4870.840    10.008    15.042
  4871.543    10.008    15.042
  4871.644     9.956    15.042
  4871.745     9.956    15.042
  4871.846     9.749    15.042
  4871.948     9.440    14.991
  4872.148     9.440    14.991
  4872.250     9.389    14.991
  4872.350     9.234    14.991
  4872.450     8.924    15.144
  4872.550     8.666    15.397
  4872.651     8.512    15.601
  4872.751     8.460    15.601
  4872.852     8.460    15.652
  4873.053     8.460    15.652
  4873.154     8.512    15.652
  4873.257     8.512    15.601
  4875.270     8.512    15.601
  4875.371     8.460    15.601
  4875.471     8.357    15.601
  4875.572     8.150    15.550
  4875.673     8.099    15.550
  4875.874     8.099    15.550
  4875.974     8.047    15.550
  4876.075     7.944    15.601
  4876.175     7.892    15.601
  4876.678     7.892    15.601
  4876.780     7.892    15.753
  4876.881     7.738    15.957
  4876.981     7.583    16.160
  4877.082     7.583    16.211
  4877.182     7.583    16.211
  4877.283     7.531    16.262
  4877.383     7.429    16.363
  4877.483     7.325    16.465
  4877.585     7.222    16.617
  4877.685     7.119    16.871
  4877.786     7.119    16.922
  4877.886     7.119    16.973
  4877.988     7.067    17.024
  4878.089     7.016    17.075
  4878.189     6.964    17.125
  4878.289     6.964    17.227
  4878.389     6.964    17.430
  4878.490     6.964    17.583
  4878.591     6.964    17.633
  4878.691     6.861    17.786
  4878.792     6.552    18.091
  4878.892     6.242    18.396
  4878.994     6.139    18.498
  4879.093     5.829    18.751
  4879.196     5.674    18.853
  4879.297     5.623    18.904
  4879.396     5.571    18.904
  4879.597     5.571    18.904
  4879.699     5.468    18.955
  4879.800     5.416    18.955
  4879.900     5.365    19.056
  4880.002     5.313    19.056
  4880.101     5.159    19.107
  4880.202     5.056    19.107
  4880.302     4.952    19.209
  4880.403     4.746    19.361
  4880.504     4.591    19.514
  4880.604     4.385    19.768
  4880.705     4.127    19.971
  4880.805     3.869    20.174
  4880.906     3.663    20.276
  4881.007     3.611    20.377
  4881.107     3.560    20.429
  4881.208     3.508    20.479
  4881.307     3.405    20.581
  4882.918     3.405    20.581
  4883.018     3.353    20.581
  4883.119     3.198    20.581
  4883.219     3.147    20.581
  4883.320     3.044    20.581
  4883.420     2.837    20.632
  4883.520     2.683    20.733
  4883.622     2.631    20.733
  4885.535     2.631    20.733
  4885.634     2.631    20.835
  4885.735     2.631    20.987
  4885.837     2.631    21.242
  4885.937     2.631    21.394
  4886.039     2.631    21.445
  4886.138     2.476    21.699
  4886.239     2.476    21.902
  4886.340     2.476    22.105
  4886.441     2.528    22.461
  4886.541     2.528    22.664
  4886.743     2.528    22.664
  4886.843     2.528    22.766
  4886.945     2.631    22.969
  4887.045     2.631    23.071
  4887.146     2.683    23.274
  4887.247     2.683    23.325
  4887.347     2.683    23.325
  4887.448     2.683    23.376
  4888.755     2.683    23.376
  4888.855     2.683    23.426
  4888.956     2.683    23.528
  4889.056     2.683    23.630
  4889.158     2.683    23.681
  4889.460     2.683    23.681
  4889.560     2.683    23.782
  4889.660     2.683    23.782
  4889.761     2.683    23.884
  4889.862     2.683    23.935
  4889.963     2.683    23.986
  4890.566     2.683    23.986
  4890.666     2.734    23.986
  4890.767     2.837    24.138
  4891.069     2.837    24.138
  4891.170     2.940    24.189
  4891.270     2.992    24.239
  4891.471     2.992    24.239
  4891.572     3.250    24.544
  4891.674     3.250    24.595
  4891.774     3.250    24.697
  4891.875     3.353    24.849
  4891.975     3.560    25.002
  4892.076     3.663    25.154
  4892.176     3.766    25.256
  4892.278     3.869    25.459
  4892.378     3.869    25.459
  4892.478     3.920    25.459
  4892.579     3.920    25.510
  4892.678     3.920    25.510
  4892.780     3.972    25.561
  4892.881     4.076    25.713
  4892.981     4.127    25.815
  4893.082     4.179    25.866
  4893.182     4.333    25.967
  4893.284     4.385    26.018
  4893.383     4.488    26.120
  4893.483     4.591    26.120
  4893.585     4.591    26.171
  4893.685     4.694    26.171
  4893.786     4.746    26.171
  4893.886     4.952    26.171
  4893.987     5.107    26.171
  4894.088     5.107    26.171
  4894.188     5.210    26.171
  4894.289     5.313    26.171
  4894.388     5.365    26.222
  4894.490     5.416    26.222
  4894.590     5.520    26.222
  4894.691     5.571    26.272
  4894.792     5.623    26.272
  4894.892     5.778    26.374
  4894.993     5.829    26.374
  4895.093     5.984    26.374
  4895.194     6.139    26.374
  4895.295     6.345    26.374
  4895.395     6.603    26.374
  4895.496     6.706    26.425
  4895.596     6.809    26.475
  4895.697     6.861    26.475
  4895.798     6.912    26.475
  4895.898     7.067    26.526
  4895.999     7.222    26.526
  4896.099     7.325    26.526
  4896.200     7.376    26.526
  4896.300     7.531    26.526
  4896.401     7.686    26.526
  4896.502     7.789    26.526
  4896.601     7.789    26.526
  4896.702     7.841    26.526
  4896.802     7.892    26.526
  4898.815     7.892    26.526
  4898.917     7.944    26.526
  4899.017     8.150    26.475
  4899.118     8.305    26.475
  4899.218     8.460    26.475
  4899.319     8.666    26.475
  4899.420     8.924    26.475
  4899.520     9.079    26.475
  4899.622     9.389    26.475
  4899.721     9.543    26.475
  4899.823     9.698    26.475
  4900.526     9.698    26.475
  4900.627     9.698    26.425
  4900.728     9.698    26.374
  4900.829     9.749    26.323
  4900.929     9.801    26.323
  4901.029     9.852    26.272
  4901.130     9.956    26.272
  4901.231    10.059    26.272
  4901.331    10.214    26.272
  4901.432    10.420    26.272
  4901.532    10.523    26.272
  4901.634    10.626    26.272
  4901.734    10.678    26.272
  4901.835    10.781    26.272
  4901.935    10.936    26.272
  4902.037    11.091    26.272
  4902.137    11.245    26.272
  4902.238    11.349    26.272
  4902.338    11.400    26.272
  4902.438    11.504    26.272
  4902.540    11.607    26.272
  4902.639    11.710    26.272
  4902.741    11.761    26.222
  4902.841    11.916    26.171
  4902.942    12.122    26.171
  4903.043    12.277    26.171
  4903.343    12.277    26.171
  4903.444    12.432    26.171
  4903.546    12.484    26.120
  4903.646    12.587    26.120
  4903.747    12.638    26.069
  4903.846    12.741    26.069
  4903.948    12.845    25.917
  4904.049    12.896    25.917
  4904.149    12.948    25.917
  4904.250    12.999    25.917
  4904.349    13.051    25.917
  4904.451    13.051    25.917
  4904.550    13.051    25.866
  4905.257    13.051    25.866
  4905.356    13.051    25.713
  4905.758    13.051    25.713
  4905.860    12.690    25.917
  4905.961    12.535    25.967
  4906.061    12.432    25.967
  4906.162    12.329    26.018
  4906.262    12.122    26.069
  4906.362    11.916    26.222
  4906.463    11.813    26.374
  4907.468    11.813    26.374
  4907.569    11.710    26.374
  4907.972    11.710    26.374
  4908.073    11.658    26.374
  4908.274    11.658    26.374
  4908.375    11.555    26.374
  4908.474    11.452    26.374
  4908.575    11.400    26.374
  4908.776    11.400    26.374
  4908.877    11.349    26.374
  4908.978    11.245    26.374
  4909.079    11.091    26.374
  4909.179    11.091    26.374
  4909.280    11.039    26.374
  4909.380    10.781    26.374
  4909.480    10.626    26.374
  4909.582    10.626    26.374
  4909.681    10.575    26.374
  4909.783    10.317    26.425
  4909.884    10.111    26.425
  4909.985     9.905    26.425
  4910.086     9.852    26.425
  4910.186     9.801    26.425
  4910.287     9.801    26.425
  4910.387     9.698    26.272
  4910.487     9.595    26.222
  4910.589     9.543    26.120
  4910.688     9.285    26.120
  4910.790     9.182    26.120
  4910.890     9.131    26.120
  4910.991     9.028    26.120
  4911.092     8.872    26.120
  4911.191     8.769    26.120
  4911.292     8.615    26.069
  4911.392     8.512    25.967
  4911.494     8.305    25.764
  4911.594     8.254    25.713
  4911.695     8.047    25.662
  4911.795     7.686    25.561
  4911.896     7.376    25.357
  4911.997     7.222    25.205
  4912.097     7.119    25.154
  4912.198     6.861    24.951
  4912.299     6.500    24.849
  4912.399     6.190    24.748
  4912.500     6.139    24.748
  4912.601     6.293    24.900
  4913.004     6.293    24.900
  4913.104     6.396    24.799
  4913.205     6.500    24.494
  4913.305     6.552    24.239
  4913.406     6.655    24.087
  4913.506     6.706    23.681
  4913.606     6.706    23.122
  4913.707     6.706    22.969
  4913.807     6.706    22.766
  4913.909     6.706    22.563
  4914.009     6.655    22.156
  4914.110     6.655    22.004
  4914.210     6.655    21.851
  4914.311     6.655    21.495
  4914.412     6.603    21.191
  4914.512     6.603    21.038
  4914.613     6.603    20.937
  4914.714     6.603    20.886
  4914.815     6.552    20.733
  4914.917     6.500    20.733
  4915.218     6.500    20.733
  4915.319     6.448    20.733
  4915.420     6.396    20.733
  4915.520     6.190    20.733
  4915.620     6.190    20.733
  4915.720     6.139    20.682
  4915.821     6.139    20.581
  4915.923     6.139    20.377
  4916.023     6.139    20.174
  4916.123     6.139    19.819
  4916.224     6.139    19.615
  4916.325     6.087    19.463
  4916.424     6.087    19.311
  4916.526     6.087    19.158
  4916.627     6.036    18.853
  4916.726     6.036    18.701
  4916.828     6.036    18.548
  4916.927     6.036    18.446
  4917.029     6.036    18.243
  4917.130     6.036    18.142
  4917.331     6.036    18.142
  4917.431     6.036    18.091
  4917.531     5.932    18.091
  4917.732     5.932    18.091
  4917.834     5.984    18.040
  4917.933     6.139    18.040
  4918.035     6.139    17.989
  4918.135     6.139    17.735
  4918.236     6.139    17.684
  4918.337     6.139    17.583
  4918.436     6.139    17.430
  4918.538     6.242    17.430
  4918.638     6.293    17.430
  4918.739     6.345    17.380
  4918.839     6.603    17.380
  4918.940     6.603    17.380
  4919.041     6.655    17.380
  4924.573     6.655    17.380
  4924.674     6.603    17.329
  4924.875     6.603    17.329
  4924.976     6.448    17.329
  4925.077     6.293    17.380
  4925.177     6.190    17.481
  4925.278     5.984    17.532
  4925.379     5.778    17.532
  4925.478     5.571    17.735
  4925.579     5.468    17.888
  4925.680     5.313    18.040
  4925.781     5.262    18.091
  4926.183     5.262    18.091
  4926.284     5.107    18.193
  4926.384     4.746    18.345
  4926.484     4.076    18.345
  4926.585     3.817    18.294
  4926.685     3.456    18.142
  4926.786     2.940    17.989
  4926.887     2.528    17.837
  4926.987     2.167    17.837
  4927.089     1.857    17.786
  4927.189     1.754    17.786
  4927.290     1.600    17.735
  4927.390     1.600    17.633
  4927.491     1.600    17.532
  4927.591     1.600    17.430
  4927.692     1.547    17.278
  4927.792     1.290    16.922
  4927.892     1.084    16.719
  4927.994     0.980    16.719
  4928.194     0.980    16.719
  4928.296     0.980    16.567
  4928.396     0.980    16.363
  4928.496     0.980    16.160
  4928.597     0.980    16.007
  4928.698     0.980    15.804
  4928.798     0.980    15.753
  4929.301     0.980    15.753
  4929.402     1.032    15.753
  4929.804     1.032    15.753
  4929.905     0.929    15.753
  4930.006     0.877    15.652
  4930.106     0.877    15.652
  4930.207     0.877    15.601
  4930.307     0.826    15.550
  4930.408     0.826    15.499
  4930.508     0.826    15.347
  4930.608     0.826    15.296
  4931.112     0.826    15.296
  4931.213     0.877    15.245
  4936.343     0.877    15.245
  4936.445     0.980    15.245
  4936.646     0.980    15.245
  4936.746     1.032    15.245
  4943.287     1.032    15.245
  4943.387     1.084    15.245
  4943.488     1.135    15.245
  4943.589     1.187    15.245
  4943.689     1.238    15.245
  4952.140     1.238    15.245
  4952.241     1.341    15.194
  4952.341     1.393    15.042
  4952.443     1.393    14.940
  4952.543     1.444    14.839
  4952.643     1.496    14.737
  4952.745     1.496    14.686
  4952.844     1.600    14.636
  4952.945     1.703    14.483
  4953.047     1.703    14.381
  4955.863     1.703    14.381
  4955.964     1.754    14.381
  4956.064     1.754    14.229
  4956.166     1.754    14.076
  4956.266     1.754    13.924
  4956.365     1.806    13.670
  4956.466     1.857    13.518
  4956.567     1.857    13.314
  4956.668     1.857    13.111
  4956.768     1.857    12.958
  4956.869     1.857    12.908
  4956.969     1.909    12.704
  4957.071     1.960    12.653
  4957.171     2.064    12.603
  4957.272     2.115    12.501
  4957.373     2.115    12.400
  4957.472     2.115    12.298
  4957.573     2.115    12.247
  4957.674     2.115    12.145
  4957.774     2.115    12.044
  4957.875     2.115    11.942
  4957.975     2.115    11.840
  4958.077     2.115    11.739
  4958.177     2.115    11.637
  4958.277     2.115    11.383
  4958.378     2.115    11.231
  4958.478     2.115    11.129
  4963.106     2.115    11.129
  4963.207     2.167    11.129
  4963.306     2.218    11.129
  4964.010     2.218    11.129
  4964.111     2.321    11.129
  4964.212     2.424    11.129
  4964.312     2.528    11.129
  4964.413     2.580    11.129
  4964.513     2.580    11.231
  4964.614     2.631    11.282
  4964.716     2.683    11.383
  4964.816     2.683    11.383
  4964.917     2.734    11.383
  4965.218     2.734    11.383
  4965.319     2.734    11.332
  4965.420     2.734    11.282
  4965.621     2.734    11.282
  4965.721     2.889    11.282
  4965.822     3.044    11.282
  4969.354     3.044    11.282
  4969.455     3.095    11.282
  4969.555     3.095    11.231
  4969.757     3.095    11.231
  4969.857     3.095    11.180
  4969.957     3.095    11.180
  4970.058     3.095    11.129
  4970.159     3.095    11.129
  4970.259     3.095    11.078
  4970.461     3.095    11.078
  4970.561     3.147    11.078
  4970.662     3.147    11.078
  4970.762     3.198    11.078
  4970.863     3.250    11.078
  4970.965     3.302    11.078
  4971.065     3.353    11.078
  4971.166     3.405    11.078
  4971.267     3.456    11.078
  4971.367     3.508    11.078
  4971.467     3.560    11.078
  4972.775     3.560    11.078
  4972.876     3.456    11.180
  4972.977     3.456    11.231
  4975.491     3.456    11.231
  4975.592     3.560    11.282
  4975.793     3.560    11.282
  4975.894     3.611    11.282
  4975.996     3.663    11.282
  4976.097     3.714    11.282
  4976.197     3.869    11.282
  4976.397     3.869    11.282
  4976.499     3.920    11.282
  4976.598     3.920    11.282
  4976.700     3.920    11.231
  4977.605     3.920    11.231
  4977.706     4.179    11.231
  4977.806     4.282    11.231
  4977.907     4.436    11.231
  4978.008     4.591    11.332
  4978.108     5.004    11.485
  4978.209     5.159    11.688
  4978.308     5.159    11.739
  4978.409     5.262    11.739
  4978.510     5.313    11.739
  4978.611     5.365    11.739
  4982.547     5.365    11.739
  4982.647     5.313    11.587
  4982.748     5.262    11.587
  4982.949     5.262    11.587
  4983.049     5.210    11.587
  4983.151     5.107    11.587
  4983.251     4.952    11.587
  4997.133     4.952    11.587
  4997.234     5.004    11.434
  4997.335     5.004    11.383
  4997.434     5.056    11.383
  4998.441     5.056    11.383
  4998.542     5.107    11.383
  4998.643     5.107    11.383
  4998.744     5.159    11.383
  5023.796     5.159    11.383
  5023.895     5.416    11.383
  5028.123     5.416    11.383
  5028.224     5.416    11.434
  5031.242     5.416    11.434
  5031.342     5.416    11.485
  5031.444     5.416    11.535
  5031.545     5.416    11.535
  5031.645     5.416    11.587
  5031.746     5.468    11.587
  5032.048     5.468    11.587
  5032.149     5.520    11.587
  5160.941     5.520    11.587
  5161.042     5.416    11.688
  5161.143     5.416    11.688
  5161.244     5.416    11.739
  5161.443     5.416    11.739
  5161.545     5.416    11.790
  5161.644     5.416    11.891
  5380.165     5.416    11.891
  5380.265     5.623    11.942
  5380.366     5.984    11.942
  5380.465     5.984    11.993
  5380.567     6.087    11.993
  5380.667     6.087    11.993
  5380.767     6.139    11.993
  5380.869     6.139    11.993
  5380.968     6.190    11.993
  5381.070     6.242    11.993
  5382.378     6.242    11.993
  5382.479     6.552    11.942
  5394.652     6.552    11.942
  5394.753     6.500    11.993
  5394.853     6.500    12.095
  5394.954     6.500    12.247
  5395.054     6.500    12.400
  5395.155     6.706    12.552
  5395.255     7.016    12.552
  5395.358     7.016    12.552
  5395.459     7.067    12.501
  5395.558     7.067    12.349
  5395.659     7.067    12.247
  5395.759     7.067    12.145
  5395.860     7.067    12.044
  5395.962     7.067    11.942
  5396.062     7.067    11.739
  5396.163     7.067    11.637
  5396.263     7.067    11.485
  5396.364     7.067    11.383
  5396.463     7.067    11.231
  5396.564     7.067    11.180
  5396.665     7.067    11.027
  5396.765     7.067    10.926
  5396.867     7.067    10.926
  5396.967     7.067    10.824
  5397.268     7.067    10.824
  5397.369     7.067    10.773
  5397.470     7.016    10.773
  5397.570     6.964    10.672
  5397.670     6.964    10.570
  5397.872     6.964    10.570
  5397.972     7.119    10.570
  5398.073     7.170    10.469
  5398.174     7.222    10.418
  5398.274     7.222    10.367
  5398.376     7.222    10.316
  5398.475     7.222    10.265
  5399.682     7.222    10.265
  5399.784     7.170    10.265
  5399.883     7.170    10.265
  5399.984     7.222    10.265
  5400.085     7.222    10.265
  5400.185     7.273    10.265
  5400.287     7.325    10.265
  5401.493     7.325    10.265
  5401.593     7.222    10.316
  5403.807     7.222    10.316
  5403.909     7.119    10.316
  5404.008     7.016    10.316
  5404.109     6.964    10.265
  5404.211     6.912    10.265
  5404.311     6.809    10.265
  5404.412     6.655    10.265
  5404.511     6.500    10.265
  5404.612     6.396    10.265
  5404.712     6.396    10.214
  5404.813     6.345    10.214
  5404.914     6.345    10.164
  5405.115     6.345    10.164
  5405.216     6.293    10.164
  5406.926     6.293    10.164
  5407.027     6.190    10.113
  5407.129     6.190    10.062
  5407.228     6.139    10.062
  5407.329     6.087    10.011
  5407.429     6.087    10.011
  5407.531     6.036    10.011
  5409.243     6.036    10.011
  5409.343     5.984     9.960
  5410.046     5.984     9.960
  5410.147     5.881     9.960
  5411.052     5.881     9.960
  5411.154     5.829     9.960
  5411.456     5.829     9.960
  5411.556     5.778     9.960
  5411.757     5.778     9.960
  5411.858     5.726     9.960
  5411.959     5.674    10.062
  5412.059     5.520    10.214
  5415.680     5.520    10.214
  5415.781     5.520    10.367
  5415.881     5.571    10.367
  5416.183     5.571    10.367
  5416.284     5.571    10.469
  5427.855     5.571    10.469
  5427.957     5.623    10.469
  5428.057     5.674    10.469
  5428.158     5.726    10.469
  5428.258     5.778    10.469
  5450.394     5.778    10.469
  5450.496     5.674    10.570
  5450.596     5.571    10.672
  5481.385     5.571    10.672
  5481.486     5.571    10.570
  5486.517     5.571    10.570
  5486.618     5.571    10.621
  5486.718     5.571    10.672
  5493.358     5.571    10.672
  5493.458     5.726    10.722
  5493.558     5.881    10.824
  5494.062     5.881    10.824
  5494.163     5.778    10.824
