     0.656    40.945    11.138
     1.431    40.945    11.138
     1.533    40.945    11.069
     1.635    40.945    11.000
     1.736    40.945    10.931
     2.043    40.945    10.931
     2.148    40.945    10.863
     2.250    40.945    10.863
     2.352    40.875    10.863
     2.456    40.805    10.863
     2.764    40.805    10.863
     2.878    40.805    10.725
     2.980    40.805    10.656
     3.082    40.736    10.656
     3.186    40.666    10.450
     3.288    40.457    10.313
     3.491    40.457    10.313
     3.594    40.457    10.244
     3.696    40.457    10.244
     3.804    40.526    10.175
     3.909    40.526    10.106
     4.012    40.526    10.106
     4.116    40.596    10.106
     5.645    40.596    10.106
     5.746    40.596    10.037
     5.947    40.596    10.037
     6.048    40.526    10.037
     6.149    40.457     9.900
     6.250    40.457     9.900
     6.351    40.457     9.832
     7.582    40.457     9.832
     7.684    40.387     9.969
     7.785    40.387    10.037
     7.887    40.318    10.037
     8.195    40.318    10.037
     8.296    40.318    10.106
     8.398    40.318    10.106
     8.500    40.318    10.175
     8.605    40.318    10.175
     8.710    40.248    10.175
     9.221    40.248    10.175
     9.324    40.248    10.244
     9.428    40.178    10.244
     9.632    40.178    10.244
     9.737    40.178    10.313
     9.839    40.108    10.381
     9.940    40.108    10.381
    10.043    40.038    10.450
    11.462    40.038    10.450
    11.563    40.038    10.519
    11.664    40.038    10.588
    11.766    40.038    10.656
    12.068    40.038    10.656
    12.170    40.038    10.725
    12.271    39.968    10.725
    15.402    39.968    10.725
    15.504    39.968    10.794
    15.604    39.968    10.794
    15.706    40.038    10.863
    15.806    40.038    10.863
    15.906    40.038    10.931
    16.007    40.108    10.931
    16.107    40.108    11.000
    20.044    40.108    11.000
    20.144    40.108    10.863
    20.246    40.108    10.588
    20.346    40.108    10.588
    20.447    40.038    10.519
    20.548    40.038    10.381
    20.852    40.038    10.381
    20.954    40.038    10.450
    21.056    40.108    10.519
    21.358    40.108    10.519
    21.458    40.108    10.588
    21.558    40.178    10.656
    21.659    40.178    10.725
    21.760    40.178    10.794
    22.467    40.178    10.794
    22.569    40.248    10.794
    22.671    40.248    10.794
    22.773    40.387    10.863
    23.278    40.387    10.863
    23.379    40.387    10.931
    23.480    40.387    10.931
    23.581    40.387    11.000
    23.682    40.387    11.069
    23.984    40.387    11.069
    24.085    40.387    11.138
    24.186    40.387    11.138
    24.287    40.387    11.206
    24.389    40.387    11.206
    24.491    40.457    11.413
    24.596    40.666    11.619
    24.698    40.666    11.688
    24.798    40.736    11.756
    24.899    40.736    11.825
    25.000    40.736    11.825
    25.101    40.736    11.894
    25.203    40.805    11.963
    25.507    40.805    11.963
    25.607    40.875    12.031
    25.710    40.945    12.031
    26.012    40.945    12.031
    26.115    41.085    12.169
    26.216    41.224    12.238
    26.317    41.294    12.306
    26.418    41.364    12.375
    26.519    41.433    12.444
    26.620    41.503    12.444
    26.820    41.503    12.444
    26.921    41.573    12.444
    27.021    41.642    12.444
    27.121    41.712    12.444
    27.223    41.782    12.512
    27.323    41.852    12.512
    27.426    41.852    12.582
    29.254    41.852    12.582
    29.357    41.852    12.512
    29.762    41.852    12.512
    29.862    41.852    12.444
    30.366    41.852    12.444
    30.469    41.922    12.444
    30.570    42.131    12.444
    30.671    42.201    12.444
    30.773    42.270    12.444
    31.176    42.270    12.444
    31.280    42.201    12.375
    31.383    42.201    12.375
    31.485    42.201    12.306
    31.793    42.201    12.306
    31.895    42.131    12.238
    32.610    42.131    12.238
    32.712    42.131    12.169
    37.223    42.131    12.169
    37.326    42.201    12.100
    37.533    42.201    12.100
    37.635    42.270    12.100
    42.358    42.270    12.100
    42.462    42.340    12.100
    42.665    42.340    12.100
    42.767    42.479    12.100
    42.871    42.479    12.100
    42.973    42.549    12.100
    43.078    42.549    12.169
    43.182    42.619    12.169
    45.202    42.619    12.169
    45.303    42.689    12.169
    45.404    42.689    12.169
    45.507    42.759    12.238
    47.788    42.759    12.238
    47.867    42.689    12.238
    47.968    42.689    12.238
    48.069    42.619    12.238
    49.601    42.619    12.238
    49.704    42.619    12.306
    49.806    42.619    12.306
    49.909    42.689    12.306
    50.011    42.759    12.306
    50.111    42.759    12.306
    50.213    42.829    12.306
    50.317    42.829    12.306
    50.419    42.968    12.306
    50.522    43.107    12.306
    50.626    43.177    12.306
    50.728    43.247    12.306
    50.832    43.316    12.238
    51.856    43.316    12.238
    51.958    43.386    12.238
    52.060    43.386    12.169
    52.161    43.526    12.169
    52.262    43.526    12.100
    52.363    43.596    12.100
    52.464    43.666    12.031
    52.564    43.666    11.963
    52.767    43.666    11.963
    52.867    43.666    11.894
    52.966    43.666    11.756
    53.066    43.735    11.688
    53.168    43.805    11.619
    53.269    43.875    11.550
    53.370    43.875    11.413
    53.470    43.945    11.344
    53.571    43.945    11.344
    53.672    43.945    11.275
    53.773    44.014    11.138
    53.874    44.084    11.069
    53.975    44.084    11.069
    54.076    44.153    11.000
    54.177    44.153    10.931
    54.280    44.223    10.863
    54.383    44.223    10.794
    54.484    44.293    10.725
    54.686    44.293    10.725
    54.787    44.293    10.794
    59.427    44.293    10.794
    59.529    44.363    10.794
    59.629    44.363    10.794
    59.731    44.433    10.725
    65.643    44.433    10.725
    65.743    44.503    10.588
    69.290    44.503    10.588
    69.392    44.433    10.588
    69.493    44.433    10.519
    69.593    44.363    10.519
    70.200    44.363    10.519
    70.302    44.293    10.450
   144.713    44.293    10.450
   144.813    44.363    10.381
   144.913    44.503    10.313
   145.013    44.572    10.244
   145.114    44.642    10.244
   145.617    44.642    10.244
   145.718    44.712    10.244
   145.819    44.782    10.244
   146.225    44.782    10.244
   146.327    44.851    10.244
   146.429    44.921    10.244
   352.833    44.921    10.244
   352.933    44.990    10.381
   353.034    44.990    10.519
   353.133    44.990    10.588
   353.234    44.990    10.656
   353.335    44.990    10.656
   353.434    44.921    10.656
   353.535    44.851    10.656
   353.636    44.851    10.725
   353.737    44.851    10.725
   353.837    44.851    10.794
   353.938    44.851    10.931
   354.038    44.851    11.000
   354.139    44.851    11.000
   354.239    44.851    11.069
   354.340    44.851    11.138
   354.440    44.921    11.206
   354.542    44.921    11.206
   354.642    44.990    11.275
   357.374    44.990    11.275
   357.474    45.060    11.275
   357.574    45.200    11.344
   357.674    45.270    11.344
   357.775    45.340    11.344
   357.875    45.340    11.344
   357.977    45.340    11.413
   358.077    45.340    11.413
   358.178    45.409    11.413
   358.278    45.409    11.413
   358.379    45.479    11.413
   358.783    45.479    11.413
   358.884    45.549    11.413
   358.985    45.549    11.413
   359.086    45.549    11.344
   359.187    45.549    11.344
   359.289    45.619    11.344
   360.198    45.619    11.344
   360.298    45.688    11.275
   360.398    45.758    11.275
   360.499    45.828    11.206
   360.599    45.828    11.206
   360.699    45.897    11.206
   360.800    45.897    11.138
   360.900    45.967    11.069
   361.200    45.967    11.069
   361.302    45.967    11.000
   361.403    45.967    11.000
   361.504    46.037    10.931
   362.612    46.037    10.931
   362.712    46.037    10.794
   362.812    46.037    10.794
   362.912    46.037    10.725
   363.012    46.037    10.725
   363.113    45.967    10.519
   363.214    45.967    10.519
   363.315    45.897    10.519
   365.041    45.897    10.519
   365.141    45.897    10.450
   365.343    45.897    10.450
   365.444    45.897    10.381
   365.546    45.897    10.381
   365.648    45.828    10.313
   365.749    45.828    10.244
   365.852    45.828    10.175
   365.953    45.758    10.106
   366.056    45.758     9.969
   366.158    45.758     9.969
   366.261    45.688     9.900
   366.362    45.619     9.832
   366.463    45.619     9.694
   366.665    45.619     9.694
   366.766    45.619     9.625
   366.869    45.619     9.557
   366.970    45.549     9.487
   367.072    45.549     9.419
   367.474    45.549     9.419
   367.575    45.549     9.281
   367.675    45.549     9.281
   367.776    45.479     9.213
   367.876    45.479     9.213
   367.977    45.479     9.144
   368.076    45.479     9.144
   368.177    45.409     9.075
   368.278    45.409     9.075
   368.377    45.340     9.006
   369.082    45.340     9.006
   369.182    45.409     9.006
   369.283    45.479     9.075
   369.382    45.549     9.144
   369.884    45.549     9.144
   369.986    45.619     9.075
   370.086    45.688     9.006
   370.187    45.758     8.938
   370.288    45.758     8.869
   370.389    45.828     8.731
   370.490    45.828     8.663
   370.591    45.828     8.525
   370.693    45.828     8.525
   370.794    45.828     8.456
   370.895    45.828     8.456
   370.996    45.828     8.388
   373.414    45.828     8.388
   373.516    45.897     8.456
   373.617    45.967     8.525
   373.920    45.967     8.525
   374.020    45.967     8.594
   374.121    46.037     8.594
   374.222    46.037     8.663
   374.323    46.107     8.800
   374.424    46.177     8.800
   374.525    46.246     8.869
   374.627    46.316     9.006
   374.728    46.456     9.075
   374.830    46.525     9.144
   374.932    46.665     9.213
   375.033    46.734     9.213
   375.138    46.804     9.213
   376.245    46.804     9.213
   376.346    46.874     9.213
   376.446    47.014     9.213
   376.548    47.153     9.213
   376.648    47.153     9.281
   376.748    47.223     9.281
   376.850    47.363     9.281
   377.654    47.363     9.281
   377.754    47.363     9.144
   377.855    47.293     9.075
   377.955    47.293     9.075
   378.055    47.293     9.006
   378.155    47.293     9.006
   378.256    47.153     9.075
   378.356    47.083     9.144
   378.557    47.083     9.144
   378.659    47.083     9.213
   378.759    47.014     9.281
   378.860    47.014     9.419
   378.961    47.014     9.419
   379.063    47.014     9.487
   379.369    47.014     9.487
   379.470    47.014     9.419
   379.572    47.083     9.350
   379.774    47.083     9.350
   379.875    47.083     9.281
   379.977    47.153     9.213
   380.281    47.153     9.213
   380.382    47.083     9.213
   385.763    47.083     9.213
   385.864    47.014     9.213
   386.067    47.014     9.213
   386.168    46.944     9.213
   386.273    46.944     9.213
   386.374    46.874     9.213
   387.678    46.874     9.213
   387.779    46.804     9.213
   438.425    46.804     9.213
   438.525    46.734     9.213
   489.092    46.734     9.213
   489.193    46.595     9.350
   489.293    46.386     9.487
   489.395    46.386     9.487
   489.495    46.316     9.487
   489.596    46.246     9.557
   489.695    46.107     9.625
   489.895    46.107     9.625
   489.996    46.037     9.625
   490.096    46.037     9.625
   490.196    45.967     9.694
   490.296    45.897     9.694
   490.396    45.897     9.694
   490.497    45.828     9.762
   490.597    45.828     9.762
   490.697    45.758     9.832
   490.798    45.619     9.900
   490.899    45.549    10.037
   491.000    45.479    10.037
   491.101    45.479    10.037
   491.203    45.479    10.175
   491.303    45.479    10.175
   491.403    45.479    10.244
   491.503    45.549    10.244
   491.603    45.549    10.244
   491.702    45.619    10.244
   587.405    45.619    10.244
   587.507    45.549    10.244
   587.608    45.479    10.244
   587.709    45.409    10.244
   587.810    45.409    10.244
   587.913    45.340    10.244
   588.014    45.270    10.244
   588.115    45.200    10.244
   588.216    45.130    10.244
   588.318    44.990    10.175
   588.424    44.851    10.175
   588.525    44.712    10.175
   588.626    44.642    10.175
   588.728    44.572    10.106
   591.756    44.572    10.106
   591.857    44.503    10.037
   591.958    44.363     9.969
   592.060    44.363     9.900
   592.161    44.293     9.900
   592.669    44.293     9.900
   592.770    44.223     9.832
   592.973    44.223     9.832
   593.075    44.223     9.762
   732.058    44.223     9.762
   732.158    44.153     9.762
   788.270    44.153     9.762
   788.371    44.084     9.762
   823.022    44.084     9.762
   823.123    44.014     9.762
   912.065    44.014     9.762
   912.165    43.666     9.625
   912.264    43.038     9.350
   914.185    43.038     9.350
   914.287    42.968     9.350
   914.388    42.829     9.350
   914.489    42.759     9.350
   914.591    42.759     9.350
   914.692    42.689     9.350
   914.794    42.689     9.350
   914.895    42.549     9.350
   914.996    42.410     9.419
   915.096    42.340     9.487
   915.197    42.201     9.557
   915.299    42.131     9.557
   915.400    42.131     9.557
   915.502    42.131     9.625
   915.602    42.131     9.762
   915.702    42.131     9.900
   915.801    42.131     9.969
   915.902    42.131    10.106
   916.003    42.201    10.313
   916.103    42.270    10.450
   916.203    42.270    10.656
   916.303    42.270    10.725
   916.403    42.270    10.725
   916.503    42.270    10.794
   917.408    42.270    10.794
   917.508    42.340    10.863
   917.608    42.340    11.000
   917.708    42.340    11.069
   917.807    42.340    11.138
   918.713    42.340    11.138
   918.814    42.340    11.413
   918.914    42.340    11.550
   919.014    42.340    11.688
   919.138    42.340    11.688
   919.226    42.340    11.756
   919.314    42.340    11.825
   919.414    42.270    11.894
   919.514    42.270    12.031
   919.615    42.201    12.100
   919.716    42.201    12.169
   919.816    42.201    12.306
   919.916    42.201    12.444
   920.016    42.201    12.512
   920.116    42.201    12.582
   920.216    42.201    12.650
   920.316    42.131    12.788
   920.416    42.061    12.925
   920.516    41.922    12.925
   920.616    41.782    13.063
   920.716    41.642    13.131
   920.817    41.573    13.131
   920.917    41.573    13.200
   921.119    41.573    13.200
   921.221    41.573    13.269
   921.322    41.573    13.269
   921.422    41.573    13.406
   924.055    41.573    13.406
   924.157    41.642    13.338
   924.260    41.712    13.338
   924.361    41.782    13.269
   924.565    41.782    13.269
   924.666    41.852    13.200
   924.767    41.852    13.200
   924.868    41.852    13.131
   924.969    41.852    13.063
   925.070    41.852    13.063
   925.172    41.782    12.925
   925.272    41.712    12.788
   925.374    41.642    12.719
   925.476    41.642    12.650
   925.580    41.573    12.512
   925.681    41.503    12.375
   925.783    41.364    12.238
   925.884    41.155    12.100
   925.985    41.085    11.963
   926.086    40.945    11.894
   926.187    40.736    11.756
   926.288    40.666    11.688
   926.390    40.596    11.688
   926.491    40.457    11.619
   926.591    40.318    11.550
   926.692    40.248    11.413
   926.792    40.178    11.344
   926.992    40.178    11.344
   927.092    40.108    11.275
   927.191    40.038    11.206
   927.292    39.759    11.069
   927.593    39.759    11.069
   927.694    39.759    11.000
   927.794    39.689    10.931
   927.893    39.620    10.863
   927.994    39.620    10.794
   928.096    39.620    10.794
   928.197    39.550    10.725
   928.401    39.550    10.725
   928.502    39.689    10.656
   928.604    39.759    10.656
   928.706    39.829    10.519
   928.807    39.968    10.450
   928.908    40.038    10.313
   929.008    40.248    10.175
   929.109    40.318    10.106
   929.211    40.457    10.106
   929.311    40.457    10.106
   929.410    40.736    10.106
   929.511    40.875    10.106
   929.612    41.085    10.037
   929.712    41.294     9.969
   929.813    41.573     9.900
   929.912    41.992     9.900
   930.013    42.061     9.900
   930.114    42.201    10.037
   930.213    42.270    10.106
   930.315    42.479    10.244
   930.416    42.619    10.313
   930.516    42.619    10.381
   930.617    42.829    10.450
   930.717    42.968    10.519
   930.818    42.968    10.588
   930.921    42.898    10.725
   931.022    42.759    10.863
   931.827    42.759    10.863
   931.927    43.038    10.863
   932.027    43.247    11.000
   932.128    43.247    11.000
   932.229    43.386    11.000
   932.328    43.456    11.069
   932.530    43.456    11.069
   932.631    43.526    11.069
   932.734    43.596    11.206
   932.835    43.666    11.275
   932.936    43.735    11.344
   933.037    43.735    11.344
   933.139    43.735    11.413
   937.569    43.735    11.413
   937.671    43.666    11.413
   939.503    43.666    11.413
   939.604    43.666    11.481
   939.705    43.666    11.550
   939.806    43.805    11.756
   939.908    43.805    11.825
   940.008    43.805    11.894
   940.109    43.805    11.894
   940.209    44.014    11.963
   940.309    44.084    12.100
   940.809    44.084    12.100
   940.909    44.084    12.169
   941.009    44.293    12.238
   941.110    44.363    12.444
   941.209    44.572    12.512
   941.310    44.712    12.582
   941.411    44.921    12.719
   941.512    45.130    12.925
   941.614    45.200    12.994
   941.714    45.200    13.063
   943.032    45.200    13.063
   943.135    45.479    12.994
   943.236    45.549    12.925
   943.337    45.688    12.857
   943.438    45.828    12.650
   943.539    46.107    12.444
   943.640    46.316    12.375
   943.742    46.456    12.375
   943.842    46.734    12.306
   943.942    46.944    12.306
   944.042    47.153    12.238
   944.143    47.432    12.238
   944.242    47.502    12.169
   944.343    47.641    12.169
   944.443    47.781    12.169
   944.543    47.990    12.169
   944.643    48.060    12.169
   945.246    48.060    12.169
   945.347    48.130    12.169
   945.449    48.130    12.169
   945.550    48.200    12.169
   945.650    48.200    12.169
   945.752    48.269    12.100
   945.853    48.339    12.100
   946.055    48.339    12.100
   946.157    48.339    12.031
   946.258    48.408    12.031
   954.713    48.408    12.031
   954.813    48.408    12.100
   969.127    48.408    12.100
   969.228    48.408    12.169
   969.328    48.339    12.169
   969.428    48.269    12.169
   971.040    48.269    12.169
   971.141    48.200    12.169
   971.242    48.130    12.169
   971.444    48.130    12.169
   971.545    47.990    12.169
   971.646    47.990    12.238
   971.746    47.920    12.238
   971.848    47.920    12.238
   971.951    47.920    12.306
   972.053    47.851    12.306
   972.155    47.851    12.306
   972.258    47.711    12.375
   972.359    47.641    12.444
   972.460    47.571    12.512
   972.560    47.571    12.582
   973.160    47.571    12.582
   973.260    47.502    12.650
   973.360    47.432    12.719
   973.460    47.432    12.719
   973.561    47.432    12.788
   973.662    47.432    12.857
   973.762    47.363    12.925
   973.963    47.363    12.925
   974.065    47.363    12.994
   974.166    47.363    12.994
   974.266    47.363    13.063
   976.278    47.363    13.063
   976.378    47.293    13.131
   976.478    47.293    13.131
   976.578    47.223    13.131
  1171.619    47.223    13.131
  1171.719    47.363    13.063
  1171.821    47.432    13.063
  1171.920    47.432    12.994
  1327.850    47.432    12.994
  1327.951    47.363    12.925
  1328.053    47.363    12.925
  1328.153    47.363    12.857
  1328.253    47.363    12.857
  1328.353    47.293    12.857
  1328.453    47.293    12.788
  1330.965    47.293    12.788
  1331.065    47.223    12.719
  1331.267    47.223    12.719
  1331.369    47.153    12.719
  1331.469    47.153    12.650
  1486.617    47.153    12.650
  1486.717    47.153    12.582
  1486.818    47.153    12.512
  1486.918    47.083    12.512
  1487.017    47.083    12.444
  1487.118    47.014    12.444
  1487.219    47.014    12.375
  1487.420    47.014    12.375
  1487.520    47.014    12.306
  1487.621    47.014    12.306
  1487.720    47.014    12.238
  1490.433    47.014    12.238
  1490.533    46.944    12.238
  1490.937    46.944    12.238
  1491.038    46.944    12.306
  1491.443    46.944    12.306
  1491.544    46.944    12.375
  1492.555    46.944    12.375
  1492.655    46.944    12.444
  1493.456    46.944    12.444
  1493.557    46.874    12.444
  1493.961    46.874    12.444
  1494.064    46.874    12.512
  1495.272    46.874    12.512
  1495.372    46.804    12.512
  1495.473    46.734    12.719
  1495.574    46.734    12.788
  1496.079    46.734    12.788
  1496.181    46.734    12.857
  1496.282    46.665    12.857
  1496.383    46.665    12.925
  1497.787    46.665    12.925
  1497.887    46.665    12.994
  1500.302    46.665    12.994
  1500.403    46.665    13.063
  1500.504    46.665    13.063
  1500.604    46.665    13.131
  1500.705    46.734    13.200
  1500.805    46.734    13.200
  1500.905    46.804    13.269
  1501.006    46.804    13.338
  1501.105    46.874    13.406
  1501.206    46.944    13.544
  1501.308    47.014    13.544
  1501.408    47.014    13.613
  1501.509    47.014    13.613
  1501.608    47.083    13.681
  1501.708    47.083    13.750
  1506.036    47.083    13.750
  1506.135    47.153    13.681
  1506.236    47.223    13.681
  1506.336    47.293    13.681
  1506.536    47.293    13.681
  1506.638    47.363    13.750
  1506.738    47.432    13.819
  1506.838    47.432    13.819
  1506.940    47.502    13.888
  1507.040    47.571    13.888
  1507.141    47.571    13.888
  1507.242    47.641    13.888
  1507.341    47.641    13.956
  1507.443    47.711    14.025
  1507.544    47.781    14.094
  1507.645    47.851    14.094
  1507.746    47.851    14.163
  1507.847    47.990    14.231
  1507.948    48.130    14.438
  1508.050    48.200    14.506
  1508.151    48.339    14.644
  1508.251    48.548    14.850
  1508.351    48.757    14.988
  1508.451    48.827    15.125
  1508.551    48.897    15.262
  1508.651    49.176    15.400
  1508.751    49.385    15.607
  1508.851    49.525    15.812
  1508.951    49.664    15.950
  1509.051    49.734    16.156
  1509.151    49.944    16.431
  1509.251    50.013    16.638
  1509.352    50.013    16.775
  1509.454    50.013    16.913
  1509.555    50.152    17.188
  1509.656    50.292    17.394
  1509.757    50.431    17.669
  1509.858    50.501    17.944
  1509.960    50.571    18.081
  1511.264    50.571    18.081
  1511.365    50.152    17.875
  1511.466    49.944    17.738
  1511.568    49.944    17.738
  1511.668    50.013    17.875
  1512.469    50.013    17.875
  1512.569    50.083    17.875
  1512.670    50.013    17.738
  1513.885    50.013    17.738
  1513.986    50.083    17.669
  1514.087    50.152    17.669
  1514.994    50.152    17.669
  1515.094    50.152    17.600
  1515.395    50.152    17.600
  1515.495    50.152    17.531
  1515.796    50.152    17.531
  1515.896    50.222    17.531
  1515.996    50.222    17.463
  1516.096    50.292    17.463
  1516.196    50.362    17.463
  1516.397    50.362    17.463
  1516.499    50.362    17.394
  1516.902    50.362    17.394
  1517.002    50.431    17.325
  1517.103    50.501    17.256
  1517.203    50.571    17.188
  1517.303    50.711    17.188
  1517.403    50.781    17.119
  1517.503    50.920    17.050
  1517.603    50.989    16.981
  1517.904    50.989    16.981
  1518.005    51.059    16.981
  1518.106    51.059    16.913
  1518.207    51.129    16.913
  1518.308    51.199    16.913
  1518.409    51.268    16.913
  1518.510    51.268    16.913
  1518.611    51.338    16.913
  1518.712    51.478    16.913
  1518.814    51.548    16.913
  1519.618    51.548    16.913
  1519.719    51.548    16.844
  1519.919    51.548    16.844
  1520.021    51.618    16.844
  1520.221    51.618    16.844
  1520.321    51.618    16.775
  1521.121    51.618    16.775
  1521.222    51.757    16.913
  1521.322    51.827    16.913
  1521.422    51.827    16.913
  1521.521    51.896    16.913
  1523.232    51.896    16.913
  1523.332    51.966    16.913
  1523.432    52.036    16.981
  1523.532    52.175    17.119
  1523.631    52.315    17.188
  1523.732    52.455    17.256
  1523.831    52.524    17.325
  1523.932    52.524    17.394
  1524.234    52.524    17.394
  1524.335    52.524    17.325
  1524.436    52.524    17.256
  1524.539    52.455    17.256
  1524.639    52.385    17.188
  1524.740    52.385    17.119
  1524.841    52.315    17.050
  1524.943    52.245    16.913
  1525.043    52.175    16.775
  1525.143    52.175    16.500
  1525.442    52.175    16.500
  1525.543    52.105    16.500
  1525.643    52.036    16.500
  1525.743    51.966    16.638
  1525.843    51.827    16.775
  1525.944    51.757    16.844
  1526.044    51.618    16.913
  1526.145    51.548    16.981
  1526.245    51.338    17.119
  1526.349    51.199    17.256
  1526.450    50.920    17.325
  1526.551    50.711    17.531
  1526.651    50.571    17.738
  1526.752    50.292    18.081
  1526.852    50.013    18.287
  1526.954    50.013    18.287
  1527.056    49.944    18.357
  1527.157    49.804    18.357
  1527.258    49.734    18.357
  1527.359    49.525    18.357
  1527.461    49.315    18.425
  1527.562    48.967    18.562
  1527.662    48.757    18.700
  1527.763    48.688    18.700
  1527.864    48.618    18.769
  1527.964    48.339    18.837
  1528.064    48.130    18.975
  1528.164    48.060    19.044
  1528.364    48.060    19.044
  1528.464    47.990    18.975
  1528.565    47.990    18.975
  1528.666    47.920    18.837
  1528.765    47.920    18.700
  1528.866    47.920    18.632
  1528.968    47.781    18.632
  1529.069    47.641    18.494
  1529.171    47.432    18.494
  1529.271    46.595    18.425
  1529.370    46.525    18.425
  1529.471    46.525    18.425
  1529.572    46.037    18.494
  1529.673    45.828    18.562
  1529.774    45.758    18.562
  1529.876    45.479    18.562
  1530.081    45.479    18.562
  1530.183    45.549    18.562
  1530.386    45.549    18.562
  1530.489    45.479    18.562
  1530.996    45.479    18.562
  1531.097    45.409    18.632
  1531.198    45.340    18.837
  1531.298    45.200    19.044
  1531.398    45.130    19.181
  1531.498    44.990    19.319
  1531.598    44.921    19.456
  1531.698    44.782    19.594
  1531.798    44.572    19.800
  1531.898    44.572    20.006
  1531.998    44.572    20.281
  1532.098    44.503    20.488
  1532.198    44.363    20.900
  1532.299    44.293    21.244
  1532.399    44.223    21.519
  1532.499    44.223    21.931
  1532.600    44.223    22.138
  1532.701    44.223    22.206
  1532.801    44.223    22.206
  1532.903    44.223    22.275
  1533.004    44.223    22.550
  1533.106    44.223    22.619
  1533.207    44.223    22.688
  1533.308    44.084    22.963
  1533.409    44.014    23.238
  1533.510    43.875    23.513
  1533.613    43.596    23.788
  1533.715    43.386    24.200
  1533.815    42.759    24.682
  1533.917    42.549    24.819
  1534.019    42.340    24.956
  1534.121    41.642    25.231
  1534.223    41.364    25.438
  1534.324    41.155    25.713
  1534.427    40.736    25.988
  1534.528    39.968    26.194
  1534.629    39.620    26.263
  1534.731    39.341    26.331
  1534.832    39.062    26.469
  1534.933    38.922    26.469
  1535.034    38.922    26.469
  1535.136    38.992    26.606
  1535.237    39.131    26.606
  1535.946    39.131    26.606
  1536.048    39.062    26.675
  1536.352    39.062    26.675
  1536.455    38.992    26.744
  1536.557    38.922    26.881
  1537.664    38.922    26.881
  1537.764    38.852    26.950
  1537.865    38.852    27.019
  1537.964    38.644    27.294
  1538.064    38.433    27.500
  1538.165    38.433    27.500
  1538.265    38.155    27.637
  1538.366    37.806    28.119
  1538.466    37.388    28.600
  1538.567    37.318    28.738
  1538.666    37.248    28.875
  1538.767    37.039    29.219
  1538.866    36.760    29.631
  1538.966    36.760    29.906
  1539.068    36.481    30.319
  1539.168    36.271    30.731
  1539.268    36.202    30.869
  1539.871    36.202    30.869
  1539.972    36.271    31.006
  1540.073    36.411    31.281
  1540.176    36.551    31.488
  1540.277    36.620    31.556
  1540.380    36.690    31.763
  1540.481    36.830    32.175
  1540.581    36.900    32.381
  1540.683    36.969    32.588
  1540.783    37.108    32.794
  1540.883    37.388    32.862
  1540.984    37.806    33.000
  1541.084    38.015    33.137
  1541.185    38.155    33.137
  1541.285    38.504    33.207
  1541.385    38.852    33.275
  1541.485    39.131    33.344
  1541.585    39.411    33.481
  1541.686    39.550    33.687
  1541.787    39.620    33.894
  1541.887    39.550    33.894
  1541.988    39.481    33.894
  1542.588    39.481    33.894
  1542.688    39.411    33.825
  1542.789    39.201    33.687
  1542.889    39.062    33.550
  1543.090    39.062    33.550
  1543.191    39.131    33.619
  1543.292    39.481    33.825
  1543.394    39.689    34.100
  1543.494    39.899    34.375
  1543.595    40.038    34.581
  1543.698    40.248    34.650
  1543.798    40.318    34.650
  1543.900    40.805    34.650
  1544.000    41.224    34.856
  1544.102    41.294    34.994
  1544.204    41.224    35.200
  1544.305    41.364    35.613
  1544.406    41.573    35.887
  1544.508    41.712    36.094
  1544.609    41.852    36.300
  1544.710    41.922    36.506
  1544.811    42.061    36.781
  1544.912    42.270    36.988
  1545.013    42.270    36.988
  1545.116    42.270    36.919
  1546.029    42.270    36.919
  1546.130    42.270    37.125
  1546.231    42.340    37.400
  1546.332    42.479    37.469
  1546.434    42.619    37.469
  1546.535    42.689    37.469
  1546.838    42.689    37.469
  1546.939    42.689    37.400
  1547.343    42.689    37.400
  1547.444    42.689    37.331
  1547.549    42.759    37.263
  1547.650    43.038    37.331
  1547.751    43.107    37.469
  1547.852    43.386    37.606
  1547.953    43.735    37.744
  1548.054    43.875    37.813
  1548.155    43.875    37.881
  1548.257    43.875    37.881
  1548.358    43.945    37.950
  1548.460    44.084    38.019
  1548.563    44.084    38.019
  1548.663    44.014    38.019
  1548.863    44.014    38.019
  1548.963    43.945    38.019
  1549.063    43.875    37.950
  1549.163    43.875    37.950
  1549.263    43.875    38.019
  1549.362    43.875    38.225
  1549.463    43.875    38.569
  1549.563    43.875    38.637
  1549.663    43.805    38.775
  1549.763    43.805    39.187
  1549.863    43.805    39.669
  1549.963    43.805    39.806
  1550.065    43.805    39.944
  1550.166    43.735    40.356
  1550.267    43.666    40.563
  1550.368    43.526    40.700
  1550.469    43.526    40.838
  1550.570    43.526    40.906
  1550.672    43.316    41.044
  1550.773    43.107    41.319
  1550.874    42.968    41.456
  1550.976    42.829    41.525
  1551.077    42.549    41.594
  1551.178    42.549    41.662
  1551.278    42.410    41.800
  1551.378    42.131    42.007
  1551.880    42.131    42.007
  1551.980    42.131    42.075
  1552.483    42.131    42.075
  1552.584    41.992    42.075
  1552.685    41.294    42.075
  1552.786    41.224    42.075
  1552.886    41.294    42.212
  1552.986    41.224    42.350
  1553.186    41.224    42.350
  1553.287    41.155    42.281
  1553.387    41.155    42.212
  1553.488    41.224    42.144
  1553.688    41.224    42.144
  1553.788    41.294    42.144
  1553.888    41.503    42.007
  1553.989    41.642    41.937
  1554.089    41.782    41.937
  1554.190    41.852    41.800
  1554.291    41.922    41.800
  1554.795    41.922    41.800
  1554.896    41.852    41.800
  1555.100    41.852    41.800
  1555.201    41.852    41.869
  1556.822    41.852    41.869
  1556.922    41.782    42.007
  1557.026    41.573    42.212
  1557.127    41.503    42.212
  1557.632    41.503    42.212
  1557.737    41.573    42.212
  1557.840    41.573    42.281
  1558.449    41.573    42.281
  1558.550    41.642    42.281
  1558.651    41.712    42.281
  1558.752    41.782    42.281
  1558.854    41.852    42.281
  1559.158    41.852    42.281
  1559.258    41.922    42.281
  1559.359    41.992    42.281
  1559.459    42.061    42.281
  1559.559    42.061    42.281
  1559.660    42.061    42.212
  1559.760    42.131    42.212
  1559.860    42.201    42.144
  1559.960    42.201    42.075
  1560.060    42.410    41.800
  1560.159    42.549    41.594
  1560.260    42.689    41.388
  1560.361    42.898    41.113
  1560.460    43.038    40.906
  1560.561    43.107    40.563
  1560.662    43.247    40.425
  1560.764    43.526    40.013
  1560.864    43.666    39.669
  1560.964    43.875    39.394
  1561.064    44.014    39.119
  1561.165    44.223    38.775
  1561.264    44.433    38.569
  1561.365    44.503    38.500
  1561.464    44.572    38.431
  1561.565    44.572    38.431
  1561.665    44.572    38.363
  1562.066    44.572    38.363
  1562.167    44.572    38.294
  1562.268    44.851    37.950
  1562.370    45.060    37.675
  1562.470    45.130    37.469
  1562.573    45.340    37.263
  1562.674    45.409    37.125
  1562.974    45.409    37.125
  1563.074    45.479    37.125
  1563.176    45.479    37.263
  1563.276    45.340    37.331
  1563.376    45.200    37.469
  1563.476    45.200    37.538
  1563.576    45.200    37.538
  1563.676    45.200    37.469
  1563.777    45.270    37.400
  1563.878    45.270    37.331
  1566.888    45.270    37.331
  1566.988    45.340    37.400
  1567.088    45.549    37.400
  1567.189    45.897    37.263
  1567.289    45.967    37.194
  1567.390    46.246    36.988
  1567.593    46.246    36.988
  1567.694    46.177    36.988
  1567.996    46.177    36.988
  1568.096    46.246    37.056
  1568.196    46.456    37.056
  1568.297    46.595    36.988
  1568.397    46.874    36.919
  1568.497    47.293    36.713
  1568.597    47.432    36.644
  1568.697    47.990    36.506
  1568.797    48.269    36.369
  1568.898    48.757    36.162
  1568.998    49.106    35.957
  1569.100    49.944    35.819
  1569.201    50.431    35.613
  1569.302    50.571    35.613
  1569.404    50.850    35.544
  1569.505    51.548    35.406
  1569.605    51.548    35.338
  1569.705    51.896    35.131
  1569.805    52.245    34.925
  1569.906    52.664    34.581
  1570.006    53.222    34.238
  1570.106    53.710    33.687
  1570.206    53.710    33.687
  1570.306    53.501    33.825
  1570.406    53.361    33.894
  1570.507    53.361    33.894
  1570.607    53.292    34.100
  1570.707    53.082    34.444
  1570.807    53.012    34.513
  1570.908    52.942    34.719
  1571.009    52.942    34.788
  1571.110    52.942    34.788
  1571.212    53.012    34.925
  1571.313    53.152    34.994
  1571.826    53.152    34.994
  1571.927    53.012    34.788
  1572.028    53.012    34.650
  1572.129    53.152    34.444
  1572.230    53.361    34.100
  1572.336    53.361    33.756
  1572.438    53.431    33.619
  1572.541    53.361    33.275
  1572.643    53.222    32.725
  1572.745    53.222    32.244
  1572.845    53.222    31.831
  1572.946    53.292    31.556
  1573.048    53.570    31.144
  1573.148    53.779    31.006
  1573.249    53.779    31.144
  1573.351    53.779    31.144
  1573.452    53.779    30.938
  1573.554    53.989    30.457
  1573.656    53.989    30.319
  1573.758    53.989    30.044
  1573.860    53.989    29.494
  1573.961    53.919    29.013
  1574.062    53.849    28.600
  1574.164    53.710    27.844
  1574.264    53.710    27.844
  1574.366    53.989    28.119
  1574.470    54.059    28.394
  1574.571    54.059    28.806
  1574.673    54.059    28.875
  1574.772    54.198    29.081
  1574.873    54.407    29.837
  1574.973    54.477    30.182
  1575.074    54.477    30.319
  1575.175    54.407    30.319
  1575.275    53.779    30.387
  1575.375    53.570    30.387
  1575.475    53.570    30.457
  1575.575    53.710    30.525
  1575.675    53.710    30.662
  1575.776    53.501    30.869
  1575.876    53.431    31.350
  1575.977    53.361    31.694
  1576.078    53.361    31.831
  1576.180    53.222    32.450
  1576.280    53.292    33.137
  1576.381    53.222    33.481
  1576.481    52.803    34.306
  1576.581    52.733    35.063
  1576.681    52.664    35.819
  1576.781    52.594    36.506
  1576.881    52.385    37.331
  1576.980    52.175    37.813
  1577.082    51.966    38.156
  1577.183    51.896    38.363
  1577.283    51.757    38.706
  1577.384    51.618    39.187
  1577.485    51.548    39.669
  1577.586    51.548    39.944
  1577.686    51.478    40.356
  1577.788    51.478    40.975
  1577.888    51.478    41.319
  1577.988    51.618    41.594
  1578.088    52.105    41.869
  1578.188    52.385    42.007
  1578.388    52.385    42.007
  1578.488    52.873    42.007
  1578.588    53.152    42.007
  1578.688    53.292    42.007
  1579.191    53.292    42.007
  1579.295    53.082    41.869
  1579.396    52.873    41.869
  1579.496    52.594    42.281
  1579.596    52.594    42.350
  1579.696    52.733    42.419
  1579.796    52.733    42.419
  1579.896    52.315    42.350
  1579.996    52.455    42.350
  1580.096    52.385    42.419
  1580.196    52.175    42.419
  1580.296    52.175    42.350
  1580.396    52.315    42.281
  1580.497    52.524    42.281
  1581.502    52.524    42.281
  1581.601    52.385    42.144
  1581.703    52.385    42.007
  1581.804    52.385    41.937
  1582.004    52.385    41.937
  1582.106    52.455    42.144
  1582.229    52.524    42.350
  1582.329    52.594    42.350
  1582.429    52.664    42.350
  1582.530    52.664    42.350
  1582.631    52.594    42.419
  1582.733    52.385    42.625
  1582.833    52.315    42.694
  1582.934    52.175    42.763
  1583.035    51.896    42.763
  1583.136    51.827    42.694
  1583.236    51.827    42.625
  1583.337    51.687    42.556
  1583.437    51.687    42.556
  1583.539    51.548    42.556
  1583.638    51.268    42.556
  1583.739    51.199    42.556
  1583.840    50.850    42.487
  1583.942    50.362    42.487
  1584.043    50.222    42.487
  1584.143    49.804    42.350
  1584.243    49.176    42.281
  1584.343    49.037    42.212
  1584.443    48.967    42.212
  1584.543    48.548    42.212
  1584.643    48.060    42.212
  1584.743    47.641    42.281
  1584.843    47.083    42.350
  1584.943    46.525    42.350
  1585.043    46.316    42.419
  1585.143    46.386    42.419
  1585.243    46.525    42.487
  1586.747    46.525    42.487
  1586.847    46.456    42.625
  1586.948    46.246    42.900
  1587.049    46.037    42.900
  1587.150    46.037    42.900
  1587.253    45.967    42.969
  1587.354    45.828    43.175
  1587.455    45.758    43.313
  1587.555    45.758    43.381
  1587.755    45.758    43.381
  1587.855    45.758    43.450
  1588.256    45.758    43.450
  1588.356    45.688    43.450
  1588.457    45.619    43.450
  1588.558    45.549    43.450
  1588.659    45.409    43.519
  1588.760    45.270    43.519
  1588.861    45.270    43.588
  1589.164    45.270    43.588
  1589.265    45.060    43.588
  1589.367    44.990    43.657
  1589.569    44.990    43.657
  1589.674    44.921    43.657
  1589.776    44.712    43.657
  1589.878    44.433    43.657
  1589.979    44.363    43.657
  1590.081    44.153    43.657
  1590.182    43.805    43.657
  1590.284    43.666    43.657
  1590.385    43.596    43.657
  1590.486    43.526    43.657
  1590.891    43.526    43.657
  1590.991    43.456    43.657
  1591.091    43.247    43.657
  1591.191    42.829    43.657
  1591.391    42.829    43.657
  1591.491    42.829    43.588
  1591.591    42.829    43.588
  1591.693    42.759    43.588
  1591.793    42.131    43.588
  1591.895    41.573    43.588
  1591.996    41.573    43.588
  1592.095    41.433    43.588
  1592.196    41.015    43.588
  1592.296    40.875    43.588
  1592.397    40.875    43.588
  1592.498    40.596    43.588
  1592.599    39.759    43.657
  1593.008    39.759    43.657
  1593.110    39.620    43.657
  1593.212    39.271    43.657
  1593.312    39.131    43.657
  1593.515    39.131    43.657
  1593.616    38.992    43.725
  1593.717    38.783    43.725
  1593.817    38.713    43.725
  1593.918    38.644    43.725
  1594.019    38.433    43.725
  1594.219    38.433    43.725
  1594.320    38.364    43.725
  1594.420    38.155    43.725
  1594.520    37.946    43.725
  1594.620    37.946    43.725
  1594.721    37.806    43.657
  1594.820    37.457    43.657
  1594.921    37.248    43.657
  1595.021    37.178    43.657
  1595.122    37.108    43.657
  1595.224    36.690    43.657
  1595.326    36.341    43.657
  1595.426    36.132    43.657
  1595.528    35.923    43.588
  1595.629    35.434    43.588
  1595.735    35.225    43.519
  1595.836    35.156    43.519
  1595.940    34.737    43.381
  1596.041    34.667    43.313
  1596.750    34.667    43.313
  1596.856    34.597    43.313
  1596.952    34.319    43.175
  1597.054    34.249    43.106
  1597.156    34.109    43.038
  1597.256    33.970    43.038
  1597.356    33.760    42.969
  1597.457    33.690    42.900
  1597.557    33.272    42.763
  1597.658    33.133    42.625
  1597.758    33.063    42.556
  1597.859    32.993    42.350
  1597.959    32.993    42.212
  1598.061    32.993    42.007
  1598.161    32.923    41.869
  1598.263    32.784    41.594
  1598.362    32.714    41.525
  1598.464    32.644    41.388
  1598.564    32.575    41.250
  1598.664    32.505    41.044
  1598.764    32.505    40.838
  1598.864    32.366    40.700
  1598.964    31.877    40.425
  1599.065    31.738    40.288
  1599.165    31.738    40.288
  1599.266    31.668    40.013
  1599.366    31.529    39.806
  1599.466    31.529    39.806
  1599.565    31.459    39.806
  1599.666    31.249    39.875
  1599.765    31.040    39.875
  1599.866    30.831    39.875
  1600.068    30.831    39.875
  1600.170    30.064    39.875
  1600.372    30.064    39.875
  1600.473    30.133    39.806
  1600.574    30.133    39.806
  1600.674    30.064    39.738
  1600.775    29.924    39.394
  1600.875    29.855    39.187
  1600.977    29.855    38.912
  1601.077    29.715    38.706
  1601.177    29.645    38.363
  1601.277    29.575    38.088
  1601.378    29.645    38.088
  1601.478    29.715    38.088
  1601.578    29.785    38.088
  1601.980    29.785    38.088
  1602.081    29.994    38.088
  1602.182    30.064    38.088
  1602.283    30.133    38.088
  1602.986    30.133    38.088
  1603.086    29.924    38.225
  1603.187    29.924    38.294
  1603.988    29.924    38.294
  1604.088    29.924    38.363
  1604.388    29.924    38.363
  1604.489    29.855    38.363
  1607.023    29.855    38.363
  1607.125    29.785    38.156
  1607.226    29.785    38.019
  1607.327    29.785    37.950
  1607.428    29.785    37.950
  1607.530    29.785    37.744
  1609.949    29.785    37.744
  1610.048    29.715    37.675
  1610.150    29.645    37.331
  1610.249    29.645    37.194
  1610.350    29.575    37.056
  1610.450    29.575    36.850
  1610.551    29.436    36.575
  1610.650    29.296    36.300
  1610.751    29.157    35.819
  1610.851    29.157    35.544
  1610.951    29.157    35.475
  1611.051    29.157    35.200
  1611.151    29.157    34.788
  1611.252    29.157    34.581
  1611.354    29.296    34.238
  1611.455    29.505    33.756
  1611.558    29.645    33.412
  1611.661    29.924    32.932
  1611.763    30.342    32.175
  1611.863    30.761    31.625
  1611.964    31.249    31.350
  1612.065    32.086    31.075
  1612.165    32.366    30.800
  1612.264    32.366    30.662
  1612.365    32.505    30.387
  1612.465    32.644    30.112
  1612.565    32.923    29.700
  1612.665    33.063    29.425
  1612.765    33.342    29.013
  1612.866    33.342    29.013
  1612.967    33.342    28.944
  1613.076    33.272    28.944
  1613.177    33.203    28.944
  1613.582    33.203    28.944
  1613.683    33.412    28.944
  1613.785    34.388    29.013
  1613.886    34.737    29.081
  1613.987    34.807    29.219
  1614.087    34.946    29.563
  1614.189    34.946    29.700
  1614.291    34.877    29.906
  1614.393    34.877    30.044
  1614.494    34.877    30.044
  1614.596    34.737    29.975
  1614.697    34.527    29.631
  1614.798    34.527    29.563
  1615.609    34.527    29.563
  1615.710    34.388    29.563
  1615.812    34.319    29.631
  1615.914    34.319    29.631
  1616.014    34.319    29.700
  1616.319    34.319    29.700
  1616.421    34.249    29.700
  1617.438    34.249    29.700
  1617.539    34.179    29.700
  1617.640    34.179    29.631
  1617.742    34.179    29.494
  1617.844    34.179    29.219
  1617.945    34.179    29.219
  1618.046    34.179    29.150
  1618.149    34.179    29.081
  1618.250    34.040    28.875
  1618.351    33.970    28.738
  1618.451    33.970    28.669
  1618.553    33.900    28.531
  1618.654    33.830    28.394
  1618.756    33.760    28.188
  1618.858    33.760    27.981
  1618.959    33.760    27.637
  1619.061    33.690    27.362
  1619.163    33.621    27.019
  1619.264    33.482    26.538
  1619.367    33.342    25.988
  1619.470    33.342    25.575
  1619.571    33.342    25.163
  1619.673    33.342    24.956
  1619.775    33.482    24.544
  1619.876    33.760    24.200
  1619.979    33.970    23.856
  1620.079    34.388    23.306
  1620.181    34.807    22.756
  1620.281    35.016    22.619
  1620.381    35.156    22.756
  1620.481    35.295    22.894
  1620.581    35.365    22.894
  1620.681    35.504    22.894
  1620.781    35.504    22.894
  1620.881    35.644    22.894
  1620.981    35.923    22.894
  1621.081    36.202    22.963
  1621.181    36.969    22.963
  1621.281    37.178    22.963
  1621.381    37.178    22.963
  1621.480    37.178    22.894
  1621.582    37.178    22.688
  1621.682    37.108    22.619
  1621.784    37.108    22.481
  1621.885    37.318    22.275
  1621.986    38.085    22.069
  1622.087    38.644    22.000
  1622.189    38.713    21.931
  1622.293    39.341    21.725
  1622.394    39.620    21.657
  1622.496    39.968    21.657
  1622.598    40.457    21.519
  1622.701    40.596    21.519
  1622.803    40.596    21.519
  1622.905    41.015    21.519
  1623.005    41.712    21.587
  1623.106    41.782    21.657
  1623.206    41.922    21.862
  1623.306    42.201    21.931
  1623.406    42.340    21.931
  1623.506    42.479    21.931
  1623.606    42.968    21.931
  1623.707    42.968    22.000
  1623.807    42.968    22.069
  1623.907    43.038    22.206
  1624.007    43.316    22.275
  1624.107    43.386    22.275
  1624.207    43.386    22.275
  1624.307    43.526    22.275
  1624.408    43.526    22.275
  1624.509    43.526    22.344
  1624.610    43.526    22.344
  1624.711    43.456    22.344
  1624.812    43.456    22.344
  1624.913    43.316    22.344
  1625.724    43.316    22.344
  1625.825    43.316    22.138
  1625.927    43.386    21.587
  1626.027    43.456    21.450
  1626.128    43.456    21.450
  1626.229    43.456    21.519
  1626.332    43.456    21.519
  1626.433    43.526    21.519
  1626.638    43.526    21.519
  1626.739    43.735    21.587
  1626.838    43.945    21.587
  1627.339    43.945    21.587
  1627.439    44.014    21.519
  1628.349    44.014    21.519
  1628.449    43.875    21.657
  1628.551    43.735    21.794
  1628.653    43.177    22.206
  1628.755    42.829    22.413
  1628.856    42.759    22.481
  1628.957    42.759    22.481
  1629.059    42.829    22.413
  1629.160    42.898    22.619
  1629.260    42.898    22.688
  1629.362    42.898    22.688
  1629.463    42.759    22.619
  1629.564    42.549    22.481
  1629.666    42.201    22.413
  1629.766    41.782    22.206
  1629.867    41.294    21.862
  1629.969    40.736    21.657
  1630.070    40.248    21.587
  1630.175    40.038    21.725
  1630.276    39.620    21.794
  1630.378    39.201    21.794
  1630.478    38.783    21.587
  1630.583    38.155    21.450
  1630.684    38.155    21.450
  1630.786    38.225    21.450
  1630.886    38.364    21.450
  1631.191    38.364    21.450
  1631.293    38.364    21.519
  1631.903    38.364    21.519
  1632.002    38.085    21.657
  1632.104    37.876    21.862
  1632.204    37.876    21.931
  1632.304    37.667    22.206
  1632.404    37.388    22.275
  1632.504    36.969    22.413
  1632.605    36.690    22.481
  1632.705    36.132    22.619
  1632.805    35.295    22.688
  1632.906    34.807    22.756
  1633.005    34.458    22.756
  1633.108    33.900    22.825
  1633.209    33.133    22.825
  1633.310    32.853    22.825
  1633.411    32.575    22.825
  1633.512    32.296    22.756
  1633.612    32.156    22.688
  1633.712    31.668    22.688
  1633.812    31.179    22.688
  1633.912    30.901    22.894
  1634.012    29.994    23.375
  1634.113    28.808    23.856
  1634.213    28.808    24.200
  1634.313    28.808    24.475
  1634.414    28.808    24.612
  1634.514    28.529    24.956
  1634.615    28.111    25.369
  1634.715    28.111    25.438
  1635.322    28.111    25.438
  1635.422    27.901    25.369
  1635.522    27.413    25.300
  1635.622    26.645    25.300
  1636.929    26.645    25.300
  1637.030    26.645    25.231
  1637.130    26.576    25.025
  1637.232    26.576    24.887
  1637.740    26.576    24.887
  1637.843    26.576    24.956
  1637.944    26.576    25.094
  1638.044    26.367    25.163
  1638.146    25.948    25.163
  1638.249    25.878    25.163
  1638.350    25.808    25.300
  1638.452    25.600    25.300
  1638.553    25.251    25.438
  1638.657    24.763    25.644
  1638.758    24.693    25.713
  1638.861    24.553    25.988
  1638.963    24.414    26.331
  1639.064    23.925    26.675
  1639.166    23.507    26.881
  1639.267    23.367    27.087
  1639.368    23.367    27.432
  1639.469    23.297    27.981
  1639.571    22.879    28.325
  1639.671    22.460    28.669
  1639.771    22.112    28.944
  1639.871    21.833    29.356
  1639.971    21.554    29.563
  1640.071    21.414    29.837
  1640.171    21.414    30.457
  1640.271    21.066    31.006
  1640.371    20.786    31.350
  1640.471    20.577    31.831
  1640.572    20.368    32.244
  1640.672    20.299    32.794
  1640.772    20.159    33.207
  1640.872    20.159    33.550
  1640.973    20.159    34.581
  1641.075    20.229    35.063
  1641.176    20.299    35.200
  1641.277    20.717    35.338
  1641.378    20.926    35.613
  1641.479    20.996    35.887
  1641.581    21.066    36.369
  1641.683    21.066    36.919
  1641.783    21.275    37.400
  1641.883    21.623    37.606
  1641.983    22.112    37.744
  1642.083    22.321    37.881
  1642.183    22.530    38.019
  1642.283    22.740    38.225
  1642.383    22.810    38.225
  1643.590    22.810    38.225
  1643.692    22.810    38.294
  1643.792    22.810    38.294
  1643.894    22.810    38.363
  1645.817    22.810    38.363
  1645.917    22.879    38.363
  1646.020    22.949    38.363
  1646.120    23.088    38.294
  1646.223    23.158    38.294
  1646.323    23.228    38.294
  1646.425    23.437    38.500
  1646.525    23.577    38.637
  1646.627    23.716    38.706
  1646.729    23.716    38.706
  1646.830    23.786    38.706
  1646.931    23.786    38.706
  1647.033    23.856    38.637
  1647.135    23.925    38.637
  1647.237    23.925    38.637
  1647.339    23.995    38.569
  1647.746    23.995    38.569
  1647.847    24.065    38.569
  1647.949    24.204    38.569
  1648.051    24.274    38.569
  1648.356    24.274    38.569
  1648.460    24.484    38.569
  1648.561    24.693    38.706
  1648.661    24.832    38.775
  1648.762    25.251    38.844
  1648.862    25.530    38.912
  1648.962    25.739    38.982
  1649.063    25.878    39.050
  1649.163    25.948    39.050
  1649.264    26.018    39.119
  1649.364    26.227    39.187
  1649.464    26.367    39.257
  1649.563    26.576    39.325
  1649.665    26.925    39.462
  1649.764    27.134    39.531
  1649.864    27.274    39.600
  1649.965    27.622    39.806
  1650.067    27.901    40.013
  1650.167    27.901    40.081
  1650.269    28.041    40.219
  1650.371    28.181    40.494
  1650.471    28.181    40.631
  1650.573    28.181    40.769
  1650.673    28.181    40.838
  1650.774    28.181    41.250
  1650.876    28.181    41.525
  1650.976    28.041    41.869
  1651.076    27.971    42.144
  1651.177    27.971    42.281
  1651.278    28.041    42.281
  1651.379    28.181    42.212
  1651.683    28.181    42.212
  1651.783    28.181    42.144
  1651.885    28.389    42.419
  1651.986    28.599    42.694
  1653.329    28.599    42.694
  1653.430    28.459    42.763
  1653.532    28.111    43.175
  1653.633    28.041    43.313
  1653.733    27.971    43.725
  1653.833    27.971    43.863
  1654.234    27.971    43.863
  1654.334    28.041    43.863
  1654.435    28.041    44.138
  1654.535    28.111    44.275
  1654.635    28.111    44.344
  1654.735    28.041    44.412
  1654.835    27.971    44.481
  1655.642    27.971    44.481
  1655.742    27.971    44.412
  1655.843    27.971    44.412
  1655.943    28.041    44.344
  1656.243    28.041    44.344
  1656.344    28.041    44.275
  1656.544    28.041    44.275
  1656.645    28.041    44.344
  1656.745    28.041    44.481
  1656.846    28.041    44.619
  1656.947    28.111    44.687
  1657.048    28.111    44.757
  1657.149    28.250    44.825
  1657.250    28.320    44.825
  1657.650    28.320    44.825
  1657.750    28.320    44.962
  1658.151    28.320    44.962
  1658.252    28.320    45.032
  1658.554    28.320    45.032
  1658.654    28.250    44.962
  1658.755    28.181    44.962
  1659.258    28.181    44.962
  1659.358    28.181    45.032
  1659.458    28.181    45.100
  1659.758    28.181    45.100
  1659.859    28.111    45.100
  1662.472    28.111    45.100
  1662.578    27.971    46.338
  1663.973    27.971    46.338
  1664.074    27.971    46.269
  1675.113    27.971    46.269
  1675.214    27.832    46.269
  1675.314    27.832    46.200
  1675.415    27.832    46.200
  1675.516    27.832    46.131
  1676.692    27.832    46.131
  1676.795    27.832    46.200
  1676.896    27.832    46.269
  1676.999    27.762    46.338
  1677.101    27.762    46.406
  1677.203    27.762    46.544
  1677.304    27.762    46.544
  1677.406    27.762    46.613
  1677.507    27.832    46.613
  1677.711    27.832    46.613
  1677.811    27.901    46.613
  1677.912    27.971    46.544
  1695.805    27.971    46.544
