     0.627     6.278    21.657
     6.550     6.278    21.657
     6.651     6.208    21.519
     6.852     6.208    21.519
     6.952     6.208    21.450
     7.355     6.208    21.450
     7.456     6.208    21.312
     7.557     6.208    21.244
     7.860     6.208    21.244
     7.961     6.278    21.244
     8.876     6.278    21.244
     8.978     6.278    21.175
     9.079     6.278    21.175
     9.180     6.278    21.106
     9.280     6.278    21.106
     9.381     6.278    21.037
    23.284     6.278    21.037
    23.385     6.278    21.106
    23.485     6.348    21.175
    24.999     6.348    21.175
    25.102     6.278    21.106
    25.203     6.208    21.106
    27.951     6.208    21.106
    28.052     6.208    21.037
    30.397     6.208    21.037
    30.499     6.208    20.969
    30.601     6.138    20.900
    30.702     6.138    20.831
    30.805     6.069    20.831
    30.906     6.069    20.831
    31.010     6.069    20.763
    31.113     6.069    20.763
    31.215     5.999    20.763
    31.318     5.999    20.763
    31.420     5.929    20.763
    34.887     5.929    20.763
    34.988     5.929    20.831
    35.189     5.929    20.831
    35.290     5.929    20.900
    35.894     5.929    20.900
    35.995     5.929    20.969
    36.097     5.999    21.037
    36.198     5.999    21.037
    36.300     6.069    21.175
    36.401     6.138    21.244
    36.502     6.138    21.312
    36.602     6.208    21.312
    36.702     6.278    21.450
    37.002     6.278    21.450
    37.102     6.278    21.519
    37.504     6.278    21.519
    37.605     6.278    21.587
    46.669     6.278    21.587
    46.771     6.278    21.519
    50.209     6.278    21.519
    50.310     6.348    21.519
    51.117     6.348    21.519
    51.217     6.348    21.657
    51.319     6.418    21.725
    52.127     6.418    21.725
    52.227     6.418    21.794
    52.631     6.418    21.794
    52.732     6.418    21.862
    53.339     6.418    21.862
    53.440     6.418    21.931
    54.847     6.418    21.931
    54.948     6.418    21.862
    56.355     6.418    21.862
    56.456     6.418    21.794
    58.084     6.418    21.794
    58.185     6.418    21.725
    58.287     6.348    21.725
    62.968     6.348    21.725
    63.071     6.278    21.519
    63.172     6.278    21.450
    66.226     6.278    21.450
    66.328     6.278    21.382
    66.429     6.278    21.382
    66.532     6.208    21.382
    68.547     6.208    21.382
    68.648     6.208    21.312
    68.749     6.208    21.312
    68.849     6.208    21.244
    69.752     6.208    21.244
    69.853     6.138    21.244
    71.567     6.138    21.244
    71.669     6.138    21.175
    82.315     6.138    21.175
    82.415     6.138    21.244
    82.516     6.208    21.244
    82.818     6.208    21.244
    82.919     6.278    21.244
    83.018     6.348    21.244
    83.120     6.348    21.244
    83.220     6.418    21.244
    83.322     6.487    21.244
    83.423     6.487    21.312
    83.523     6.557    21.312
   114.300     6.557    21.312
   114.401     6.487    21.312
   146.468     6.487    21.312
   146.571     6.487    21.382
   146.673     6.557    21.382
   147.991     6.557    21.382
   148.092     6.557    21.450
   148.396     6.557    21.450
   148.497     6.557    21.519
   153.849     6.557    21.519
   153.949     6.626    21.519
   154.552     6.626    21.519
   154.653     6.696    21.519
   154.955     6.696    21.519
   155.055     6.766    21.519
   155.155     6.836    21.519
   156.967     6.836    21.519
   157.067     6.766    21.519
   157.168     6.696    21.450
   157.268     6.626    21.450
   157.368     6.557    21.450
   157.670     6.557    21.450
   157.770     6.487    21.450
   157.870     6.418    21.450
   157.970     6.418    21.450
   158.072     6.418    21.519
   158.172     6.348    21.519
   158.273     6.348    21.519
   158.373     6.278    21.519
   158.473     6.278    21.519
   158.574     6.208    21.519
   158.675     6.208    21.587
   158.775     6.208    21.587
   158.875     6.138    21.587
   159.980     6.138    21.587
   160.082     6.069    21.587
   160.183     6.069    21.587
   160.285     5.999    21.587
   160.386     5.929    21.587
   160.486     5.859    21.587
   162.797     5.859    21.587
   162.898     5.789    21.587
   162.999     5.789    21.519
   163.201     5.789    21.519
   163.302     5.720    21.450
   163.403     5.650    21.382
   163.504     5.650    21.382
   163.607     5.580    21.382
   163.708     5.580    21.382
   163.809     5.511    21.382
   163.912     5.511    21.312
   164.013     5.441    21.312
   164.115     5.301    21.244
   164.217     5.232    21.244
   164.725     5.232    21.244
   164.828     5.162    21.244
   165.334     5.162    21.244
   165.435     5.092    21.244
   165.538     5.022    21.175
   166.957     5.022    21.175
   167.058     4.952    21.175
   167.562     4.952    21.175
   167.663     4.952    21.106
   168.065     4.952    21.106
   168.166     4.952    20.969
   168.266     4.952    20.900
   168.366     4.952    20.900
   168.467     5.022    20.900
   168.567     5.022    20.900
   168.668     5.092    20.900
   168.770     5.162    20.900
   168.971     5.162    20.900
   169.072     5.162    20.969
   169.172     5.162    20.969
   169.273     5.232    21.037
   169.373     5.232    21.312
   169.475     5.301    21.382
   169.677     5.301    21.382
   169.777     5.301    21.450
   169.878     5.301    21.519
   169.978     5.301    21.587
   170.079     5.301    21.587
   170.180     5.232    21.587
   170.281     5.232    21.587
   170.381     5.232    21.657
   170.582     5.232    21.657
   170.683     5.162    21.725
   170.784     5.162    21.725
   170.885     5.162    21.794
   170.986     5.301    21.862
   171.088     5.720    21.862
   171.898     5.720    21.862
   172.001     5.789    21.862
   172.102     5.789    21.862
   172.203     5.859    21.862
   172.304     6.208    21.862
   172.406     6.348    21.862
   172.507     6.418    21.862
   172.608     6.696    22.000
   172.709     6.766    22.069
   172.811     6.836    22.069
   172.912     6.836    22.138
   174.428     6.836    22.138
   174.529     6.766    22.138
   174.629     6.696    22.138
   174.730     6.696    22.138
   174.830     6.696    22.069
   174.929     6.626    22.069
   177.447     6.626    22.069
   177.548     6.557    22.000
   177.849     6.557    22.000
   177.950     6.487    22.000
   187.561     6.487    22.000
   187.662     6.487    21.931
   190.478     6.487    21.931
   190.580     6.557    21.931
   190.883     6.557    21.931
   190.984     6.626    21.931
   191.085     6.626    22.000
   191.185     6.626    22.000
   191.286     6.696    22.000
   191.492     6.696    22.000
   191.594     6.836    22.069
   191.696     6.836    22.069
   191.798     6.906    22.069
   191.899     6.906    22.069
   192.001     6.975    22.138
   192.102     7.045    22.138
   222.113     7.045    22.138
   222.213     6.975    22.138
   222.312     6.975    22.138
   222.412     6.906    22.138
   226.939     6.906    22.138
   227.041     6.906    22.206
   231.790     6.906    22.206
   231.892     6.975    22.275
   231.993     7.115    22.413
   232.094     7.255    22.619
   232.194     7.255    22.619
   232.295     7.324    22.619
   232.395     7.324    22.688
   235.311     7.324    22.688
   235.412     7.394    22.688
   271.602     7.394    22.688
   271.703     7.255    22.619
   271.804     7.255    22.619
   271.905     7.255    22.550
   272.108     7.255    22.550
   272.208     7.185    22.550
   272.408     7.185    22.550
   272.508     7.115    22.550
   272.608     7.115    22.550
   272.708     7.115    22.481
   272.807     7.115    22.481
   272.908     7.045    22.481
   321.922     7.045    22.481
   322.022     7.045    22.550
   329.191     7.045    22.550
   329.292     7.045    22.619
   375.604     7.045    22.619
   375.704     7.045    22.688
   375.804     7.115    22.688
   375.904     7.115    22.825
   376.004     7.185    22.894
   376.105     7.185    22.894
   376.206     7.185    22.963
   376.306     7.255    23.031
   378.620     7.255    23.031
   378.722     7.255    23.100
   379.329     7.255    23.100
   379.430     7.255    23.169
   379.532     7.324    23.169
   380.243     7.324    23.169
   380.344     7.324    23.238
   383.588     7.324    23.238
   383.690     7.324    23.169
   383.791     7.394    23.100
   383.892     7.394    23.031
   383.994     7.394    22.963
   384.096     7.255    22.894
   384.199     7.255    22.756
   384.300     7.185    22.688
   384.402     7.185    22.619
   384.503     7.185    22.619
   384.606     7.185    22.481
   385.607     7.185    22.481
   385.708     7.115    22.481
   385.807     7.115    22.481
   385.908     6.975    22.413
   386.009     6.975    22.413
   386.111     6.975    22.344
   386.212     6.906    22.344
   386.313     6.766    22.275
   386.823     6.766    22.275
   386.924     6.696    22.275
   387.026     6.696    22.206
   387.632     6.696    22.206
   387.732     6.696    22.275
   387.832     6.696    22.275
   387.932     6.696    22.344
   388.032     6.696    22.344
   388.133     6.626    22.344
   404.350     6.626    22.344
   404.452     6.626    22.275
   404.959     6.626    22.275
   405.061     6.626    22.206
   405.566     6.626    22.206
   405.667     6.696    22.206
   416.284     6.696    22.206
   416.384     6.766    22.206
   416.684     6.766    22.206
   416.784     6.836    22.206
   416.984     6.836    22.206
   417.084     6.975    22.206
   417.184     6.975    22.138
   417.284     7.045    22.000
   417.384     7.045    21.931
   417.485     7.115    21.931
   417.586     7.115    21.931
   417.687     7.115    21.862
   417.789     7.115    21.862
   417.890     7.185    21.794
   417.991     7.185    21.725
   418.091     7.255    21.725
   418.195     7.255    21.657
   418.397     7.255    21.657
   418.498     7.255    21.587
   419.208     7.255    21.587
   419.309     7.185    21.587
   419.411     7.115    21.587
   419.511     7.045    21.587
   419.815     7.045    21.587
   419.917     6.975    21.587
   421.725     6.975    21.587
   421.826     6.975    21.657
   421.927     7.115    21.725
   422.130     7.115    21.725
   422.231     7.185    21.725
   422.535     7.185    21.725
   422.637     7.185    21.794
   423.445     7.185    21.794
   423.547     7.185    21.862
   423.850     7.185    21.862
   423.951     7.185    21.931
   424.052     7.185    22.000
   428.085     7.185    22.000
   428.185     7.115    22.000
   434.416     7.115    22.000
   434.519     7.115    22.069
   434.621     7.115    22.138
   434.722     7.115    22.138
   434.823     7.045    22.275
   434.925     7.045    22.275
   435.026     7.045    22.344
   435.149     6.975    22.344
   435.229     6.975    22.344
   435.330     6.975    22.413
   435.430     6.906    22.413
   435.835     6.906    22.413
   435.937     6.836    22.413
   436.041     6.836    22.413
   436.143     6.766    22.481
   436.244     6.696    22.481
   437.458     6.696    22.481
   437.561     6.626    22.481
   437.662     6.626    22.550
   437.763     6.557    22.550
   437.863     6.487    22.550
   437.965     6.348    22.550
   438.066     6.348    22.550
   438.166     6.278    22.550
   438.266     6.208    22.550
   438.366     6.208    22.550
   438.466     6.208    22.619
   438.566     6.138    22.619
   438.666     6.069    22.688
   438.966     6.069    22.688
   439.067     5.999    22.688
   439.168     5.999    22.756
   439.268     5.929    22.756
   440.970     5.929    22.756
   441.072     5.859    22.756
   441.172     5.859    22.756
   441.274     5.789    22.756
   448.078     5.789    22.756
   448.179     5.650    22.756
   448.280     5.580    22.688
   448.584     5.580    22.688
   448.685     5.511    22.756
   451.533     5.511    22.756
   451.633     5.441    22.756
   453.049     5.441    22.756
   453.150     5.441    22.825
   506.375     5.441    22.825
   506.478     5.511    22.825
   512.102     5.511    22.825
   512.203     5.441    22.825
   561.250     5.441    22.825
   561.350     5.441    22.756
   603.436     5.441    22.756
   603.535     5.371    22.756
   627.800     5.371    22.756
   627.901     5.371    22.825
   754.932     5.371    22.825
   755.033     5.441    22.688
   755.237     5.441    22.688
   755.338     5.511    22.619
   941.291     5.511    22.619
   941.397     5.580    22.619
   941.499     5.650    22.619
   941.600     5.720    22.619
   942.106     5.720    22.619
   942.208     5.789    22.619
   942.310     5.789    22.688
   968.562     5.789    22.688
   968.663     5.929    22.688
   968.764     5.999    22.619
   968.867     5.999    22.619
   968.968     6.069    22.550
   969.069     6.138    22.550
   969.171     6.138    22.550
   969.272     6.208    22.481
   969.373     6.278    22.481
   969.474     6.348    22.413
   969.576     6.348    22.413
   969.677     6.418    22.344
   969.778     6.487    22.275
   969.880     6.557    22.275
   969.981     6.626    22.206
   970.082     6.696    22.138
   970.183     6.696    22.069
   970.385     6.696    22.069
   970.486     6.766    22.069
   970.587     6.766    22.000
   986.153     6.766    22.000
   986.254     6.696    22.000
   986.658     6.696    22.000
   986.759     6.626    22.000
   986.860     6.557    21.931
   986.962     6.557    21.862
   989.290     6.557    21.862
   989.391     6.487    21.862
   996.353     6.487    21.862
   996.453     6.418    21.862
   996.553     6.278    21.862
   996.654     6.069    21.931
   996.754     5.999    21.931
   996.854     5.929    22.000
   996.954     5.789    22.000
   997.054     5.720    22.069
   997.155     5.650    22.069
   997.255     5.650    22.069
   997.356     5.511    22.138
   997.457     5.511    22.138
   997.557     5.441    22.206
   997.658     5.371    22.275
   997.759     5.232    22.275
   997.860     5.162    22.344
   997.962     5.162    22.344
   998.063     5.092    22.344
   998.164     5.022    22.344
   998.266     4.952    22.413
   998.367     4.952    22.413
   998.468     4.882    22.413
   998.570     4.813    22.550
   998.670     4.813    22.550
   998.772     4.743    22.619
   998.873     4.673    22.619
   998.974     4.673    22.688
   999.075     4.603    22.688
   999.177     4.603    22.756
   999.278     4.603    22.825
   999.381     4.534    22.825
   999.482     4.464    22.825
   999.584     4.395    22.894
   999.686     4.325    22.963
   999.787     4.255    22.963
   999.888     4.255    23.031
   999.988     4.185    23.100
  1000.088     4.185    23.169
  1000.189     4.115    23.238
  1000.289     4.045    23.306
  1000.389     3.976    23.375
  1000.489     3.976    23.375
  1000.590     3.906    23.444
  1001.293     3.906    23.444
  1001.394     3.837    23.444
  1001.494     3.767    23.513
  1001.595     3.627    23.650
  1001.695     3.558    23.650
  1001.896     3.558    23.650
  1001.996     3.488    23.719
  1002.596     3.488    23.719
  1002.696     3.418    23.719
  1002.796     3.418    23.719
  1002.897     3.348    23.719
  1003.000     3.278    23.788
  1003.101     3.208    23.788
  1005.414     3.208    23.788
  1005.515     3.208    23.925
  1005.615     3.208    23.994
  1008.325     3.208    23.994
  1008.426     3.208    23.925
  1008.527     3.139    23.925
  1008.629     3.069    23.788
  1008.729     2.930    23.788
  1008.830     2.860    23.650
  1008.932     2.790    23.650
  1009.132     2.790    23.650
  1009.231     2.651    23.581
  1009.833     2.651    23.581
  1009.933     2.581    23.581
  1010.934     2.581    23.581
  1011.035     2.581    23.650
  1012.852     2.581    23.650
  1012.953     2.651    23.650
  1013.259     2.651    23.650
  1013.360     2.721    23.650
  1013.460     2.721    23.581
  1031.326     2.721    23.581
  1031.426     2.790    23.581
  1031.526     2.860    23.719
  1064.814     2.860    23.719
  1064.918     2.930    23.719
  1068.755     2.930    23.719
  1068.855     2.930    23.650
  1068.955     2.930    23.581
  1069.055     2.930    23.513
  1069.155     2.930    23.444
  1069.254     2.930    23.375
  1069.355     2.930    23.306
  1069.456     2.930    23.306
  1069.558     2.930    23.238
  1069.660     3.000    23.169
  1069.761     3.000    23.100
  1070.065     3.000    23.100
  1070.166     3.000    23.169
  1070.266     3.208    23.238
  1070.366     3.278    23.306
  1079.130     3.278    23.306
  1079.229     3.208    23.306
  1079.330     3.139    23.238
  1079.431     3.139    23.169
  1079.836     3.139    23.169
  1079.937     3.069    23.100
  1080.038     3.069    23.031
  1080.139     3.069    23.031
  1080.242     3.069    22.963
  1080.342     3.000    22.963
  1129.142     3.000    22.963
  1129.243     3.000    23.031
  1160.552     3.000    23.031
  1160.652     3.000    22.963
  1160.752     3.069    22.894
  1160.852     3.069    22.825
  1160.952     3.069    22.756
  1161.052     3.069    22.756
  1161.154     3.069    22.688
  1168.624     3.069    22.688
  1168.726     3.139    22.688
  1168.928     3.139    22.688
  1169.028     3.208    22.756
  1169.130     3.278    22.756
  1169.232     3.278    22.825
  1169.333     3.348    22.825
  1169.536     3.348    22.825
  1169.638     3.418    22.825
  1169.738     3.418    22.825
  1169.841     3.488    22.825
  1169.941     3.558    22.825
  1170.043     3.627    22.825
  1170.347     3.627    22.825
  1170.449     3.627    22.756
  1170.552     3.697    22.756
  1170.755     3.697    22.756
  1170.856     3.767    22.825
  1170.957     3.767    22.825
  1171.058     3.837    22.894
  1171.160     3.906    22.894
  1174.084     3.906    22.894
  1174.186     3.976    22.963
  1174.287     4.045    22.963
  1176.602     4.045    22.963
  1176.703     4.045    23.031
  1176.804     4.115    23.031
  1176.906     4.185    23.169
  1177.007     4.255    23.238
  1177.209     4.255    23.238
  1177.310     4.255    23.306
  1180.351     4.255    23.306
  1180.452     4.325    23.444
  1180.553     4.464    23.513
  1180.654     4.464    23.581
  1181.570     4.464    23.581
  1181.671     4.464    23.650
  1181.772     4.464    23.650
  1181.873     4.464    23.719
  1181.973     4.534    23.788
  1182.173     4.534    23.788
  1182.274     4.603    23.788
  1182.374     4.603    23.788
  1182.474     4.603    23.856
  1182.574     4.673    23.856
  1182.974     4.673    23.856
  1183.076     4.603    23.856
  1183.176     4.603    23.856
  1183.276     4.534    23.856
  1188.301     4.534    23.856
  1188.400     4.534    23.925
  1188.501     4.534    23.994
  1188.602     4.534    24.062
  1188.703     4.534    24.132
  1188.804     4.534    24.269
  1188.904     4.464    24.269
  1189.004     4.464    24.337
  1191.717     4.464    24.337
  1191.820     4.464    24.407
  1191.922     4.395    24.407
  1192.126     4.395    24.407
  1192.227     4.395    24.475
  1192.329     4.325    24.544
  1192.430     4.255    24.612
  1192.531     4.185    24.682
  1192.632     4.185    24.819
  1192.834     4.185    24.819
  1192.935     4.185    24.887
  1193.137     4.185    24.887
  1193.238     4.185    24.956
  1194.255     4.185    24.956
  1194.356     4.115    25.025
  1194.457     4.115    25.094
  1194.557     4.115    25.163
  1195.064     4.115    25.163
  1195.164     4.045    25.163
  1195.264     4.045    25.163
  1195.364     3.976    25.163
  1195.665     3.976    25.163
  1195.765     3.906    25.231
  1195.865     3.837    25.231
  1196.472     3.837    25.231
  1196.573     3.837    25.300
  1196.774     3.837    25.300
  1196.875     3.837    25.369
  1196.975     3.837    25.438
  1197.075     3.906    25.438
  1197.175     3.906    25.506
  1197.275     3.976    25.575
  1198.078     3.976    25.575
  1198.180     3.906    25.575
  1198.280     3.837    25.575
  1198.581     3.837    25.575
  1198.683     3.767    25.575
  1198.782     3.697    25.575
  1198.882     3.627    25.575
  1199.283     3.627    25.575
  1199.383     3.627    25.506
  1199.583     3.627    25.506
  1199.683     3.558    25.506
  1199.784     3.488    25.438
  1201.008     3.488    25.438
  1201.108     3.488    25.369
  1201.209     3.418    25.369
  1201.613     3.418    25.369
  1201.714     3.348    25.369
  1201.815     3.348    25.369
  1201.916     3.278    25.369
  1202.523     3.278    25.369
  1202.624     3.208    25.369
  1207.771     3.208    25.369
  1207.872     3.208    25.300
  1208.279     3.208    25.300
  1208.380     3.139    25.231
  1208.481     3.139    25.231
  1208.582     3.000    25.163
  1208.682     2.930    25.094
  1208.782     2.930    25.094
  1208.883     2.930    25.025
  1208.983     2.930    24.956
  1209.285     2.930    24.956
  1209.385     2.860    24.887
  1209.485     2.860    24.682
  1209.602     2.860    24.682
  1209.687     2.790    24.682
  1209.788     2.790    24.612
  1210.090     2.790    24.612
  1210.190     2.790    24.544
  1210.290     2.790    24.544
  1210.391     2.790    24.407
  1210.493     2.790    24.407
  1210.593     2.790    24.337
  1210.693     2.790    24.269
  1210.993     2.790    24.269
  1211.093     2.790    24.200
  1211.194     2.790    24.132
  1211.897     2.790    24.132
  1211.998     2.790    24.062
  1213.616     2.790    24.062
  1213.718     2.860    24.062
  1222.514     2.860    24.062
  1222.615     2.860    24.132
  1223.020     2.860    24.132
  1223.121     2.790    24.132
  1223.222     2.790    24.200
  1223.930     2.790    24.200
  1224.032     2.721    24.200
  1224.133     2.721    24.200
  1224.235     2.721    24.269
  1224.338     2.651    24.269
  1224.439     2.651    24.337
  1224.540     2.581    24.475
  1224.641     2.581    24.544
  1224.946     2.581    24.544
  1225.046     2.581    24.612
  1225.347     2.581    24.612
  1225.447     2.511    24.682
  1226.049     2.511    24.682
  1226.150     2.511    24.750
  1229.174     2.511    24.750
  1229.275     2.441    24.750
  1229.375     2.441    24.750
  1229.476     2.441    24.819
  1229.882     2.441    24.819
  1229.983     2.371    24.819
  1230.187     2.371    24.819
  1230.288     2.302    24.887
  1230.490     2.302    24.887
  1230.591     2.232    24.887
  1230.692     2.162    24.887
  1230.793     2.162    24.956
  1230.894     2.023    25.025
  1230.995     2.023    25.025
  1231.096     1.953    25.025
  1231.197     1.884    25.025
  1232.415     1.884    25.025
  1232.516     1.814    25.025
  1234.241     1.814    25.025
  1234.342     1.744    24.956
  1234.441     1.744    24.956
  1234.542     1.674    24.956
  1234.641     1.604    24.887
  1234.742     1.604    24.887
  1234.842     1.534    24.819
  1236.752     1.534    24.819
  1236.852     1.604    24.612
  1236.952     1.604    24.612
  1237.053     1.604    24.544
  1237.255     1.604    24.544
  1237.355     1.604    24.407
  1237.456     1.674    24.337
  1237.958     1.674    24.337
  1238.058     1.674    24.269
  1238.360     1.674    24.269
  1238.460     1.674    24.200
  1238.561     1.674    24.200
  1238.661     1.674    24.132
  1238.761     1.674    24.132
  1238.862     1.744    23.994
  1238.962     1.744    23.994
  1239.063     1.814    23.925
  1239.164     1.814    23.925
  1239.266     1.884    23.856
  1239.367     1.884    23.856
  1239.468     1.884    23.788
  1239.569     1.953    23.788
  1239.671     1.953    23.788
  1239.772     1.953    23.719
  1241.882     1.953    23.719
  1241.984     1.884    23.719
  1242.085     1.814    23.719
  1242.185     1.744    23.719
  1371.054     1.744    23.719
  1371.156     1.744    23.581
  1371.257     1.744    23.513
  1371.358     1.744    23.513
  1371.459     1.744    23.444
  1371.763     1.744    23.444
  1371.864     1.674    23.444
  1373.976     1.674    23.444
  1374.078     1.674    23.513
  1374.178     1.744    23.513
  1374.279     1.744    23.513
  1374.381     1.814    23.581
  1374.685     1.814    23.581
  1374.786     1.884    23.581
  1374.888     1.953    23.581
  1420.182     1.953    23.581
  1420.288     1.953    23.788
  1479.609     1.953    23.788
  1479.710     1.884    23.788
  1479.811     1.814    23.650
  1479.912     1.814    23.581
  1480.014     1.744    23.581
  1480.116     1.744    23.513
  1480.219     1.744    23.444
  1480.322     1.744    23.444
  1480.423     1.744    23.375
  1481.829     1.744    23.375
  1481.929     1.674    23.375
  1482.030     1.534    23.375
  1482.131     1.534    23.444
  1498.896     1.534    23.444
  1498.999     1.465    23.444
  1499.304     1.465    23.444
  1499.406     1.395    23.444
  1512.197     1.395    23.444
  1512.298     1.465    23.444
  1512.501     1.465    23.444
  1512.602     1.465    23.375
  1512.703     1.534    23.375
  1513.513     1.534    23.375
  1513.614     1.604    23.306
  1514.125     1.604    23.306
  1514.226     1.674    23.306
  1515.544     1.674    23.306
  1515.647     1.674    23.238
  1515.852     1.674    23.238
  1515.957     1.674    23.169
  1516.060     1.674    23.100
  1516.161     1.674    23.100
  1516.262     1.744    23.100
  1516.364     1.744    23.031
  1516.465     1.744    22.963
  1516.768     1.744    22.963
  1516.872     1.814    22.894
  1516.974     2.023    22.756
  1517.382     2.023    22.756
  1517.483     2.093    22.756
  1523.647     2.093    22.756
  1523.747     2.162    22.756
  1524.961     2.162    22.756
  1525.062     2.162    22.825
  1525.878     2.162    22.825
  1525.978     2.162    22.756
  1526.081     2.232    22.756
  1526.181     2.232    22.688
  1526.992     2.232    22.688
  1527.095     2.232    22.619
  1539.605     2.232    22.619
  1539.706     2.302    22.619
  1539.808     2.371    22.619
  1574.378     2.371    22.619
  1574.480     2.371    22.550
  1574.582     2.371    22.550
  1574.682     2.302    22.550
  1574.783     2.232    22.481
  1574.885     2.162    22.481
  1574.988     2.162    22.413
  1575.190     2.162    22.413
  1575.290     2.093    22.413
  1576.102     2.093    22.413
  1576.204     2.093    22.344
  1577.217     2.093    22.344
  1577.317     2.023    22.275
  1577.420     2.023    22.138
  1578.027     2.023    22.138
  1578.128     1.953    22.069
  1578.536     1.953    22.069
  1578.637     1.953    21.931
  1579.449     1.953    21.931
  1579.551     2.093    21.862
  1579.652     2.162    21.794
  1580.364     2.162    21.794
  1580.466     2.232    21.794
  1582.890     2.232    21.794
  1582.991     2.302    21.794
  1583.092     2.302    21.794
  1583.193     2.371    21.862
  1583.294     2.371    21.862
  1583.395     2.441    21.862
  1583.595     2.441    21.862
  1583.695     2.441    21.931
  1583.796     2.511    21.931
  1583.897     2.511    21.931
  1583.998     2.581    21.931
  1584.202     2.581    21.931
  1584.305     2.651    21.931
  1584.611     2.651    21.931
  1584.713     2.651    21.862
  1596.649     2.651    21.862
  1596.750     2.721    21.862
  1663.063     2.721    21.862
  1663.163     2.790    21.862
  1663.265     2.860    21.794
  1663.365     2.930    21.794
  1663.873     2.930    21.794
  1663.974     3.000    21.794
  1664.076     3.000    21.725
  1664.479     3.000    21.725
  1664.580     3.069    21.725
  1682.674     3.069    21.725
  1682.776     3.139    21.725
  1683.186     3.139    21.725
  1683.288     3.208    21.725
  1683.389     3.208    21.657
  1683.489     3.208    21.657
  1683.592     3.278    21.587
  1683.692     3.278    21.587
  1683.793     3.348    21.587
  1683.893     3.418    21.587
  1684.094     3.418    21.587
  1684.195     3.488    21.587
  1734.926     3.488    21.587
  1735.028     3.348    21.725
  1735.129     3.278    21.794
  1735.229     3.278    21.862
  1735.330     3.278    21.931
  1868.485     3.278    21.931
  1868.586     3.348    21.862
  1868.687     3.488    21.794
  1868.788     3.558    21.725
  1868.889     3.627    21.587
  1868.990     3.697    21.587
  1869.091     3.697    21.519
  1871.631     3.697    21.519
  1871.732     3.697    21.587
  2111.719     3.697    21.587
  2111.820     3.837    21.450
  2111.921     3.976    21.450
  2112.022     4.115    21.382
  2112.124     4.185    21.382
  2112.225     4.325    21.382
  2112.327     4.325    21.382
  2112.427     4.464    21.382
  2112.527     4.534    21.312
  2112.627     4.534    21.312
  2112.727     4.673    21.312
  2112.827     4.813    21.382
  2112.927     4.882    21.450
  2113.027     4.882    21.519
  2113.127     4.952    21.587
  2113.227     4.952    21.725
  2113.327     5.022    21.794
  2113.427     5.092    21.862
  2113.527     5.022    21.931
  2113.628     4.882    22.069
  2113.729     4.813    22.275
  2113.829     4.813    22.413
  2113.930     4.813    22.688
  2114.031     4.813    22.894
  2114.132     4.813    23.100
  2114.233     4.952    23.444
  2114.335     5.092    23.925
  2114.437     5.162    24.200
  2114.538     5.162    24.337
  2114.743     5.162    24.337
  2114.845     5.092    24.475
  2114.947     5.022    24.682
  2115.049     5.022    24.750
  2115.251     5.022    24.750
  2115.352     5.022    25.506
  2115.453     4.952    26.125
  2115.554     4.952    26.331
  2115.655     5.232    26.744
  2115.757     5.441    27.087
  2115.857     5.650    27.362
  2115.957     5.929    27.637
  2116.057     6.278    28.188
  2116.158     6.557    28.806
  2116.258     6.836    29.563
  2116.358     6.836    29.906
  2116.458     6.906    30.594
  2116.558     6.975    30.800
  2116.660     6.975    31.075
  2116.759     7.045    31.488
  2116.860     7.115    31.763
  2116.961     7.185    32.106
  2117.060     7.324    32.450
  2117.161     7.324    32.588
  2117.262     7.324    32.725
  2117.363     7.324    32.725
  2117.465     7.185    32.725
  2117.564     7.185    32.656
  2117.665     7.185    32.656
  2117.765     7.185    32.725
  2117.866     7.185    32.932
  2117.965     7.185    33.137
  2118.066     7.185    33.207
  2118.165     7.255    33.344
  2118.266     7.324    33.481
  2118.365     7.324    33.619
  2118.466     7.324    33.619
  2118.566     7.324    33.687
  2118.666     7.324    33.894
  2118.767     7.394    33.963
  2118.868     7.394    33.963
  2118.969     7.394    34.031
  2119.069     7.394    34.238
  2119.170     7.394    34.306
  2121.099     7.394    34.306
  2121.202     7.324    34.444
  2121.303     7.255    34.581
  2121.404     7.255    34.650
  2121.505     7.185    34.650
  2121.606     7.185    34.650
  2121.708     7.185    34.719
  2122.519     7.185    34.719
  2122.620     7.185    34.650
  2122.722     7.255    34.650
  2123.025     7.255    34.650
  2123.126     7.324    34.581
  2123.228     7.394    34.581
  2123.331     7.394    34.513
  2123.432     7.394    34.513
  2123.532     7.324    34.513
  2123.636     7.185    34.650
  2123.737     7.115    34.650
  2124.142     7.115    34.650
  2124.245     6.975    34.719
  2124.346     6.696    34.856
  2124.449     6.418    34.994
  2124.551     6.348    35.063
  2124.652     6.278    35.131
  2124.753     6.138    35.269
  2124.854     6.069    35.406
  2124.957     5.789    35.406
  2125.059     5.650    35.406
  2125.160     5.580    35.406
  2125.467     5.580    35.406
  2125.569     5.580    35.338
  2125.773     5.580    35.338
  2125.875     5.650    35.338
  2125.976     5.650    35.200
  2126.077     5.720    35.063
  2126.178     5.789    34.925
  2126.279     5.789    34.856
  2126.379     5.720    34.650
  2126.482     5.511    34.513
  2126.584     5.511    34.513
  2126.685     5.232    34.581
  2126.785     4.882    34.581
  2126.887     4.813    34.444
  2126.988     4.813    34.238
  2127.088     4.534    34.169
  2127.190     4.255    34.100
  2127.291     4.185    33.963
  2127.392     4.045    33.756
  2127.495     3.906    33.550
  2127.597     3.837    33.275
  2127.698     3.837    33.137
  2127.799     3.906    33.137
  2127.899     3.906    33.207
  2128.801     3.906    33.207
  2128.901     3.906    33.137
  2129.002     3.906    33.069
  2129.103     3.906    33.000
  2129.204     3.906    32.862
  2129.305     3.906    32.656
  2129.430     3.906    32.656
  2129.508     3.906    32.588
  2129.609     3.906    32.313
  2129.711     3.906    32.175
  2129.813     3.906    32.038
  2129.915     3.906    31.900
  2130.726     3.906    31.900
  2130.827     3.906    32.038
  2130.928     3.976    32.175
  2131.845     3.976    32.175
  2131.946     4.045    32.175
  2132.047     4.045    32.175
  2132.148     4.185    32.106
  2132.350     4.185    32.106
  2132.451     4.255    32.038
  2132.554     4.325    31.900
  2132.654     4.325    31.831
  2132.756     4.464    31.694
  2132.858     4.464    31.625
  2132.959     4.534    31.488
  2133.060     4.603    31.419
  2133.162     4.603    31.281
  2133.266     4.743    31.144
  2133.368     4.813    31.006
  2133.569     4.813    31.006
  2133.670     4.603    31.213
  2133.772     4.534    31.419
  2133.873     4.464    31.488
  2133.975     4.395    31.488
  2134.076     4.325    31.556
  2134.178     4.255    31.556
  2134.279     4.255    31.694
  2134.481     4.255    31.694
  2134.582     4.325    31.763
  2134.683     4.464    31.831
  2134.786     4.464    31.831
  2134.886     4.534    31.900
  2134.987     4.673    31.969
  2135.089     4.813    32.038
  2135.190     4.813    32.106
  2135.392     4.813    32.106
  2135.494     4.743    32.106
  2135.594     4.743    32.175
  2135.696     4.743    32.244
  2135.796     4.743    32.313
  2135.898     4.813    32.313
  2135.998     4.813    32.381
  2141.527     4.813    32.381
  2141.627     4.743    32.450
  2141.728     4.673    32.519
  2141.830     4.603    32.519
  2142.032     4.603    32.519
  2142.133     4.534    32.588
  2142.235     4.395    32.656
  2142.337     4.325    32.862
  2142.439     4.255    32.862
  2142.540     4.255    32.932
  2142.641     4.185    32.932
  2142.742     4.185    32.932
  2142.843     4.185    33.000
  2142.944     4.185    33.069
  2143.046     4.115    33.137
  2143.455     4.115    33.137
  2143.559     4.115    33.207
  2143.661     4.115    33.207
  2143.763     4.045    33.207
  2143.864     4.045    33.207
  2143.966     4.045    33.275
  2149.531     4.045    33.275
  2149.633     4.045    33.344
  2149.734     4.045    33.344
  2149.837     4.045    33.412
  2150.141     4.045    33.412
  2150.243     4.045    33.481
  2150.344     3.976    33.481
  2150.651     3.976    33.481
  2150.753     3.906    33.550
  2152.785     3.906    33.550
  2152.885     3.837    33.619
  2152.986     3.837    33.619
  2153.089     3.767    33.687
  2153.189     3.627    33.687
  2153.393     3.627    33.687
  2153.494     3.558    33.687
  2154.204     3.558    33.687
  2154.306     3.488    33.687
  2154.406     3.488    33.687
  2154.509     3.278    33.687
  2154.610     3.208    33.687
  2154.714     3.139    33.687
  2154.815     3.069    33.619
  2154.917     2.790    33.619
  2155.019     2.721    33.619
  2155.122     2.651    33.550
  2157.429     2.651    33.550
  2157.529     2.651    33.481
  2157.631     2.581    33.275
  2157.731     2.581    33.207
  2157.833     2.581    33.207
  2157.933     2.581    33.069
  2158.235     2.581    33.069
  2158.336     2.581    33.000
  2158.437     2.581    33.000
  2158.538     2.581    32.932
  2158.638     2.581    32.932
  2158.739     2.651    32.862
  2158.838     2.721    32.862
  2158.938     2.930    32.862
  2159.038     3.069    33.000
  2159.138     3.208    33.069
  2159.238     3.348    33.137
  2159.338     3.348    33.207
  2159.439     3.348    33.207
  2159.539     3.348    33.137
  2159.638     3.278    32.862
  2159.839     3.278    32.862
  2159.940     3.348    32.862
  2160.041     3.418    32.862
  2160.242     3.418    32.862
  2160.342     3.488    32.862
  2160.543     3.488    32.862
  2160.643     3.558    32.794
  2160.843     3.558    32.794
  2160.944     3.627    32.794
  2161.045     3.627    32.794
  2161.145     3.627    32.725
  2161.246     3.627    32.519
  2161.348     3.627    32.450
  2161.450     3.697    32.450
  2161.552     3.697    32.381
  2161.653     3.697    32.381
  2161.754     3.697    32.313
  2162.465     3.697    32.313
  2162.566     3.697    32.244
  2165.084     3.697    32.244
  2165.185     3.697    32.175
  2165.989     3.697    32.175
  2166.089     3.767    32.175
  2186.633     3.767    32.175
  2186.735     3.837    32.175
  2190.274     3.837    32.175
  2190.375     3.906    32.175
  2227.359     3.906    32.175
  2227.459     3.837    32.175
  2227.561     3.837    32.244
  2227.662     3.767    32.244
  2241.447     3.767    32.244
  2241.547     3.697    32.244
  2249.213     3.697    32.244
  2249.313     3.697    32.313
  2250.013     3.697    32.313
  2250.113     3.627    32.313
  2250.214     3.627    32.313
  2250.315     3.627    32.381
  2252.221     3.627    32.381
  2252.322     3.627    32.450
  2252.728     3.627    32.450
  2252.829     3.697    32.450
  2252.932     3.697    32.519
  2253.134     3.697    32.519
  2253.236     3.767    32.519
  2253.640     3.767    32.519
  2253.741     3.837    32.519
  2256.175     3.837    32.519
  2256.277     3.767    32.519
  2256.380     3.697    32.519
  2256.483     3.697    32.450
  2256.584     3.627    32.450
  2256.888     3.627    32.450
  2256.991     3.558    32.381
  2259.820     3.558    32.381
  2259.924     3.558    32.313
  2260.024     3.558    32.313
  2260.124     3.558    32.175
  2261.237     3.558    32.175
  2261.337     3.558    32.106
  2262.759     3.558    32.106
  2262.861     3.558    32.038
  2290.173     3.558    32.038
  2290.274     3.627    32.038
  2386.336     3.627    32.038
  2386.438     3.558    32.038
  2531.028     3.558    32.038
  2531.129     3.627    32.038
  2579.036     3.627    32.038
  2579.137     3.558    32.038
  2912.939     3.558    32.038
  2913.041     3.488    32.038
  2913.245     3.488    32.038
  2913.346     3.418    32.038
  2913.550     3.418    32.038
  2913.652     3.418    32.106
  2913.754     3.418    32.106
  2913.854     3.348    32.106
  2914.160     3.348    32.106
  2914.261     3.278    32.106
  2915.167     3.278    32.106
  2915.267     3.208    32.106
  2915.367     3.208    32.106
  2915.468     3.208    32.038
  2915.568     3.139    32.038
  2916.277     3.139    32.038
  2916.377     3.139    31.969
  2916.677     3.139    31.969
  2916.777     3.208    31.900
  2916.977     3.208    31.900
  2917.078     3.208    31.831
  2917.178     3.208    31.831
  2917.279     3.278    31.831
  2917.480     3.278    31.831
  2917.582     3.278    31.763
  2918.086     3.278    31.763
  2918.186     3.278    31.694
  2918.486     3.278    31.694
  2918.586     3.278    31.625
  2918.686     3.278    31.556
  2918.786     3.278    31.488
  2918.886     3.278    31.488
  2918.986     3.278    31.419
  2919.187     3.278    31.419
  2919.287     3.208    31.419
  2919.388     3.208    31.350
  2919.489     3.139    31.350
  2924.318     3.139    31.350
  2924.418     3.139    31.419
  2975.222     3.139    31.419
  2975.321     3.139    31.488
  3086.813     3.139    31.488
  3086.916     3.139    31.556
  3087.319     3.139    31.556
  3087.419     3.139    31.625
  3087.819     3.139    31.625
  3087.919     3.139    31.694
  3088.119     3.139    31.694
  3088.218     3.139    31.763
  3090.231     3.139    31.763
  3090.331     3.139    31.831
  3090.431     3.069    31.831
  3090.533     3.069    31.900
  3090.634     3.000    31.900
  3090.735     3.000    31.900
  3090.836     3.000    31.969
  3090.937     2.930    32.038
  3091.038     2.930    32.038
  3091.139     2.860    32.038
  3091.342     2.860    32.038
  3091.444     2.860    32.106
  3094.685     2.860    32.106
  3094.785     2.930    32.106
  3094.886     2.930    32.175
  3096.594     2.930    32.175
  3096.694     2.860    32.175
  3096.794     2.860    32.175
  3096.894     2.790    32.175
  3097.195     2.790    32.175
  3097.297     2.721    32.175
  3097.398     2.721    32.244
  3099.711     2.721    32.244
  3099.816     2.790    32.244
  3167.000     2.790    32.244
  3167.101     2.860    32.175
  3167.203     2.860    32.175
  3167.306     2.930    32.175
  3167.610     2.930    32.175
  3167.711     3.000    32.175
  3167.812     3.000    32.175
  3167.916     3.069    32.175
  3168.221     3.069    32.175
  3168.326     3.139    32.175
  3175.736     3.139    32.175
  3175.836     3.208    32.175
  3220.218     3.208    32.175
  3220.321     3.208    32.106
  3220.421     3.069    32.106
  3220.524     3.069    32.038
  3220.624     3.000    32.038
  3220.727     2.930    32.038
  3220.829     2.930    31.969
  3220.931     2.860    31.969
  3221.034     2.790    31.969
  3221.135     2.790    31.900
  3228.999     2.790    31.900
  3229.100     2.790    31.831
  3229.201     2.860    31.763
  3229.504     2.860    31.763
  3229.606     2.930    31.763
  3229.708     2.930    31.763
  3229.809     3.000    31.694
  3244.655     3.000    31.694
  3244.755     3.000    31.625
  3310.755     3.000    31.625
  3310.855     3.000    31.694
  3310.957     3.069    31.763
  3311.058     3.139    31.763
  3311.159     3.208    31.831
  3311.260     3.278    31.831
  3311.361     3.348    31.831
  3311.464     3.418    31.900
  3311.565     3.418    31.900
  3311.666     3.488    31.900
  3311.869     3.488    31.900
  3311.969     3.558    31.900
  3312.269     3.558    31.900
  3312.369     3.558    31.969
  3312.470     3.627    31.969
  3312.571     3.697    31.969
  3312.773     3.697    31.969
  3312.874     3.767    32.038
  3350.371     3.767    32.038
  3350.473     3.837    32.038
  3350.675     3.837    32.038
  3350.775     3.906    32.038
  3351.580     3.906    32.038
  3351.680     3.976    32.038
  3352.081     3.976    32.038
  3352.181     4.045    32.106
  3361.424     4.045    32.106
  3361.525     4.185    32.175
  3361.630     4.395    32.313
  3361.731     4.603    32.450
  3361.833     4.743    32.588
  3361.933     4.813    32.656
  3362.035     4.882    32.725
  3362.947     4.882    32.725
  3363.049     4.952    32.725
  3363.149     4.952    32.794
  3364.467     4.952    32.794
  3364.569     4.882    32.794
  3364.670     4.813    32.794
  3364.771     4.813    32.794
  3364.873     4.743    32.794
  3364.974     4.743    32.794
  3365.074     4.673    32.794
  3365.178     4.673    32.794
  3365.278     4.603    32.794
  3365.380     4.603    32.794
  3365.481     4.534    32.794
  3366.195     4.534    32.794
  3366.296     4.534    32.862
  3366.398     4.534    32.862
  3366.499     4.534    32.932
  3366.703     4.534    32.932
  3366.804     4.464    33.000
  3366.905     4.395    33.000
  3367.007     4.395    33.069
  3367.110     4.325    33.069
  3367.211     4.325    33.137
  3367.314     4.255    33.137
  3374.489     4.255    33.137
  3374.589     4.325    33.000
  3374.690     4.325    32.932
  3374.790     4.325    32.932
  3374.889     4.395    32.932
  3378.415     4.395    32.932
  3378.514     4.464    32.862
  3378.615     4.534    32.862
  3378.715     4.603    32.794
  3379.923     4.603    32.794
  3380.024     4.673    32.794
  3380.231     4.673    32.794
  3380.333     4.743    32.862
  3380.435     4.743    32.862
  3380.536     4.813    32.932
  3380.638     4.813    32.932
  3380.739     4.882    32.932
  3381.942     4.882    32.932
  3382.042     4.952    33.000
  3395.868     4.952    33.000
  3395.969     5.022    33.000
  3396.073     5.092    33.000
  3396.175     5.162    33.069
  3396.277     5.301    33.069
  3396.378     5.371    33.069
  3396.480     5.580    33.137
  3396.582     5.720    33.137
  3396.682     5.859    33.137
  3396.782     5.999    33.137
  3396.881     6.138    33.069
  3396.982     6.278    33.000
  3397.082     6.418    32.932
  3397.182     6.487    32.794
  3397.281     6.626    32.794
  3397.382     6.696    32.725
  3397.482     6.836    32.656
  3397.582     6.975    32.519
  3397.682     7.045    32.450
  3397.781     7.185    32.381
  3397.882     7.255    32.313
  3397.983     7.324    32.244
  3398.084     7.533    32.175
  3398.185     7.603    32.175
  3398.286     7.743    32.175
  3398.387     7.743    32.244
  3398.489     7.882    32.313
  3398.591     8.022    32.313
  3398.691     8.161    32.313
  3398.791     8.161    32.313
  3398.891     8.301    32.313
  3398.991     8.370    32.313
  3399.091     8.370    32.244
  3399.191     8.580    32.244
  3399.291     8.719    32.244
  3399.391     8.929    32.244
  3399.491     9.207    32.244
  3399.590     9.347    32.244
  3399.792     9.347    32.244
  3399.891     9.347    32.313
  3399.992     9.556    32.381
  3400.093     9.626    32.450
  3400.194     9.626    32.519
  3400.296     9.766    32.588
  3400.398     9.905    32.725
  3400.499     9.975    32.794
  3400.601    10.114    32.932
  3400.702    10.184    33.000
  3400.803    10.184    33.000
  3400.904    10.323    33.069
  3401.006    10.393    33.069
  3401.106    10.393    33.069
  3401.206    10.463    33.207
  3401.306    10.463    33.207
  3401.406    10.463    33.275
  3401.506    10.603    33.344
  3401.606    10.673    33.481
  3401.706    10.673    33.481
  3401.806    10.673    33.550
  3401.906    10.742    33.687
  3402.006    10.742    33.756
  3402.106    10.742    33.825
  3402.207    10.742    33.894
  3402.307    10.812    33.963
  3402.408    10.881    34.100
  3402.508    10.881    34.169
  3402.610    10.881    34.306
  3402.712    10.881    34.375
  3402.813    10.881    34.444
  3402.915    10.951    34.650
  3403.016    10.951    34.856
  3403.117    10.951    34.994
  3403.218    10.951    34.994
  3403.320    10.951    35.063
  3403.421    11.021    35.200
  3403.522    11.021    35.338
  3403.623    11.021    35.475
  3403.723    10.951    35.613
  3403.825    10.881    35.750
  3403.926    10.881    35.887
  3404.027    10.881    36.025
  3404.128    10.881    36.094
  3404.231    10.951    36.369
  3404.332    10.951    36.644
  3404.434    10.951    36.781
  3404.536    10.812    36.919
  3404.638    10.742    36.988
  3404.739    10.742    37.056
  3404.842    10.673    37.194
  3404.943    10.673    37.469
  3405.044    10.673    37.606
  3405.147    10.673    37.813
  3405.248    10.673    37.881
  3405.350    10.673    38.019
  3406.058    10.673    38.019
  3406.162    10.673    38.088
  3406.263    10.673    38.294
  3406.365    10.673    38.844
  3406.565    10.673    38.844
  3406.666    10.603    38.844
  3406.766    10.533    38.982
  3406.866    10.463    39.050
  3406.966    10.463    39.119
  3407.066    10.463    39.187
  3407.166    10.463    39.187
  3407.266    10.393    39.325
  3407.366    10.393    39.462
  3407.466    10.323    39.531
  3407.566    10.254    39.600
  3407.666    10.254    39.738
  3407.767    10.254    39.806
  3407.868    10.254    39.806
  3407.969    10.254    39.875
  3408.071    10.184    39.944
  3424.075    10.184    39.944
  3424.176    10.254    39.944
  3424.278    10.323    39.944
  3425.684    10.323    39.944
  3425.784    10.463    39.944
  3425.884    10.742    40.150
  3425.984    10.881    40.219
  3426.085    10.951    40.288
  3426.186    11.021    40.288
  3426.287    11.091    40.288
  3426.388    11.230    40.288
  3426.490    11.440    40.288
  3426.590    11.510    40.219
  3426.691    11.510    40.219
  3426.794    11.579    40.219
  3426.895    11.719    40.219
  3426.996    11.858    40.219
  3427.098    12.067    40.219
  3427.200    12.486    40.219
  3427.300    12.765    40.288
  3427.400    12.834    40.356
  3427.501    12.904    40.356
  3427.601    13.184    40.356
  3427.701    13.532    40.425
  3427.801    13.671    40.425
  3427.902    13.881    40.494
  3428.001    14.090    40.494
  3428.101    14.300    40.494
  3428.201    14.369    40.494
  3428.302    14.578    40.494
  3428.402    14.788    40.494
  3428.502    14.997    40.631
  3428.602    15.206    40.631
  3428.703    15.415    40.700
  3428.804    15.555    40.700
  3428.905    15.625    40.769
  3429.006    15.834    40.906
  3429.107    16.043    40.906
  3429.207    16.113    40.975
  3429.307    16.392    40.975
  3429.407    16.671    40.975
  3429.508    16.811    41.044
  3429.607    16.950    41.044
  3429.708    17.020    41.113
  3429.807    17.299    41.181
  3429.908    17.508    41.319
  3430.007    17.578    41.388
  3430.108    17.718    41.456
  3430.210    18.066    41.594
  3430.310    18.275    41.732
  3430.410    18.345    41.800
  3430.513    18.415    41.869
  3430.614    18.415    41.937
  3430.714    18.485    42.075
  3431.827    18.485    42.075
  3431.927    18.555    42.075
  3432.027    18.624    42.075
  3432.127    18.624    42.075
  3432.226    18.763    42.075
  3432.326    19.182    42.144
  3432.426    19.461    42.212
  3432.527    19.531    42.212
  3432.627    19.601    42.212
  3432.728    19.949    42.350
  3432.827    20.019    42.419
  3432.928    20.019    42.419
  3433.029    20.159    42.487
  3433.130    20.438    42.625
  3433.232    20.438    42.625
  3433.332    20.647    42.625
  3433.435    20.926    42.694
  3433.536    21.066    42.763
  3433.636    21.275    42.763
  3433.736    21.414    42.831
  3433.836    21.554    42.831
  3433.936    21.763    42.831
  3434.036    21.833    42.831
  3434.136    21.903    42.831
  3434.236    21.973    42.831
  3434.336    22.042    42.831
  3435.541    22.042    42.831
  3435.641    22.182    42.831
  3435.741    22.251    42.763
  3435.842    22.321    42.763
  3436.243    22.321    42.763
  3436.343    22.460    42.694
  3436.468    22.670    42.625
  3436.544    22.740    42.625
  3436.644    22.879    42.625
  3436.745    23.019    42.694
  3436.844    23.158    42.763
  3436.945    23.228    42.763
  3437.046    23.297    42.831
  3437.249    23.297    42.831
  3437.349    23.367    42.831
  3439.682    23.367    42.831
  3439.783    23.437    42.831
  3439.884    23.437    42.831
  3439.987    23.577    42.900
  3440.088    23.716    42.900
  3440.189    23.786    42.969
  3440.291    23.786    42.969
  3440.393    23.856    42.969
  3440.494    24.065    43.038
  3440.595    24.134    43.038
  3440.696    24.274    43.106
  3440.798    24.344    43.106
  3441.913    24.344    43.106
  3442.014    24.274    43.106
  3442.523    24.274    43.106
  3442.624    24.204    43.106
  3442.725    24.065    43.106
  3442.826    23.925    43.038
  3442.927    23.786    43.038
  3443.135    23.786    43.038
  3443.236    23.577    43.038
  3443.337    23.437    42.969
  3443.439    23.228    42.969
  3443.540    23.088    42.900
  3443.641    22.949    42.900
  3443.742    22.810    42.900
  3443.843    22.670    42.900
  3443.944    22.460    43.038
  3444.046    22.460    43.175
  3444.147    22.460    43.175
  3444.250    22.460    43.313
  3444.560    22.460    43.313
  3444.661    22.530    43.313
  3445.272    22.530    43.313
  3445.373    22.460    43.313
  3445.678    22.460    43.313
  3445.779    22.391    43.450
  3445.880    22.321    43.519
  3445.980    22.321    43.588
  3446.081    22.391    43.588
  3446.181    22.460    43.519
  3446.281    22.460    43.519
  3446.382    22.530    43.313
  3446.483    22.530    43.175
  3446.582    22.391    42.900
  3446.685    22.391    42.831
  3446.785    22.321    42.831
  3446.885    22.251    42.763
  3446.985    22.042    42.694
  3447.085    21.973    42.625
  3447.186    21.833    42.556
  3447.287    21.763    42.556
  3447.389    21.414    42.350
  3447.489    21.344    42.350
  3447.590    21.205    42.281
  3447.690    20.996    42.144
  3447.791    20.856    42.075
  3447.893    20.856    42.007
  3447.993    20.717    41.937
  3448.093    20.647    41.800
  3448.193    20.577    41.594
  3448.294    20.577    41.594
  3448.393    20.507    41.594
  3448.493    20.438    41.662
  3448.999    20.438    41.662
  3449.099    20.299    41.662
  3449.200    20.089    41.594
  3449.302    20.019    41.525
  3449.402    20.019    41.525
  3449.503    19.949    41.456
  3449.606    19.740    41.319
  3449.708    19.601    41.250
  3449.811    19.461    41.181
  3449.913    19.392    41.044
  3450.014    19.392    40.975
  3450.115    19.252    40.906
  3450.215    19.182    40.700
  3450.317    19.112    40.631
  3450.418    19.043    40.425
  3450.520    19.043    40.219
  3450.621    19.043    40.081
  3450.723    18.903    39.806
  3450.822    18.833    39.462
  3450.924    18.763    39.187
  3451.023    18.833    38.982
  3451.124    18.833    38.569
  3451.224    18.763    38.225
  3451.324    18.763    37.881
  3451.424    18.763    37.675
  3451.523    18.763    37.606
  3451.623    18.833    37.400
  3451.724    18.833    37.331
  3454.054    18.833    37.331
  3454.156    18.694    37.263
  3454.257    18.624    37.263
  3454.360    18.555    37.263
  3454.462    18.415    37.263
  3454.564    18.275    37.263
  3454.665    18.136    37.263
  3454.766    17.926    37.194
  3454.868    17.718    37.056
  3454.969    17.578    37.056
  3455.071    17.578    37.056
  3455.173    17.508    36.988
  3455.274    17.299    36.850
  3455.374    17.299    36.781
  3455.475    17.299    36.781
  3455.576    17.229    36.781
  3455.676    17.020    36.575
  3455.776    16.741    36.506
  3455.876    16.532    36.437
  3455.976    16.392    36.369
  3456.076    16.113    36.232
  3456.176    16.043    36.162
  3456.477    16.043    36.162
  3456.577    16.043    36.094
  3456.677    15.974    36.025
  3456.778    15.904    35.957
  3456.880    15.763    35.887
  3456.981    15.695    35.887
  3457.082    15.555    35.819
  3457.183    15.137    35.681
  3457.284    14.927    35.613
  3457.385    14.858    35.613
  3457.487    14.648    35.613
  3457.589    14.369    35.613
  3457.690    14.230    35.613
  3457.792    13.951    35.681
  3457.894    13.671    35.750
  3457.996    13.532    35.750
  3458.097    13.184    35.750
  3458.199    12.904    35.750
  3458.302    12.765    35.750
  3458.404    12.416    35.750
  3458.505    12.207    35.750
  3458.606    11.997    35.750
  3458.707    11.788    35.750
  3458.809    11.719    35.750
  3458.910    11.370    35.750
  3459.011    11.230    35.750
  3459.113    11.160    35.681
  3459.214    11.091    35.681
  3459.315    10.742    35.544
  3459.415    10.603    35.544
  3459.515    10.463    35.406
  3459.615    10.114    35.338
  3459.715    10.044    35.269
  3459.815     9.975    35.269
  3459.915     9.696    35.200
  3460.015     9.486    35.131
  3460.115     9.347    35.131
  3460.215     8.929    35.131
  3460.315     8.719    35.131
  3460.415     8.580    35.131
  3460.515     8.510    35.131
  3460.615     8.370    35.063
  3460.716     8.231    34.994
  3460.817     8.022    34.925
  3460.918     7.812    34.788
  3461.018     7.673    34.719
  3461.118     7.533    34.650
  3461.218     7.463    34.650
  3461.318     7.394    34.581
  3461.418     7.115    34.513
  3461.518     6.975    34.444
  3461.618     6.836    34.375
  3461.718     6.766    34.306
  3461.818     6.696    34.238
  3461.919     6.557    34.031
  3462.019     6.487    33.894
  3462.121     6.418    33.756
  3462.221     6.418    33.619
  3462.323     6.557    33.412
  3462.423     6.696    33.344
  3462.524     6.696    33.344
  3462.625     6.696    33.275
  3462.727     6.557    33.069
  3462.828     6.418    32.932
  3462.930     6.348    32.725
  3463.032     6.208    32.519
  3463.133     6.208    32.381
  3463.234     6.138    32.244
  3463.335     5.999    31.900
  3463.438     5.929    31.694
  3463.538     5.929    31.488
  3463.637     5.859    31.488
  3463.737     5.859    31.488
  3463.839     5.859    31.419
  3464.440     5.859    31.419
  3464.541     5.859    31.281
  3464.642     5.859    31.075
  3464.741     5.859    30.731
  3464.842     5.859    30.525
  3464.943     5.859    30.319
  3465.753     5.859    30.319
  3465.855     5.859    30.457
  3465.957     5.929    30.594
  3466.057     5.929    30.731
  3466.161     5.789    30.800
  3466.260     5.789    30.938
  3466.362     5.720    31.006
  3466.461     5.720    31.075
  3466.562     5.720    31.075
  3466.661     5.789    31.144
  3466.763     5.859    31.281
  3491.329     5.859    31.281
  3491.430     5.789    31.281
  3491.530     5.720    31.281
  3491.630     5.650    31.213
  3491.732     5.580    31.144
  3491.832     5.511    31.144
  3491.933     5.441    31.075
  3492.035     5.371    31.075
  3492.137     5.371    31.006
  3492.239     5.301    31.006
  3492.340     5.162    30.938
  3492.441     5.092    30.869
  3492.541     5.022    30.869
  3492.641     4.952    30.800
  3492.741     4.813    30.800
  3492.841     4.743    30.731
  3492.941     4.603    30.662
  3493.042     4.395    30.525
  3493.142     4.255    30.457
  3493.242     4.185    30.457
  3493.342     4.115    30.387
  3493.444     3.976    30.319
  3493.544     3.767    30.250
  3493.643     3.697    30.250
  3493.745     3.627    30.112
  3493.845     3.558    30.112
  3494.047     3.558    30.112
  3494.147     3.488    30.112
  3494.247     3.488    30.112
  3494.347     3.418    30.112
  3495.854     3.418    30.112
  3495.955     3.278    30.044
  3496.055     3.139    30.044
  3496.155     3.139    29.975
  3496.255     3.000    29.906
  3496.455     3.000    29.906
  3496.555     2.930    29.837
  3496.655     2.860    29.837
  3496.756     2.790    29.837
  3496.856     2.790    29.769
  3500.590     2.790    29.769
  3500.693     2.790    29.837
  3500.795     2.930    29.975
  3500.896     3.000    30.044
  3500.996     3.000    30.112
  3501.098     3.069    30.182
  3501.199     3.139    30.182
  3501.300     3.139    30.250
  3501.503     3.139    30.250
  3501.604     3.208    30.319
  3501.705     3.348    30.457
  3501.807     3.488    30.457
  3501.910     3.488    30.525
  3502.012     3.558    30.525
  3502.523     3.558    30.525
  3502.623     3.558    30.457
  3502.725     3.558    30.387
  3502.825     3.558    30.250
  3502.927     3.558    30.112
  3503.030     3.697    29.975
  3503.131     3.837    29.837
  3503.232     3.976    29.769
  3503.334     4.115    29.631
  3503.436     4.115    29.631
  3503.538     4.185    29.631
  3503.639     4.185    29.631
  3503.741     4.255    29.631
  3503.842     4.325    29.769
  3503.944     4.395    29.837
  3504.044     4.534    29.837
  3504.247     4.534    29.837
  3504.349     4.603    29.837
  3504.450     4.743    29.837
  3504.550     4.882    29.769
  3506.255     4.882    29.769
  3506.357     4.952    29.769
  3511.700     4.952    29.769
  3511.802     5.022    29.837
  3511.903     5.162    29.906
  3512.004     5.232    29.906
  3512.105     5.371    29.975
  3512.207     5.580    30.044
  3512.308     5.650    30.044
  3512.410     5.720    30.044
  3512.514     5.859    30.112
  3512.716     5.859    30.112
  3512.817     5.999    30.112
  3512.924     6.069    30.182
  3513.025     6.138    30.182
  3513.126     6.278    30.182
  3513.227     6.348    30.182
  3513.328     6.418    30.250
  3513.430     6.487    30.250
  3513.531     6.487    30.250
  3513.632     6.557    30.250
  3513.733     6.626    30.250
  3513.835     6.836    30.182
  3513.936     6.975    30.112
  3514.037     7.115    30.112
  3514.138     7.115    30.112
  3514.239     7.185    30.112
  3514.341     7.255    30.112
  3514.443     7.324    30.112
  3514.646     7.324    30.112
  3514.746     7.394    30.112
  3515.046     7.394    30.112
  3515.147     7.463    30.112
  3515.247     7.463    30.112
  3515.347     7.533    30.112
  3515.447     7.603    30.112
  3515.548     7.603    30.112
  3515.649     7.673    30.112
  3515.749     7.812    30.182
  3515.848     7.882    30.182
  3583.493     7.882    30.182
  3583.595     7.882    30.112
  3588.627     7.882    30.112
  3588.728     7.952    30.112
  3592.368     7.952    30.112
  3592.470     7.952    30.044
  3593.776     7.952    30.044
  3593.876     8.022    30.044
  3774.724     8.022    30.044
  3774.826     8.022    30.112
  3892.145     8.022    30.112
  3892.245     8.022    30.044
  3918.000     8.022    30.044
  3918.101     7.882    30.044
  3918.201     7.743    30.044
  3918.301     7.603    29.975
  3924.930     7.603    29.975
  3925.030     7.533    29.975
  3925.131     7.533    29.975
  3925.231     7.463    29.975
  3925.331     7.394    29.975
  3925.431     7.324    29.975
  3925.531     7.255    29.975
  3925.631     7.255    29.975
  3925.730     7.185    29.975
  3925.830     7.045    29.975
  3925.931     7.045    29.975
  3926.032     6.975    29.975
  3926.236     6.975    29.975
  3926.337     6.906    29.975
  3926.438     6.906    29.975
  3926.539     6.836    29.975
  3926.640     6.766    29.975
  3929.575     6.766    29.975
  3929.676     6.766    30.044
  3929.876     6.766    30.044
  3929.978     6.836    30.044
  3930.078     6.836    30.044
  3930.180     6.906    30.044
  3930.281     6.975    30.112
  3930.382     7.115    30.182
  3930.482     7.185    30.182
  3930.585     7.255    30.250
  3930.686     7.324    30.250
  3931.197     7.324    30.250
  3931.298     7.324    30.319
  3931.399     7.324    30.319
  3931.500     7.324    30.387
  3931.602     7.394    30.387
  3931.702     7.394    30.457
  3934.818     7.394    30.457
  3934.919     7.324    30.457
  3935.523     7.324    30.457
  3935.624     7.255    30.525
  3935.826     7.255    30.525
  3935.927     7.255    30.594
  3936.233     7.255    30.594
  3936.333     7.255    30.662
  3936.738     7.255    30.662
  3936.839     7.324    30.662
  3936.940     7.324    30.731
  4012.170     7.324    30.731
  4012.270     7.255    30.731
  4012.370     7.115    30.800
  4012.470     6.975    30.938
  4012.570     6.906    30.938
  4012.670     6.836    31.006
  4012.770     6.766    31.006
  4013.071     6.766    31.006
  4013.170     6.766    31.075
  4013.270     6.766    31.144
  4013.371     6.766    31.213
  4019.530     6.766    31.213
  4019.631     6.836    31.213
  4022.452     6.836    31.213
  4022.552     6.906    31.213
  4030.854     6.906    31.213
  4030.955     6.906    31.281
  4031.056     6.975    31.350
  4031.158     7.045    31.488
  4031.260     7.045    31.556
  4031.361     7.115    31.556
  4031.461     7.115    31.625
  4031.562     7.115    31.694
  4031.662     7.115    31.763
  4031.762     7.115    31.763
  4031.862     7.115    31.831
  4031.962     7.115    31.969
  4032.062     7.115    32.106
  4032.162     7.115    32.106
  4032.262     7.115    32.175
  4032.362     7.115    32.175
  4032.462     7.185    32.175
  4032.562     7.185    32.244
  4032.662     7.255    32.244
  4033.977     7.255    32.244
  4034.080     7.185    32.244
  4034.181     7.185    32.244
  4034.283     7.115    32.244
  4034.385     7.115    32.244
  4034.486     7.115    32.313
  4042.670     7.115    32.313
  4042.771     7.185    32.381
  4042.874     7.255    32.450
  4043.075     7.255    32.450
  4043.177     7.185    32.450
  4043.281     7.115    32.450
  4043.383     7.045    32.450
  4043.993     7.045    32.450
  4044.095     7.045    32.519
  4044.196     6.975    32.519
  4044.298     6.975    32.588
  4044.399     6.975    32.656
  4044.500     6.906    32.656
  4044.600     6.906    32.656
  4044.701     6.836    32.656
  4049.029     6.836    32.656
  4049.131     6.906    32.656
  4049.233     6.906    32.588
  4049.334     6.975    32.588
  4077.362     6.975    32.588
  4077.463     6.975    32.656
  4077.563     6.975    32.656
  4077.662     7.045    32.725
  4077.763     7.045    32.794
  4077.863     7.115    32.794
  4077.963     7.115    32.862
  4078.266     7.115    32.862
  4078.367     7.045    32.862
  4078.468     7.045    33.000
  4078.570     6.975    33.000
  4082.219     6.975    33.000
  4082.320     6.975    33.069
  4082.522     6.975    33.069
  4082.622     7.045    33.069
  4082.723     7.045    33.137
  4083.123     7.045    33.137
  4083.223     6.975    33.207
  4083.323     6.975    33.275
  4083.423     6.906    33.275
  4083.523     6.906    33.275
  4083.624     6.906    33.344
  4095.767     6.906    33.344
  4095.873     6.906    33.412
  4096.278     6.906    33.412
  4096.380     6.975    33.412
  4100.316     6.975    33.412
  4100.417     6.906    33.412
  4100.519     6.906    33.412
  4100.620     6.906    33.344
  4100.822     6.906    33.344
  4100.924     6.906    33.275
  4101.025     6.906    33.207
  4101.126     6.906    33.207
  4101.226     6.906    33.137
  4101.326     6.975    33.069
  4101.425     6.975    33.000
  4101.526     6.975    33.000
  4101.625     7.045    32.932
  4101.726     7.045    32.932
  4101.826     7.115    32.862
  4101.926     7.115    32.794
  4102.025     7.115    32.794
  4102.126     7.185    32.725
  4103.440     7.185    32.725
  4103.540     7.255    32.794
  4104.444     7.255    32.794
  4104.544     7.185    32.725
  4104.645     7.115    32.656
  4104.745     7.115    32.588
  4104.846     7.115    32.588
  4104.946     7.115    32.450
  4105.349     7.115    32.450
  4105.449     7.115    32.381
  4107.458     7.115    32.381
  4107.559     7.185    32.381
  4118.498     7.185    32.381
  4118.598     7.255    32.450
  4265.685     7.255    32.450
  4265.785     7.115    32.450
  4265.886     7.115    32.450
  4265.985     7.045    32.381
  4266.085     7.045    32.381
  4266.185     6.975    32.381
  4266.285     6.975    32.381
  4266.385     6.906    32.313
  4266.485     6.836    32.313
  4266.586     6.766    32.244
  4266.687     6.766    32.244
  4266.788     6.696    32.244
  4266.890     6.696    32.175
  4272.570     6.696    32.175
  4272.676     6.766    32.175
  4379.601     6.766    32.175
  4379.702     6.696    32.175
  4439.858     6.696    32.175
  4439.960     6.696    32.244
  4440.061     6.626    32.313
  4440.162     6.626    32.381
  4440.263     6.557    32.381
  4440.364     6.557    32.450
  4440.465     6.487    32.450
  4440.567     6.418    32.450
  4440.669     6.418    32.450
  4440.771     6.348    32.450
  4456.577     6.348    32.450
  4456.677     6.418    32.450
  4531.726     6.418    32.450
  4531.826     6.418    32.381
  4635.149     6.418    32.381
  4635.252     6.487    32.381
  4780.692     6.487    32.381
  4780.795     6.557    32.381
  4780.897     6.557    32.450
  4938.045     6.557    32.450
  4938.145     6.557    32.381
  4938.245     6.487    32.381
  4938.548     6.487    32.381
  4938.648     6.418    32.381
  4938.750     6.418    32.313
  4939.054     6.418    32.313
  4939.155     6.418    32.244
  4939.255     6.348    32.244
  4939.355     6.348    32.175
  4939.456     6.348    32.175
  4939.556     6.348    32.106
  4939.856     6.348    32.106
  4939.958     6.348    32.038
  4940.058     6.278    32.038
  4940.867     6.278    32.038
  4940.970     6.208    31.969
  4957.132     6.208    31.969
  4957.235     6.208    32.038
  4965.706     6.208    32.038
  4965.807     6.138    32.038
  4972.087     6.138    32.038
  4972.188     6.138    31.969
  4972.390     6.138    31.969
  4972.492     6.138    31.900
  4972.694     6.138    31.900
  4972.796     6.138    31.831
  4972.897     6.138    31.831
  4972.999     6.138    31.763
  4973.100     6.138    31.763
  4973.202     6.138    31.694
  4973.303     6.138    31.625
  4973.404     6.138    31.625
  4973.505     6.138    31.556
  4974.111     6.138    31.556
  4974.212     6.138    31.488
  4975.716     6.138    31.488
  4975.817     6.208    31.488
  4977.235     6.208    31.488
  4977.336     6.208    31.419
  4988.020     6.208    31.419
  4988.121     6.208    31.488
  4988.935     6.208    31.488
  4989.037     6.208    31.556
  4989.747     6.208    31.556
  4989.847     6.278    31.556
  4990.050     6.278    31.556
  4990.152     6.278    31.625
  4991.985     6.278    31.625
  4992.086     6.278    31.694
  4992.188     6.278    31.694
  4992.289     6.278    31.763
  4992.391     6.278    31.831
  4992.896     6.278    31.831
  4992.998     6.278    31.900
  4994.013     6.278    31.900
  4994.116     6.348    31.900
  5103.197     6.348    31.900
  5103.298     6.348    32.038
  5103.400     6.348    32.106
  5103.501     6.278    32.175
  5103.602     6.278    32.244
  5103.703     6.208    32.244
  5103.805     6.208    32.381
  5103.906     6.208    32.450
  5104.007     6.208    32.519
  5489.099     6.208    32.519
  5489.099     6.208    32.519
