     2.940    13.017    17.241
   148.350    13.017    17.241
   148.450    12.913    17.442
   148.950    12.913    17.442
   149.060    12.809    17.442
   149.160    12.809    17.492
   149.260    12.711    17.593
   149.360    12.659    17.593
   149.460    12.607    17.643
   149.660    12.607    17.643
   149.760    12.555    17.793
   149.860    12.503    17.894
   150.360    12.503    17.894
   150.460    12.405    17.944
   150.570    12.301    17.944
   150.670    12.249    17.994
   150.770    12.249    17.994
   150.870    12.203    17.994
   150.970    12.203    17.994
   151.070    12.151    17.994
   151.370    12.151    17.994
   151.470    12.099    17.994
   151.570    12.047    17.994
   151.670    11.995    18.045
   151.770    11.995    18.045
   151.870    11.944    18.145
   151.970    11.845    18.245
   153.080    11.845    18.245
   153.180    11.742    18.296
   153.280    11.690    18.346
   153.380    11.643    18.346
   153.480    11.592    18.451
   153.580    11.540    18.451
   153.780    11.540    18.451
   153.880    11.488    18.451
   153.980    11.488    18.451
   154.080    11.436    18.451
   154.190    11.436    18.501
   154.290    11.390    18.601
   154.390    11.338    18.702
   154.490    11.338    18.702
   154.590    11.338    18.752
   154.690    11.338    18.802
   154.790    11.338    18.802
   154.890    11.338    18.903
   154.990    11.338    19.003
   155.090    11.338    19.053
   155.190    11.338    19.103
   155.290    11.338    19.154
   156.600    11.338    19.154
   156.700    11.390    19.154
   156.800    11.436    19.254
   157.000    11.436    19.254
   157.100    11.436    19.405
   157.210    11.436    19.555
   157.300    11.436    19.606
   157.410    11.436    19.606
   157.510    11.643    19.606
   157.710    11.643    19.606
   157.810    11.690    19.606
   157.910    11.794    19.606
   158.010    11.897    19.606
   158.610    11.897    19.606
   158.710    11.897    19.656
   158.810    11.897    19.756
   159.120    11.897    19.756
   159.220    11.995    19.756
   161.930    11.995    19.756
   162.030    11.995    19.806
   162.230    11.995    19.806
   162.330    12.047    19.806
   162.440    12.099    19.806
   162.640    12.099    19.806
   162.740    12.099    19.907
   163.140    12.099    19.907
   163.240    12.151    19.907
   164.050    12.151    19.907
   164.150    12.203    19.907
   164.250    12.301    20.108
   164.350    12.405    20.359
   164.450    12.503    20.359
   164.550    12.659    20.409
   164.650    12.659    20.459
   164.750    12.711    20.459
   164.850    12.711    20.509
   164.950    12.711    20.560
   165.050    12.711    20.660
   165.150    12.809    20.710
   165.250    13.219    21.011
   165.350    13.369    21.162
   165.460    13.369    21.313
   165.560    13.571    21.513
   165.660    13.674    21.664
   168.670    13.674    21.664
   168.770    13.674    21.714
   168.870    13.674    21.714
   168.980    13.674    21.765
   169.380    13.674    21.765
   169.480    13.674    21.664
   169.580    13.674    21.614
   170.690    13.674    21.614
   170.790    13.674    21.564
   170.890    13.674    21.463
   170.990    13.674    21.463
   171.090    13.674    21.363
   171.590    13.674    21.363
   171.690    13.369    21.363
   171.790    13.369    21.363
   171.890    13.317    21.363
   172.090    13.317    21.363
   172.200    13.115    21.463
   172.300    13.115    21.463
   172.400    13.063    21.463
   172.500    12.861    21.564
   172.600    12.809    21.614
   173.410    12.809    21.614
   173.500    12.913    21.564
   173.810    12.913    21.564
   173.910    12.861    21.463
   174.110    12.861    21.463
   174.210    12.809    21.463
   174.310    12.503    21.463
   174.410    12.353    21.463
   174.510    12.249    21.463
   174.610    12.047    21.513
   174.710    11.944    21.513
   174.820    11.794    21.564
   174.920    11.794    21.564
   175.020    11.742    21.564
   175.120    11.488    21.614
   175.220    11.488    21.614
   175.320    11.436    21.614
   175.420    11.338    21.664
   175.520    11.338    21.664
   175.620    11.234    21.664
   175.720    11.032    21.664
   175.820    10.778    21.664
   175.920    10.726    21.664
   176.020    10.576    21.614
   176.120    10.420    21.614
   176.220    10.063    21.564
   176.330     9.913    21.564
   176.430     9.809    21.564
   176.530     9.659    21.564
   176.630     9.555    21.564
   176.730     9.457    21.564
   176.830     9.353    21.564
   177.230     9.353    21.564
   177.330     9.203    21.463
   177.430     9.151    21.363
   177.530     8.995    21.262
   177.630     8.897    21.162
   177.830     8.897    21.162
   177.940     8.897    21.112
   178.040     8.845    21.062
   178.140     8.845    20.911
   178.240     8.845    20.811
   178.340     8.845    20.710
   178.440     8.793    20.660
   178.540     8.793    20.610
   178.740     8.793    20.610
   178.840     8.695    20.610
   178.940     8.695    20.660
   179.040     8.695    20.660
   179.140     8.591    20.710
   179.240     8.441    20.760
   179.340     8.441    20.760
   179.450     8.389    20.760
   179.550     8.285    20.811
   179.650     8.187    20.811
   179.850     8.187    20.811
   179.950     8.135    20.811
   180.050     8.084    20.811
   180.150     7.980    20.811
   180.250     7.830    20.811
   180.350     7.830    20.811
   180.450     7.674    20.811
   180.550     7.472    20.861
   180.650     7.374    20.861
   180.750     7.322    20.861
   180.850     7.218    20.861
   180.960     7.068    20.911
   181.050     6.964    20.961
   181.160     6.912    20.961
   181.260     6.814    21.062
   181.360     6.762    21.212
   181.460     6.710    21.212
   184.370     6.710    21.212
   184.480     6.710    21.262
   184.580     6.710    21.262
   184.680     6.710    21.313
   184.780     6.710    21.413
   184.880     6.658    21.413
   184.980     6.658    21.413
   185.080     6.658    21.463
   185.180     6.658    21.463
   185.280     6.658    21.564
   185.380     6.606    21.664
   185.480     6.560    21.664
   191.920     6.560    21.664
   192.020     6.560    21.815
   192.120     6.560    21.865
   192.220     6.560    21.865
   192.330     6.560    21.915
   192.430     6.560    22.066
   192.730     6.560    22.066
   192.830     6.456    22.221
   193.530     6.456    22.221
   193.630     6.456    22.321
   193.740     6.456    22.321
   193.840     6.456    22.372
   194.440     6.456    22.372
   194.540     6.456    22.422
   194.740     6.456    22.422
   194.840     6.456    22.472
   194.940     6.456    22.572
   195.650     6.456    22.572
   195.750     6.353    22.623
   195.850     6.353    22.623
   195.950     6.353    22.673
   196.250     6.353    22.673
   196.350     6.306    22.673
   196.450     6.306    22.723
   196.550     6.306    22.773
   196.650     6.306    22.773
   196.750     6.306    22.823
   196.960     6.306    22.823
   197.060     6.254    22.874
   197.160     6.203    22.874
   197.560     6.203    22.874
   197.660     6.203    22.924
   197.760     6.203    22.924
   197.870     6.203    22.974
   198.170     6.203    22.974
   198.270     6.203    22.924
   198.670     6.203    22.924
   198.770     6.203    22.874
   198.870     6.203    22.874
   198.970     6.203    22.823
   200.080     6.203    22.823
   200.180     6.203    22.874
   200.280     6.306    22.924
   200.480     6.306    22.924
   200.580     6.306    22.974
   201.080     6.306    22.974
   201.190     6.306    22.723
   201.290     6.254    22.572
   201.390     6.203    22.472
   201.490     6.151    22.372
   201.590     6.151    22.171
   201.690     6.099    22.016
   201.790     6.099    21.965
   201.990     6.099    21.965
   202.090     6.099    21.915
   202.190     6.047    21.865
   202.290     6.047    21.865
   202.390     5.845    21.965
   202.490     5.793    21.965
   202.590     5.793    21.965
   202.690     5.793    22.016
   202.790     5.793    22.016
   202.900     5.747    22.016
   203.000     5.643    22.016
   203.500     5.643    22.016
   203.600     5.591    22.016
   203.700     5.441    22.016
   203.800     5.337    22.016
   203.900     5.233    22.066
   204.000     5.187    22.066
   204.100     5.187    22.066
   204.200     5.083    22.271
   204.300     4.933    22.422
   204.400     4.933    22.422
   204.500     4.777    22.422
   204.710     4.777    22.422
   204.810     4.933    22.422
   204.910     5.083    22.422
   205.010     5.187    22.422
   205.110     5.187    22.422
   205.210     5.285    22.422
   205.310     5.285    22.422
   205.410     5.337    22.116
   205.510     5.389    22.016
   205.610     5.389    21.915
   205.710     5.389    21.664
   205.810     5.389    21.614
   206.010     5.389    21.614
   206.110     5.389    21.765
   206.210     5.389    21.865
   206.310     5.389    21.865
   206.420     5.441    21.915
   206.520     5.493    22.066
   206.620     5.747    22.171
   207.520     5.747    22.171
   207.620     5.793    22.171
   207.920     5.793    22.171
   208.030     5.897    22.171
   208.230     5.897    22.171
   208.330     5.897    22.221
   209.940     5.897    22.221
   210.040     6.001    22.221
   211.040     6.001    22.221
   211.140     6.047    22.221
   211.240     6.099    22.221
   211.650     6.099    22.221
   211.750     6.099    22.271
   211.850     6.099    22.271
   211.950     6.203    22.422
   212.050     6.203    22.673
   212.150     6.203    22.874
   212.250     6.203    22.974
   212.650     6.203    22.974
   212.750     6.306    22.974
   212.850     6.353    23.125
   212.950     6.404    23.275
   213.050     6.353    23.526
   213.160     6.404    23.828
   213.260     6.560    23.878
   213.360     6.606    23.928
   213.460     6.658    24.079
   213.560     6.710    24.179
   213.660     6.762    24.380
   213.760     6.762    24.631
   213.860     6.762    24.631
   213.960     6.762    24.681
   214.060     6.762    24.832
   214.160     6.762    24.932
   214.260     6.762    24.932
   214.360     6.762    24.982
   214.660     6.762    24.982
   214.760     6.710    25.033
   214.870     6.710    25.083
   214.970     6.658    25.234
   215.070     6.658    25.334
   215.170     6.658    25.485
   215.270     6.658    25.535
   215.370     6.606    25.585
   215.470     6.606    25.685
   215.570     6.606    25.836
   215.670     6.606    25.886
   215.770     6.560    25.886
   215.870     6.560    25.991
   216.380     6.560    25.991
   216.480     6.404    26.041
   216.580     6.353    26.092
   216.680     6.306    26.092
   216.880     6.306    26.092
   216.980     6.151    26.192
   217.080     6.099    26.242
   217.180     6.099    26.292
   217.280     6.099    26.343
   217.380     6.047    26.393
   217.480     6.047    26.393
   217.580     6.047    26.443
   217.680     5.949    26.493
   218.790     5.949    26.493
   218.890     6.001    26.292
   218.990     6.001    26.041
   219.090     6.001    26.041
   219.190     6.047    26.041
   219.290     6.099    26.041
   219.390     6.099    26.041
   219.490     6.099    26.092
   219.590     6.099    26.142
   219.700     6.099    26.192
   219.800     6.099    26.292
   219.900     6.151    26.292
   220.200     6.151    26.292
   220.300     6.203    26.292
   220.400     6.203    26.292
   220.500     6.254    26.292
   220.600     6.404    26.292
   220.700     6.456    26.292
   220.800     6.456    26.292
   220.900     6.710    26.292
   221.000     6.814    26.343
   221.100     6.814    26.393
   221.710     6.814    26.393
   221.810     6.912    26.393
   222.710     6.912    26.393
   222.810     6.964    26.443
   223.120     6.964    26.443
   223.220     7.016    26.443
   223.320     7.270    26.443
   223.420     7.524    26.443
   223.520     7.524    26.443
   223.620     7.576    26.443
   223.720     7.628    26.443
   223.820     7.830    26.443
   223.920     7.980    26.443
   224.020     8.285    26.493
   224.120     8.539    26.543
   224.220     8.539    26.543
   224.320     8.741    26.594
   224.430     8.741    26.594
   224.530     8.845    26.594
   225.230     8.845    26.594
   225.330     9.151    26.594
   225.430     9.151    26.594
   225.530     9.203    26.594
   225.630     9.301    26.594
   225.930     9.301    26.594
   226.030     9.301    26.644
   226.440     9.301    26.644
   226.540    10.166    26.292
   226.840    10.166    26.292
   226.940    10.576    26.343
   227.040    10.576    26.343
   227.140    10.622    26.343
   227.240    10.622    26.343
   227.340    10.876    26.393
   227.440    11.084    26.443
   227.540    11.136    26.443
   227.640    11.488    26.443
   227.740    11.897    26.493
   227.840    12.099    26.493
   227.950    12.757    26.543
   229.160    12.757    26.543
   229.260    12.913    26.543
   229.360    12.965    26.543
   229.460    13.271    26.543
   229.560    13.623    26.543
   229.660    14.032    26.543
   229.760    14.032    26.543
   229.860    14.234    26.543
   229.960    14.592    26.543
   230.060    14.638    26.543
   230.160    14.638    26.543
   230.260    14.742    26.493
   230.360    14.892    26.343
   230.460    15.152    26.142
   230.560    15.152    26.142
   230.670    15.198    26.142
   230.770    15.555    26.092
   230.870    15.659    25.991
   231.070    15.659    25.991
   231.170    15.659    25.836
   231.270    15.659    25.836
   231.370    16.011    25.585
   231.470    16.011    25.585
   231.570    16.115    25.434
   231.670    16.369    25.033
   231.770    16.369    24.932
   232.880    16.369    24.932
   232.980    16.317    24.782
   233.580    16.317    24.782
   233.680    16.317    24.731
   233.780    16.317    24.480
   233.880    16.519    24.430
   233.980    16.675    24.330
   234.080    16.773    24.179
   234.190    17.286    23.828
   234.290    17.742    23.526
   234.390    17.794    23.526
   234.490    17.846    23.526
   234.590    17.846    23.476
   234.690    17.846    23.426
   234.790    17.846    23.376
   234.890    17.846    23.326
   235.790    17.846    23.326
   235.900    17.690    23.326
   237.710    17.690    23.326
   237.810    17.892    23.426
   237.910    17.996    23.426
   238.010    18.400    23.577
   238.110    18.758    23.627
   238.210    19.012    23.627
   238.320    19.265    23.627
   238.420    19.467    23.727
   238.520    19.467    23.727
   238.620    19.623    23.727
   238.720    19.877    23.777
   238.820    20.183    23.777
   238.920    20.281    23.777
   239.020    20.385    23.777
   239.120    20.489    23.828
   239.220    20.742    23.828
   239.320    21.302    23.828
   239.420    21.302    23.828
   239.520    21.400    23.828
   239.620    21.400    23.828
   239.720    21.504    23.828
   239.820    21.556    23.828
   239.920    21.602    23.828
   240.430    21.602    23.828
   240.530    21.556    23.828
   240.730    21.556    23.828
   240.830    21.452    23.828
   240.930    21.400    23.828
   241.030    21.400    23.978
   241.130    21.348    24.028
   241.230    21.348    24.079
   241.330    21.348    24.079
   241.430    21.302    24.079
   241.740    21.302    24.079
   241.840    21.250    24.229
   242.040    21.250    24.229
   242.140    21.250    24.280
   242.240    21.250    24.330
   242.340    21.302    24.430
   242.440    21.654    24.832
   242.540    21.758    24.882
   242.640    21.758    24.882
   242.740    21.758    25.083
   242.840    21.758    25.284
   242.940    21.810    25.434
   243.040    21.810    25.485
   243.650    21.810    25.485
   243.750    21.810    25.535
   243.850    22.064    25.585
   245.960    22.064    25.585
   246.060    22.825    25.736
   246.160    22.929    25.836
   246.260    23.183    25.991
   246.360    23.183    26.192
   246.460    23.281    26.292
   246.560    23.535    26.443
   246.670    23.691    26.443
   246.970    23.691    26.443
   247.070    23.893    26.443
   249.180    23.893    26.443
   249.280    24.758    26.845
   249.380    24.810    26.845
   249.480    24.960    26.845
   249.580    25.520    26.795
   249.680    25.670    26.795
   249.780    25.670    26.795
   249.880    25.976    26.795
   249.980    26.385    26.795
   250.080    26.737    26.795
   250.190    27.095    26.795
   250.290    27.453    26.694
   250.390    27.453    26.694
   250.490    27.655    26.644
   250.590    27.909    26.644
   250.690    28.111    26.493
   250.790    28.312    26.343
   250.890    28.618    26.343
   250.990    28.872    26.343
   251.190    28.872    26.343
   251.290    28.872    26.393
   253.510    28.872    26.393
   253.610    28.976    26.443
   253.710    28.976    26.443
   253.810    29.080    26.443
   253.910    29.230    26.493
   254.010    29.386    26.493
   254.110    29.536    26.543
   254.210    29.841    26.543
   254.310    29.992    26.543
   254.410    30.095    26.543
   255.320    30.095    26.543
   255.420    30.147    26.543
   255.520    30.193    26.543
   255.620    30.349    26.594
   255.720    30.453    26.594
   255.820    30.655    26.594
   255.920    30.707    26.644
   256.020    30.805    26.694
   256.120    30.857    26.694
   257.830    30.857    26.694
   257.930    31.313    26.694
   258.030    31.671    26.694
   258.130    31.821    26.694
   258.230    31.924    26.694
   258.330    32.028    26.694
   258.430    32.126    26.644
   258.540    32.484    26.443
   258.640    32.536    26.393
   258.740    32.634    26.292
   258.840    32.888    25.991
   258.940    33.044    25.635
   259.040    33.044    25.485
   259.140    33.194    25.384
   259.240    33.246    25.083
   259.340    33.401    24.782
   259.440    33.500    24.631
   259.640    33.500    24.631
   259.740    33.500    24.681
   262.060    33.500    24.681
   262.160    33.401    24.731
   262.760    33.401    24.731
   262.860    33.246    24.932
   262.960    33.246    25.083
   263.060    33.246    25.183
   263.360    33.246    25.183
   263.460    33.246    25.033
   263.560    33.194    24.932
   263.660    33.194    24.932
   263.760    33.194    24.782
   263.870    33.194    24.480
   263.970    33.194    24.330
   264.070    33.194    24.079
   264.170    33.194    23.878
   264.270    33.194    23.727
   264.370    33.194    23.476
   264.470    33.194    23.175
   264.570    33.142    22.773
   264.670    33.142    22.623
   264.770    33.142    22.321
   264.870    33.142    22.171
   264.970    33.142    21.965
   265.070    33.194    21.714
   265.170    33.194    21.463
   277.350    33.194    21.463
   277.450    33.246    21.463
   277.650    33.246    21.463
   277.750    33.298    21.413
   277.850    33.298    21.212
   277.950    33.298    21.062
   278.050    33.298    21.062
   278.150    33.350    21.062
   278.250    33.350    21.011
   278.350    33.401    20.961
   278.450    33.401    20.911
   278.550    33.401    20.861
   278.650    33.401    20.811
   278.750    33.401    20.811
   278.850    33.448    20.760
   278.960    33.551    20.710
   279.060    33.551    20.710
   279.160    33.551    20.660
   279.260    33.551    20.560
   284.290    33.551    20.560
   284.390    33.551    20.409
   284.490    33.500    20.359
   284.590    33.500    20.308
   284.690    33.500    20.258
   284.790    33.500    20.158
   284.890    33.500    19.957
   284.990    33.500    19.706
   285.090    33.551    19.455
   285.200    33.551    19.405
   285.300    33.551    19.304
   285.400    33.551    19.154
   285.500    33.551    18.953
   285.600    33.551    18.852
   285.700    33.551    18.802
   285.800    33.551    18.802
   285.900    33.551    18.601
   286.000    33.551    18.451
   286.100    33.551    18.296
   286.200    33.603    18.045
   286.300    33.603    17.844
   286.400    33.603    17.643
   286.500    33.603    17.492
   286.600    33.603    17.241
   286.700    33.603    16.990
   286.800    33.603    16.739
   286.910    33.603    16.639
   287.010    33.603    16.488
   287.110    33.603    16.388
   287.210    33.603    16.287
   287.310    33.603    16.187
   287.410    33.603    16.137
   288.420    33.603    16.137
   288.520    33.655    15.986
   288.620    33.655    15.936
   288.720    33.655    15.886
   288.820    33.655    15.685
   288.920    33.655    15.484
   289.020    33.655    15.333
   289.120    33.655    15.333
   289.220    33.702    15.333
   289.320    33.805    15.233
   289.420    33.805    15.183
   289.520    33.805    15.082
   289.620    33.805    14.932
   289.720    33.805    14.831
   292.540    33.805    14.831
   292.640    33.702    15.032
   292.740    33.655    15.132
   292.840    33.551    15.132
   292.940    33.551    15.183
   293.040    33.551    15.283
   293.140    33.551    15.333
   293.250    33.551    15.434
   293.550    33.551    15.434
   293.650    33.448    15.584
   293.750    33.401    15.584
   293.850    33.401    15.584
   293.950    33.448    15.584
   294.050    33.500    15.584
   294.250    33.500    15.584
   294.350    33.448    15.534
   294.450    33.350    15.534
   294.650    33.350    15.534
   294.750    33.246    15.484
   294.850    32.992    15.484
   294.960    32.940    15.484
   295.060    32.536    15.534
   295.160    32.536    15.534
   295.260    32.536    15.484
   295.360    32.282    15.383
   295.460    31.976    15.283
   295.560    31.872    15.233
   295.660    31.671    15.183
   295.760    31.365    15.082
   295.860    31.365    15.032
   295.960    31.313    14.932
   296.060    31.267    14.932
   296.160    31.059    14.630
   296.260    30.909    14.580
   296.360    30.857    14.580
   296.460    30.857    14.580
   296.570    30.857    14.475
   296.670    30.857    14.425
   296.770    30.857    14.274
   296.870    30.857    14.174
   297.270    30.857    14.174
   297.370    30.857    14.274
   297.470    30.857    14.274
   297.570    30.857    14.375
   297.870    30.857    14.375
   297.970    30.805    14.425
   298.070    30.603    14.731
   298.170    30.401    14.881
   298.280    30.349    14.881
   298.380    30.297    14.881
   298.480    30.147    14.831
   298.580    29.893    14.781
   298.680    29.640    14.781
   299.990    29.640    14.781
   300.090    29.790    14.831
   300.190    29.790    14.982
   300.290    29.738    15.132
   300.390    29.738    15.283
   300.490    29.738    15.283
   300.590    29.686    15.333
   300.690    29.640    15.534
   300.790    29.536    15.735
   300.890    29.536    15.886
   300.990    29.536    16.086
   301.090    29.536    16.137
   301.190    29.536    16.237
   301.290    29.484    16.237
   301.400    29.282    16.388
   301.500    29.230    16.438
   301.600    29.126    16.438
   301.700    29.080    16.438
   301.800    29.028    16.438
   301.900    29.028    16.438
   302.000    28.826    16.488
   302.100    28.670    16.588
   302.200    28.618    16.588
   302.300    28.520    16.789
   302.400    28.520    16.840
   302.600    28.520    16.840
   302.700    28.364    16.940
   302.800    28.266    16.940
   303.110    28.266    16.940
   303.210    28.266    16.990
   304.210    28.266    16.990
   304.310    28.468    17.040
   304.410    28.572    17.241
   304.510    28.572    17.342
   304.620    28.572    17.392
   304.720    28.572    17.442
   304.820    28.572    17.492
   305.120    28.572    17.492
   305.220    28.572    17.643
   305.320    28.520    17.944
   305.420    28.520    17.994
   305.520    28.520    18.095
   305.720    28.520    18.095
   305.820    28.520    18.245
   305.920    28.520    18.401
   306.030    28.520    18.501
   307.430    28.520    18.501
   307.540    28.520    18.451
   307.630    28.520    18.451
   307.730    28.520    18.401
   307.830    28.572    18.195
   308.040    28.572    18.195
   308.140    28.826    18.195
   308.240    28.924    18.195
   308.340    29.028    18.245
   308.640    29.028    18.245
   308.740    29.126    18.245
   308.840    29.178    18.245
   308.940    29.432    18.245
   310.150    29.432    18.245
   310.250    29.432    18.296
   310.450    29.432    18.296
   310.550    29.432    18.551
   310.650    29.432    18.702
   310.850    29.432    18.702
   310.960    29.432    18.752
   311.060    29.432    18.802
   311.260    29.432    18.802
   311.360    29.432    18.953
   311.460    29.432    19.053
   311.560    29.432    19.154
   311.660    29.432    19.254
   311.760    29.432    19.304
   311.860    29.432    19.555
   311.960    29.484    19.857
   312.060    29.640    20.057
   312.160    29.790    20.258
   312.260    29.790    20.258
   312.360    29.790    20.308
   312.470    29.738    20.509
   312.570    29.738    20.660
   312.670    29.738    20.811
   312.770    29.686    20.861
   312.870    29.640    21.112
   312.970    29.588    21.262
   313.070    29.588    21.413
   313.170    29.588    21.564
   313.270    29.588    21.664
   313.370    29.536    21.765
   313.470    29.536    21.865
   313.570    29.536    21.915
   313.670    29.536    21.915
   313.770    29.536    22.066
   313.870    29.484    22.066
   313.970    29.386    22.221
   314.070    29.230    22.372
   314.170    29.230    22.422
   314.280    29.230    22.572
   314.380    29.178    22.823
   314.480    29.080    23.024
   314.580    28.976    23.175
   314.680    28.976    23.376
   314.780    28.976    23.526
   314.880    28.976    23.677
   314.980    28.976    23.878
   315.080    28.872    24.079
   315.180    28.872    24.079
   315.280    28.722    24.179
   315.380    28.670    24.229
   315.480    28.618    24.280
   315.580    28.572    24.480
   315.680    28.572    24.631
   315.790    28.520    24.832
   315.880    28.416    25.033
   315.990    28.312    25.284
   316.090    28.312    25.334
   316.190    28.312    25.384
   316.390    28.312    25.384
   316.490    28.312    25.434
   318.910    28.312    25.434
   319.010    28.214    25.434
   319.110    28.059    25.434
   319.210    27.961    25.434
   319.310    27.603    25.485
   319.410    27.505    25.535
   319.510    27.095    25.585
   319.710    27.095    25.585
   319.810    26.945    25.685
   319.910    26.893    25.685
   320.010    26.841    25.736
   320.110    26.535    25.786
   320.210    26.080    25.886
   320.310    25.826    25.936
   320.420    25.624    25.936
   320.520    25.468    25.936
   322.230    25.468    25.936
   322.330    25.318    26.092
   322.430    25.162    26.142
   322.730    25.162    26.142
   322.830    25.064    26.142
   322.930    25.012    26.142
   323.030    25.012    26.142
   323.130    24.908    26.142
   323.530    24.908    26.142
   323.630    24.758    26.292
   323.740    24.706    26.292
   324.140    24.706    26.292
   324.240    24.654    26.292
   324.540    24.654    26.292
   324.640    24.603    26.292
   324.740    24.556    26.292
   324.840    24.504    26.292
   336.510    24.504    26.292
   336.610    24.654    26.242
   336.710    24.758    26.242
   336.810    24.758    26.192
   340.240    24.758    26.192
   340.340    24.758    26.142
   341.140    24.758    26.142
   341.240    24.758    26.092
   341.340    24.758    26.092
   341.440    24.960    26.092
   341.540    25.266    25.936
   341.750    25.266    25.936
   341.850    25.266    25.836
   341.950    25.318    25.786
   342.050    25.416    25.585
   342.150    25.416    25.585
   342.250    25.520    25.535
   342.350    25.520    25.535
   342.450    25.468    25.535
   342.750    25.468    25.535
   342.850    25.468    25.485
   342.950    25.468    25.434
   343.050    25.624    25.434
   345.070    25.624    25.434
   345.170    25.826    25.434
   345.270    25.826    25.384
   345.370    25.826    25.334
   345.470    25.878    25.234
   345.570    25.976    25.133
   345.670    25.976    25.033
   370.750    25.976    25.033
   370.850    26.178    24.932
   371.050    26.178    24.932
   371.150    26.178    24.882
   371.450    26.178    24.882
   371.550    26.178    24.932
   371.650    26.178    24.982
   371.750    26.178    24.932
   371.860    26.178    24.731
   396.200    26.178    24.731
   396.300    26.333    24.731
   396.500    26.333    24.731
   396.610    26.535    24.430
   396.710    26.587    24.380
   399.420    26.587    24.380
   399.520    26.535    24.380
   400.630    26.535    24.380
   400.730    26.535    24.631
   436.250    26.535    24.631
   436.350    26.587    24.531
   436.450    26.639    24.531
   436.550    26.737    24.430
   436.650    26.789    24.380
   436.950    26.789    24.380
   437.050    26.789    24.330
   448.830    26.789    24.330
   448.930    26.737    24.280
   449.130    26.737    24.280
   449.230    26.691    24.280
   449.330    26.639    24.280
   449.530    26.639    24.280
   449.630    26.587    24.229
   449.730    26.535    24.229
   449.830    26.432    24.229
   450.230    26.432    24.229
   450.330    26.385    24.229
   450.440    26.333    24.229
   450.540    26.230    24.229
   450.940    26.230    24.229
   451.040    26.178    24.229
   451.140    26.132    24.229
   451.250    26.132    24.229
   451.350    25.976    24.179
   451.450    25.976    24.129
   451.950    25.976    24.129
   452.050    25.826    24.129
   452.360    25.826    24.129
   452.460    25.722    23.978
   452.560    25.468    23.928
   452.660    25.266    23.777
   452.760    25.162    23.727
   452.860    25.162    23.727
   452.960    25.162    23.828
   453.060    25.162    23.928
   453.860    25.162    23.928
   453.960    25.162    23.978
   455.270    25.162    23.978
   455.370    25.266    23.978
   455.470    25.266    23.928
   457.280    25.266    23.928
   457.390    25.266    23.828
   465.430    25.266    23.828
   465.530    25.266    23.878
   465.630    25.266    23.928
   465.830    25.266    23.928
   465.930    25.266    24.079
   466.040    25.266    24.129
   466.140    25.266    24.129
   466.240    25.266    24.229
   466.340    25.266    24.229
   466.440    25.266    24.280
   466.540    25.318    24.380
   466.640    25.364    24.480
   466.740    25.416    24.631
   466.840    25.416    24.631
   466.940    25.364    24.631
   467.040    25.364    24.631
   467.140    25.364    24.681
   467.240    25.364    24.731
   467.340    25.364    24.731
   467.450    25.468    24.882
   467.550    25.468    25.033
   468.050    25.468    25.033
   468.150    25.468    25.083
   468.250    25.468    25.083
   468.350    25.468    25.133
   468.450    25.572    25.234
   468.650    25.572    25.234
   468.750    25.670    25.284
   468.850    25.774    25.334
   468.950    25.878    25.334
   469.050    25.924    25.384
   469.150    25.924    25.434
   469.250    25.924    25.434
   469.360    25.924    25.485
   470.260    25.924    25.485
   470.360    26.028    25.535
   470.460    26.028    25.736
   470.560    26.028    25.836
   470.660    26.028    25.786
   470.760    26.132    25.886
   470.860    26.132    26.142
   470.960    26.132    26.142
   471.070    26.132    26.092
   471.170    26.178    26.041
   471.270    26.230    26.192
   471.370    26.282    26.192
   471.470    26.333    26.192
   471.570    26.432    26.192
   471.670    26.587    26.192
   472.270    26.587    26.192
   472.370    26.535    26.092
   472.470    26.432    25.786
   472.580    26.385    25.635
   472.680    26.385    25.585
   473.380    26.385    25.585
   473.480    26.432    25.585
   473.680    26.432    25.585
   473.780    26.432    25.736
   473.880    26.432    25.736
   473.990    26.385    25.786
   474.090    26.333    25.886
   474.190    26.230    25.991
   474.290    26.178    26.092
   474.390    26.178    26.192
   474.590    26.178    26.192
   474.690    26.080    26.292
   474.790    25.878    26.292
   474.890    25.826    26.343
   474.990    25.624    26.393
   475.090    25.520    26.393
   475.190    25.468    26.443
   475.290    25.416    26.443
   475.390    25.364    26.443
   475.590    25.364    26.443
   475.700    25.266    26.443
   475.800    25.214    26.443
   475.900    25.214    26.443
   476.000    25.110    26.443
   476.100    24.758    26.543
   476.200    24.706    26.594
   477.810    24.706    26.594
   477.910    24.706    26.543
   478.010    24.706    26.493
   478.210    24.706    26.493
   478.310    24.654    26.493
   478.410    24.603    26.493
   478.510    24.603    26.493
   478.610    24.556    26.493
   478.710    24.504    26.493
   478.810    24.504    26.493
   478.910    24.349    26.493
   479.010    24.147    26.493
   479.120    24.043    26.493
   479.220    23.997    26.493
   479.320    23.893    26.493
   479.420    23.841    26.493
   479.520    23.743    26.493
   479.620    23.587    26.493
   479.720    23.483    26.493
   480.020    23.483    26.493
   480.120    23.385    26.543
   481.030    23.385    26.543
   481.130    23.385    26.493
   481.230    23.385    26.443
   481.330    23.385    26.443
   481.430    23.333    26.192
   481.530    23.183    26.192
   481.630    23.183    26.192
   481.730    23.131    26.192
   481.830    23.131    26.142
   481.930    23.131    26.092
   482.030    23.131    26.041
   482.130    23.027    25.991
   482.240    22.722    25.936
   482.340    22.623    25.836
   482.440    22.520    25.635
   482.540    22.214    25.535
   482.640    22.012    25.334
   482.740    21.908    25.183
   482.840    21.810    24.932
   482.940    21.706    24.782
   483.040    21.504    24.581
   483.140    21.250    24.430
   483.240    20.996    24.280
   483.340    20.893    24.079
   483.440    20.587    23.677
   483.540    20.535    23.526
   483.640    20.489    23.476
   483.740    20.385    23.326
   483.840    20.333    23.275
   483.950    20.281    23.275
   484.050    20.281    23.275
   484.150    20.183    23.275
   484.250    19.981    23.225
   484.350    19.929    23.175
   484.450    19.929    23.125
   484.550    19.929    23.075
   484.650    19.929    22.874
   484.750    19.929    22.773
   487.270    19.929    22.773
   487.370    19.929    22.623
   487.470    19.929    22.372
   487.570    19.929    22.066
   487.670    19.929    21.965
   487.770    19.929    21.865
   487.870    19.929    21.714
   487.970    19.929    21.614
   488.070    19.929    21.564
   488.170    20.027    21.463
   488.270    20.281    20.811
   488.370    20.281    20.811
   488.470    20.281    20.710
   488.570    20.281    20.560
   488.980    20.281    20.560
   489.080    20.281    20.509
   489.180    20.333    20.359
   489.280    20.333    20.057
   489.380    20.489    19.957
   489.480    20.587    19.806
   489.580    20.587    19.756
   489.680    20.587    19.706
   489.780    20.742    19.656
   489.880    20.742    19.656
   489.980    20.742    19.505
   490.080    20.841    19.254
   490.180    20.893    19.103
   490.290    20.893    19.003
   490.390    20.944    18.903
   490.490    20.996    18.852
   490.590    20.996    18.802
   490.690    20.996    18.802
   490.790    20.996    18.702
   490.990    20.996    18.702
   491.090    20.996    18.501
   491.190    20.996    18.296
   491.290    20.996    18.145
   491.390    20.996    17.994
   492.090    20.996    17.994
   492.200    20.996    18.145
   492.400    20.996    18.145
   492.500    20.996    18.045
   492.600    20.996    17.994
   492.700    20.996    17.944
   492.800    21.250    17.793
   492.900    21.348    17.743
   496.720    21.348    17.743
   496.820    21.146    18.145
   496.920    21.146    18.245
   497.020    21.198    18.145
   497.230    21.198    18.145
   497.330    21.198    18.195
   497.430    21.198    18.245
   497.530    21.198    18.296
   497.630    21.250    18.346
   497.730    21.250    18.501
   497.930    21.250    18.501
   498.030    21.400    18.501
   498.130    21.400    18.451
   498.230    21.400    18.451
   498.330    21.348    18.296
   499.740    21.348    18.296
   499.840    21.302    18.195
   499.940    21.250    17.994
   500.450    21.250    17.994
   500.550    21.250    18.045
   500.650    21.302    18.145
   500.750    21.348    18.245
   501.150    21.348    18.245
   501.250    21.348    18.346
   501.350    21.348    18.401
   501.850    21.348    18.401
   501.950    21.348    18.451
   502.050    21.400    18.451
   502.260    21.400    18.451
   502.360    21.452    18.501
   502.460    21.452    18.601
   502.560    21.504    18.702
   502.660    21.504    18.852
   502.760    21.504    18.903
   503.160    21.504    18.903
   503.260    21.602    18.903
   503.360    21.654    18.852
   503.870    21.654    18.852
   503.970    21.602    18.903
   505.070    21.602    18.903
   505.170    21.556    18.903
   505.380    21.556    18.903
   505.480    21.348    18.953
   505.580    21.302    19.003
   505.680    21.302    19.003
   505.780    21.198    19.003
   505.880    20.996    19.003
   505.980    20.893    19.003
   506.080    20.841    19.003
   506.180    20.841    19.003
   506.280    20.794    19.204
   506.380    20.587    19.254
   506.480    20.587    19.254
   506.580    20.535    19.355
   506.680    20.385    19.355
   506.780    20.281    19.355
   506.880    19.981    19.405
   506.980    19.623    19.455
   507.080    19.167    19.254
   507.190    18.810    19.304
   507.290    18.556    19.304
   507.390    18.400    19.254
   507.490    18.354    19.053
   507.590    18.302    19.003
   507.690    17.996    18.852
   507.790    17.794    18.652
   507.890    17.586    18.501
   507.990    17.286    18.296
   508.090    17.183    18.245
   508.190    17.183    18.245
   508.290    17.183    18.296
   508.590    17.183    18.296
   508.700    17.183    18.346
   508.900    17.183    18.346
   509.000    17.286    18.401
   511.210    17.286    18.401
   511.310    17.131    18.401
   511.410    17.131    18.401
   511.510    16.825    18.401
   511.610    16.421    18.401
   511.710    16.167    18.346
   511.810    16.063    18.245
   511.920    15.757    18.145
   512.010    15.405    18.145
   512.120    15.152    18.145
   512.220    14.996    18.095
   512.320    14.592    18.095
   512.420    14.488    18.095
   512.520    14.234    18.095
   512.620    13.778    17.944
   512.720    13.473    17.944
   512.820    13.219    17.944
   512.920    12.965    17.944
   513.020    12.913    17.944
   514.430    12.913    17.944
   514.530    12.913    18.045
   514.830    12.913    18.045
   514.930    12.913    18.095
   515.030    12.757    18.195
   515.340    12.757    18.195
   515.440    12.965    18.195
   515.540    13.017    18.245
   515.640    12.965    18.245
   515.740    12.861    18.245
   515.840    12.757    18.245
   515.940    12.711    18.145
   516.040    12.555    18.095
   516.140    12.405    18.095
   516.240    12.301    18.095
   516.440    12.301    18.095
   516.540    12.099    18.095
   516.640    11.995    18.095
   516.740    11.794    18.095
   516.840    11.592    18.095
   517.250    11.592    18.095
   517.350    11.540    18.095
   517.450    11.436    18.095
   517.550    11.338    18.095
   517.650    11.286    18.095
   517.750    11.084    18.095
   517.850    10.830    18.095
   517.950    10.674    18.145
   518.050    10.270    18.195
   518.150    10.016    18.195
   518.250     9.659    18.195
   518.350     9.405    18.195
   518.460     9.353    18.195
   518.560     9.353    18.195
   518.660     9.353    18.245
   518.860     9.353    18.245
   518.960     9.301    18.245
   519.060     9.405    18.245
   519.160     9.457    18.245
   519.260     9.255    18.195
   519.360     9.203    18.195
   519.460     9.151    18.195
   519.560     9.099    17.994
   519.660     8.995    17.944
   519.760     8.995    17.944
   519.860     8.949    17.894
   519.960     8.643    17.743
   520.070     8.591    17.693
   520.170     8.539    17.693
   520.270     8.539    17.693
   520.380     8.337    17.593
   520.470     7.830    17.342
   520.580     7.576    17.191
   520.680     7.576    17.191
   520.780     7.016    16.990
   520.880     6.860    16.890
   520.980     6.860    16.890
   521.080     6.814    16.890
   521.180     6.508    16.890
   521.280     6.254    16.890
   521.380     6.203    16.890
   521.480     6.047    16.940
   521.580     5.897    16.990
   521.680     5.389    17.091
   521.880     5.389    17.091
   521.980     5.285    17.091
   522.080     5.031    17.141
   522.190     4.979    17.141
   522.390     4.979    17.141
   522.490     4.881    17.141
   522.590     4.524    17.141
   523.190     4.524    17.141
   523.290     4.472    17.141
   523.390     4.270    17.191
   523.490     4.218    17.241
   523.590     4.016    17.291
   523.690     3.560    17.342
   523.900     3.560    17.342
   524.000     3.202    17.442
   524.100     3.098    17.492
   524.200     3.098    17.492
   524.300     2.798    17.693
   526.310     2.798    17.693
   526.410     2.798    17.643
   526.510     2.746    17.593
   526.610     2.695    17.593
   526.710     2.441    17.593
   527.010     2.441    17.593
   527.110     2.441    17.693
   528.120     2.441    17.693
   528.220     2.544    17.693
   528.320     2.643    17.593
   528.420     2.948    17.593
   528.520     2.948    17.593
   528.620     2.948    17.492
   528.720     2.948    17.091
   528.820     3.052    16.840
   528.920     3.098    16.840
   529.030     3.150    16.840
   529.130     3.254    16.840
   529.230     3.254    16.739
   529.330     3.306    16.438
   529.430     3.352    16.137
   529.530     3.352    15.886
   529.630     3.306    15.835
   529.730     3.306    15.835
   529.830     3.352    15.735
   530.130     3.352    15.735
   530.230     3.352    15.785
   530.330     3.456    15.785
   534.050     3.456    15.785
   534.160     3.456    15.584
   534.260     3.456    15.484
   534.360     3.456    15.383
   534.460     3.456    15.333
   543.810     3.456    15.333
   543.920     3.352    15.333
   544.320     3.352    15.333
   544.420     3.306    15.283
   544.720     3.306    15.283
   544.820     3.306    15.183
   546.030     3.306    15.183
   546.130     3.306    15.233
   546.330     3.306    15.233
   546.430     3.306    15.132
   547.240     3.306    15.132
   547.340     3.612    14.881
   547.440     3.612    14.881
   547.540     3.762    14.831
   547.640     3.964    14.580
   547.740     4.120    14.425
   547.840     4.374    14.325
   548.040     4.374    14.325
   548.140     4.374    14.124
   548.240     4.575    13.772
   548.340     4.524    13.722
   548.450     4.472    13.722
   549.050     4.472    13.722
   549.150     4.472    13.622
   549.250     4.524    13.571
   549.550     4.524    13.571
   549.650     4.627    13.571
   549.750     4.627    13.722
   549.850     4.627    13.822
   549.950     4.627    14.073
   550.460     4.627    14.073
   550.560     4.627    13.973
   550.660     4.627    13.923
   550.760     4.627    13.873
   559.710     4.627    13.873
   559.810     4.679    13.873
   560.010     4.679    13.873
   560.110     4.725    13.873
   560.210     4.777    13.873
   560.320     4.829    13.923
   560.420     4.881    13.923
   560.920     4.881    13.923
   561.020     5.083    13.923
   561.120     5.135    13.923
   562.130     5.135    13.923
   562.230     5.083    13.923
   562.330     4.979    13.923
   562.430     4.881    13.923
   562.530     4.777    13.923
   562.630     4.725    13.923
   562.730     4.575    13.873
   562.830     4.425    13.873
   562.930     4.322    13.873
   563.030     4.068    13.873
   563.130     4.016    13.873
   563.230     3.762    13.923
   563.330     3.352    13.923
   563.430     3.150    13.873
   563.540     3.150    13.873
   563.640     3.098    13.873
   563.740     2.845    13.822
   563.840     2.493    13.622
   564.140     2.493    13.622
   564.240     2.441    13.571
   564.340     2.337    13.371
   564.440     2.337    13.270
   566.150     2.337    13.270
   566.250     2.285    13.270
   566.350     2.239    13.270
   566.450     2.239    13.270
   566.550     2.239    13.170
   566.650     2.239    13.069
   566.750     2.239    13.019
   566.850     2.239    12.969
   566.960     2.239    12.818
   567.060     2.187    12.567
   567.160     2.135    12.567
   567.260     2.135    12.517
   567.360     2.135    12.517
   567.460     2.083    12.366
   567.560     2.083    12.115
   567.660     2.031    11.814
   567.760     1.985    11.513
   567.860     1.985    11.463
   567.960     2.031    11.362
   568.060     2.135    11.212
   568.160     2.135    11.111
   568.260     2.187    10.910
   568.360     2.239    10.705
   568.460     2.239    10.554
   568.570     2.239    10.253
   568.670     2.285     9.902
   568.770     2.337     9.701
   568.870     2.337     9.550
   569.670     2.337     9.550
   569.770     2.389     9.550
   570.170     2.389     9.550
   570.280     2.389     9.600
   571.480     2.389     9.600
   571.590     2.389     9.751
   571.680     2.389     9.801
   571.790     2.389     9.851
   571.890     2.389     9.851
   571.990     2.389     9.902
   572.090     2.389    10.002
   572.190     2.389    10.052
   572.290     2.389    10.102
   572.390     2.493    10.102
   572.490     2.493     9.902
   572.590     2.643     9.902
   572.690     2.948     9.902
   572.790     3.052     9.902
   572.890     3.098     9.801
   572.990     3.202     9.751
   573.090     3.202     9.600
   573.190     3.306     9.500
   573.290     3.404     9.450
   573.390     3.456     9.450
   573.500     3.456     9.400
   573.900     3.456     9.400
   574.000     3.456     9.500
   574.100     3.456     9.500
   574.200     3.456     9.600
   574.900     3.456     9.600
   575.000     3.352     9.600
   575.110     3.352     9.500
   575.210     3.352     9.500
   575.310     3.404     9.500
   575.410     3.560     9.500
   575.510     3.560     9.450
   575.610     3.612     9.500
   575.710     3.912     9.651
   575.810     3.912     9.651
   575.910     3.912     9.600
   576.010     3.912     9.550
   576.110     4.016     9.349
   576.210     4.016     9.199
   576.310     4.016     9.199
   576.410     4.120     9.148
   576.620     4.120     9.148
   576.720     4.218     9.148
   576.820     4.270     9.148
   576.920     4.374     9.148
   577.020     4.575     9.148
   577.120     4.725     9.148
   577.220     4.829     9.148
   577.320     4.979     9.148
   577.420     5.285     9.148
   577.520     5.337     9.148
   577.720     5.337     9.148
   577.820     5.747     9.148
   577.920     5.747     9.148
   578.020     5.793     9.148
   578.120     6.001     9.148
   578.220     6.151     9.148
   578.330     6.306     9.098
   578.430     6.606     9.048
   578.530     6.710     9.048
   578.630     6.912     9.048
   578.730     7.016     9.048
   578.830     7.166     9.048
   579.430     7.166     9.048
   579.530     7.166     8.847
   580.240     7.166     8.847
   580.340     7.374     8.847
   580.560     7.374     8.847
   580.640     7.778     8.847
   580.740     7.830     8.847
   580.940     7.830     8.847
   581.040     7.928     8.847
   581.140     8.389     8.847
   581.440     8.389     8.847
   581.540     8.695     8.847
   581.650     8.695     8.847
   581.750     8.741     8.847
   581.850     8.793     8.847
   581.950     8.845     8.847
   583.160     8.845     8.847
   583.260     8.897     8.847
   583.960     8.897     8.847
   584.060     8.897     8.797
   584.870     8.897     8.797
   584.970     8.995     8.797
   585.070     9.047     8.797
   585.170     9.047     8.797
   585.270     9.099     8.797
   585.470     9.099     8.797
   585.570     9.151     8.797
   585.670     9.151     8.797
   585.770     9.151     8.747
   586.380     9.151     8.747
   586.480     9.255     8.747
   586.780     9.255     8.747
   586.880     9.255     8.847
   586.980     9.255     8.847
   587.080     9.255     8.897
   587.180     9.255     8.948
   587.280     9.255     8.998
   587.380     9.255     8.998
   587.480     9.255     9.048
   587.580     9.255     9.048
   587.680     9.255     9.098
   588.090     9.255     9.098
   588.190     9.255     9.148
   588.390     9.255     9.148
   588.490     9.255     9.199
   588.590     9.255     9.450
   588.690     9.255     9.751
   588.790     9.255     9.902
   588.890     9.255    10.052
   588.990     9.353    10.253
   589.090     9.405    10.504
   589.190     9.457    10.605
   589.290     9.509    10.760
   589.390     9.607    10.961
   589.500     9.607    11.161
   589.600     9.607    11.212
   589.700     9.763    11.362
   589.800     9.913    11.513
   590.000     9.913    11.513
   590.100     9.913    11.663
   590.200     9.913    11.915
   590.300     9.809    12.216
   590.400     9.809    12.316
   590.500     9.763    12.316
   590.600     9.763    12.316
   590.700     9.763    12.366
   590.800     9.711    12.467
   590.900     9.711    12.567
   591.000     9.711    12.668
   591.110     9.711    12.768
   591.210     9.711    12.768
   591.310     9.711    12.818
   591.410     9.711    12.868
   591.610     9.711    12.868
   591.710     9.711    12.919
   591.810     9.711    12.969
   591.910     9.711    13.019
   592.010     9.861    13.170
   592.110     9.861    13.371
   592.210     9.861    13.622
   592.310    10.016    13.873
   592.410    10.218    14.124
   592.510    10.218    14.224
   592.610    10.166    14.224
   592.720    10.368    14.274
   592.820    10.622    14.425
   592.920    10.876    14.475
   593.020    11.084    14.525
   593.120    11.136    14.525
   593.220    11.234    14.525
   593.320    11.234    14.525
   593.420    11.234    14.580
   593.520    11.436    14.580
   593.620    11.488    14.580
   593.820    11.488    14.580
   593.920    11.540    14.630
   594.030    11.794    14.630
   594.130    11.845    14.630
   594.230    11.897    14.630
   594.330    11.944    14.580
   594.630    11.944    14.580
   594.730    11.995    14.580
   594.830    12.047    14.630
   595.130    12.047    14.630
   595.230    12.047    14.681
   595.330    12.151    14.731
   595.430    12.203    14.781
   595.530    12.249    14.781
   595.640    12.353    14.781
   595.740    12.353    14.781
   595.840    12.405    14.881
   595.940    12.555    14.881
   596.040    12.711    14.982
   596.340    12.711    14.982
   596.440    12.809    14.982
   597.550    12.809    14.982
   597.650    13.219    15.484
   597.750    13.219    15.484
   597.850    13.219    15.534
   597.950    13.524    15.584
   598.050    13.928    15.584
   598.150    14.084    15.635
   598.250    14.286    15.886
   598.350    14.286    16.036
   598.450    14.286    16.187
   598.550    14.384    16.588
   598.650    14.540    16.940
   598.750    14.540    17.091
   598.850    14.540    17.091
   598.960    14.436    17.241
   599.050    14.384    17.392
   599.160    14.384    17.392
   599.260    14.384    17.442
   599.360    14.384    17.542
   599.460    14.384    17.844
   599.560    14.384    18.045
   599.660    14.338    18.451
   599.760    14.234    18.652
   599.860    14.234    18.903
   599.960    14.182    18.953
   600.260    14.182    18.953
   600.360    14.436    18.953
   600.460    14.436    18.953
   600.560    14.540    19.204
   600.660    14.638    19.405
   600.760    14.638    19.455
   600.870    14.794    19.455
   600.970    14.996    19.606
   601.070    15.048    19.656
   601.170    15.100    19.806
   601.270    15.353    19.957
   601.370    15.607    20.258
   601.470    15.705    20.459
   601.570    15.757    20.610
   601.670    15.861    20.861
   601.770    15.861    21.011
   601.870    15.913    21.062
   602.380    15.913    21.062
   602.480    15.913    21.212
   602.580    15.913    21.313
   602.680    15.913    21.313
   602.780    15.913    21.363
   605.290    15.913    21.363
   605.390    15.913    21.313
   605.490    15.913    21.313
   605.600    15.913    21.212
   605.700    15.913    21.162
   605.800    15.913    21.112
   607.610    15.913    21.112
   607.710    15.965    21.112
   607.810    16.063    21.162
   607.910    16.167    21.212
   608.210    16.167    21.212
   608.310    16.265    21.212
   608.510    16.265    21.212
   608.610    16.265    21.112
   608.710    16.369    21.112
   608.820    16.473    21.112
   609.420    16.473    21.112
   609.520    16.473    21.011
   609.720    16.473    21.011
   609.820    16.265    20.961
   609.920    16.115    20.961
   610.020    16.115    20.961
   610.120    16.115    20.861
   610.220    16.115    20.861
   610.330    16.167    20.861
   610.420    16.219    20.911
   610.630    16.219    20.911
   610.730    16.219    21.011
   610.830    16.219    21.162
   610.930    16.219    21.262
   611.030    16.219    21.363
   611.230    16.219    21.363
   611.330    16.219    21.463
   611.430    16.219    21.463
   611.530    16.219    21.513
   611.630    16.219    21.714
   611.930    16.219    21.714
   612.030    16.219    21.765
   614.550    16.219    21.765
   614.650    16.219    21.865
   645.340    16.219    21.865
   645.440    16.063    22.016
   645.540    15.965    22.066
   645.640    15.965    22.066
   645.740    15.913    22.066
   645.840    15.913    22.066
   645.950    15.757    22.066
   646.050    15.659    22.066
   671.400    15.659    22.066
   671.500    15.757    22.116
   673.110    15.757    22.116
   673.210    15.757    22.321
   674.020    15.757    22.321
   674.120    15.757    22.422
   674.220    15.757    22.472
   674.420    15.757    22.472
   674.520    15.705    22.472
   674.620    15.659    22.522
   675.120    15.659    22.522
   675.230    15.555    22.572
   675.330    15.555    22.623
   676.030    15.555    22.623
   676.130    15.503    22.623
   676.230    15.503    22.673
   676.330    15.503    22.723
   676.430    15.452    22.723
   676.530    15.452    22.823
   676.630    15.452    22.823
   676.730    15.405    22.823
   676.830    15.353    22.823
   677.360    15.353    22.823
   677.440    15.302    22.823
   677.540    15.198    22.924
   680.460    15.198    22.924
   680.570    15.100    23.024
   680.670    15.048    23.075
   681.070    15.048    23.075
   681.170    15.048    23.125
   681.270    14.996    23.275
   681.370    14.996    23.326
   681.470    14.944    23.376
   681.570    14.944    23.426
   681.670    14.944    23.426
   681.790    14.944    23.476
   682.090    14.944    23.476
   682.190    14.742    23.677
   682.290    14.742    23.727
   682.390    14.690    23.777
   682.490    14.690    23.878
   682.590    14.690    24.028
   682.690    14.690    24.430
   682.790    14.638    24.480
   683.090    14.638    24.480
   683.190    14.638    24.531
   683.290    14.540    24.581
   683.400    14.540    24.581
   683.490    14.384    24.581
   684.900    14.384    24.581
   685.000    14.488    24.430
   685.100    14.540    24.380
   685.210    14.592    24.330
   685.310    14.592    24.330
   685.410    14.592    24.480
   686.310    14.592    24.480
   686.410    14.592    24.531
   686.920    14.592    24.531
   687.020    14.690    24.531
   687.120    14.690    24.531
   687.220    14.690    24.631
   687.320    14.742    24.731
   698.700    14.742    24.731
   698.800    14.690    24.731
   698.900    14.638    24.681
   699.000    14.638    24.631
   699.100    14.690    24.631
   699.210    14.794    24.480
   699.310    14.892    24.380
   699.410    14.892    24.280
   703.740    14.892    24.280
   703.840    14.944    24.280
   704.140    14.944    24.280
   704.240    14.944    24.229
   705.060    14.944    24.229
   705.160    14.996    24.229
   716.630    14.996    24.229
   716.730    14.892    24.229
   717.430    14.892    24.229
   717.540    14.846    24.229
   717.630    14.846    24.229
   717.740    14.794    24.229
   717.840    14.742    24.229
   719.350    14.742    24.229
   719.450    14.690    24.229
   719.550    14.690    24.179
   719.650    14.690    24.129
   719.750    14.638    24.129
   719.850    14.638    24.129
   719.950    14.540    24.129
   720.050    14.540    24.129
   720.150    14.488    24.028
   720.250    14.488    24.028
   720.350    14.488    23.978
   720.450    14.488    23.978
   720.550    14.384    23.928
   720.650    14.384    23.928
   720.750    14.384    23.878
   720.850    14.338    23.828
   721.560    14.338    23.828
   721.660    14.286    23.828
   721.760    14.234    23.828
   721.960    14.234    23.828
   722.060    14.234    23.777
   722.160    14.234    23.777
   722.260    14.234    23.727
   722.460    14.234    23.727
   722.560    14.182    23.727
   722.660    14.130    23.727
   722.770    14.084    23.727
   722.870    14.084    23.727
   722.970    14.032    23.727
   723.070    13.980    23.627
   723.170    13.980    23.627
   723.270    13.928    23.577
   723.470    13.928    23.577
   723.570    13.876    23.526
   723.670    13.876    23.526
   723.770    13.876    23.476
   724.780    13.876    23.476
   724.880    13.876    23.526
   724.980    13.824    23.526
   726.290    13.824    23.526
   726.390    13.824    23.577
   727.800    13.824    23.577
   727.900    13.726    23.577
   728.000    13.726    23.577
   728.100    13.726    23.476
   728.200    13.726    23.376
   728.300    13.674    23.326
   728.400    13.674    23.225
   728.500    13.623    23.175
   728.800    13.623    23.175
   728.900    13.571    23.175
   729.510    13.571    23.175
   729.610    13.571    23.125
   729.710    13.524    23.075
   730.610    13.524    23.075
   730.710    13.571    23.075
   730.810    13.623    23.125
   730.910    13.674    23.175
   731.010    13.778    23.175
   731.110    13.824    23.275
   731.210    13.928    23.326
   731.320    14.130    23.476
   731.420    14.384    23.476
   731.520    14.742    23.476
   731.620    14.846    23.476
   731.720    14.846    23.476
   731.820    14.892    23.476
   731.920    14.944    23.577
   732.020    14.944    23.577
   732.120    14.996    23.577
   732.220    15.048    23.577
   732.320    15.152    23.577
   732.420    15.198    23.577
   732.520    15.353    23.577
   732.620    15.405    23.627
   732.720    15.503    23.677
   732.820    15.705    23.677
   732.930    15.913    23.677
   733.030    16.115    23.727
   733.130    16.369    23.828
   733.230    16.519    23.878
   733.330    16.675    23.878
   733.430    16.825    23.928
   733.530    16.981    23.928
   733.630    17.079    23.928
   733.730    17.131    24.028
   733.830    17.333    24.179
   733.930    17.638    24.229
   734.030    17.892    24.330
   734.130    17.996    24.430
   734.230    18.100    24.430
   734.330    18.146    24.531
   734.430    18.146    24.531
   734.540    18.198    24.531
   734.640    18.198    24.581
   734.740    18.250    24.581
   734.840    18.913    24.782
   734.940    19.213    24.782
   735.040    19.213    24.782
   735.140    19.317    24.882
   735.240    19.467    25.284
   735.340    19.571    25.585
   735.440    19.623    25.635
   736.750    19.623    25.635
   736.850    19.063    25.786
   738.560    19.063    25.786
   738.660    19.012    25.786
   738.960    19.012    25.786
   739.060    19.063    25.836
   739.160    19.063    25.836
   739.260    19.115    25.836
   739.360    19.213    25.886
   739.460    19.317    25.886
   740.570    19.317    25.886
   740.670    19.467    25.886
   740.770    19.519    25.886
   741.070    19.519    25.886
   741.170    19.571    25.886
   741.270    19.623    25.886
   744.490    19.623    25.886
   744.590    19.623    25.936
   744.900    19.623    25.936
   745.000    19.623    25.991
   745.100    19.623    26.041
   745.200    19.623    26.041
   745.300    19.623    26.142
   745.400    19.571    26.242
   745.500    19.571    26.292
   745.600    19.571    26.292
   745.700    19.421    26.393
   745.800    19.317    26.543
   745.900    19.213    26.594
   746.510    19.213    26.594
   746.610    19.213    26.744
   746.710    19.213    26.744
   746.810    19.213    26.795
   747.210    19.213    26.795
   747.310    19.012    26.945
   747.410    18.810    27.196
   747.510    18.758    27.196
   747.610    18.758    27.196
   747.710    18.758    27.347
   747.810    18.758    27.397
   747.910    18.758    27.397
   748.020    18.706    27.497
   748.120    18.608    27.598
   748.920    18.608    27.598
   749.020    18.556    27.749
   749.120    18.556    27.799
   749.220    18.556    27.849
   750.230    18.556    27.849
   750.330    18.452    27.899
   750.430    18.400    27.949
   750.730    18.400    27.949
   750.830    18.354    27.949
   752.140    18.354    27.949
   752.240    18.354    28.200
   752.440    18.354    28.200
   752.540    18.354    28.251
   752.640    18.452    28.301
   753.050    18.452    28.301
   753.150    18.452    28.351
   754.160    18.452    28.351
   754.260    18.452    28.301
   754.360    18.452    28.251
   754.460    18.452    28.150
   754.560    18.452    28.150
   754.660    18.452    28.100
   755.070    18.452    28.100
   755.170    18.452    28.050
   756.470    18.452    28.050
   756.570    18.400    28.000
   756.670    18.400    27.949
   756.880    18.400    27.949
   756.980    18.400    27.749
   757.580    18.400    27.749
   757.680    18.302    27.799
   757.780    18.302    27.799
   757.880    18.100    27.949
   757.980    18.100    27.949
   758.080    18.100    28.000
   758.180    18.048    28.050
   758.490    18.048    28.050
   758.590    17.944    28.050
   760.700    17.944    28.050
   760.800    17.944    28.100
   760.900    17.944    28.100
   761.000    17.892    28.150
   761.100    17.892    28.150
   761.200    17.742    28.200
