     3.130    17.079    10.810
    59.730    17.079    10.810
    59.830    17.234    10.760
    59.930    17.436    10.705
    60.030    17.286    10.705
    60.130    17.234    10.705
    60.250    17.234    10.705
    60.350    17.234    10.760
    60.450    17.234    10.760
    60.550    17.234    10.810
    60.650    17.079    10.860
    60.850    17.079    10.860
    60.950    17.131    10.860
    72.830    17.131    10.860
    72.930    17.079    10.860
    73.230    17.079    10.860
    73.330    17.033    10.860
    74.540    17.033    10.860
    74.640    16.981    10.860
    75.550    16.981    10.860
    75.650    16.825    10.860
    76.660    16.825    10.860
    76.760    16.727    10.860
    77.160    16.727    10.860
    77.260    16.623    10.860
    77.360    16.571    10.860
    77.770    16.571    10.860
    77.870    16.519    10.860
    77.970    16.519    10.860
    78.070    16.421    10.910
    78.170    16.317    10.961
    78.270    16.265    11.011
    78.370    16.219    11.011
    78.470    16.219    11.011
    78.570    16.219    11.061
    78.870    16.219    11.061
    78.970    16.167    11.061
    79.070    16.115    11.061
    79.180    16.063    11.111
    79.280    16.063    11.111
    79.380    15.861    11.111
    80.780    15.861    11.111
    80.880    15.809    11.161
    80.990    15.705    11.161
    81.390    15.705    11.161
    81.490    15.705    11.212
    81.590    15.705    11.312
    83.720    15.705    11.312
    83.820    15.659    11.312
    83.920    15.503    11.412
    86.730    15.503    11.412
    86.830    15.503    11.563
    86.930    15.503    11.563
    87.040    15.503    11.613
    87.140    15.503    11.663
    87.240    15.452    11.814
    87.340    15.353    11.864
    87.440    15.353    11.864
    87.540    15.503    11.864
    89.450    15.503    11.864
    89.550    15.555    11.864
   116.320    15.555    11.864
   116.420    15.555    12.015
   116.520    15.555    12.166
   117.020    15.555    12.166
   117.120    15.555    12.266
   119.340    15.555    12.266
   119.440    15.555    12.216
   119.540    15.555    12.166
   119.640    15.503    12.166
   119.840    15.503    12.166
   119.940    15.503    12.065
   120.040    15.503    12.065
   120.140    15.503    11.965
   120.240    15.503    11.965
   120.340    15.503    11.915
   120.440    15.503    11.864
   120.540    15.503    11.864
   120.640    15.452    11.814
   147.520    15.452    11.814
   147.620    15.503    11.814
   147.720    15.705    11.915
   147.820    15.705    11.915
   147.920    15.809    11.915
   148.020    15.809    11.915
   148.120    15.861    11.915
   148.620    15.861    11.915
   148.720    15.913    11.915
   148.820    15.913    11.965
   150.330    15.913    11.965
   150.430    15.809    12.015
   158.480    15.809    12.015
   158.580    15.809    11.965
   158.680    15.809    11.915
   158.780    15.809    11.915
   158.880    15.757    11.915
   158.980    15.705    11.915
   159.080    15.659    11.864
   159.290    15.659    11.864
   159.380    15.607    11.864
   159.590    15.607    11.864
   159.690    15.607    11.814
   159.790    15.607    11.764
   160.090    15.607    11.764
   160.190    15.607    11.663
   160.390    15.607    11.663
   160.490    15.555    11.613
   161.600    15.555    11.613
   161.700    15.555    11.663
   162.200    15.555    11.663
   162.300    15.555    11.714
   162.810    15.555    11.714
   162.910    15.555    11.764
   163.010    15.555    11.814
   163.110    15.555    11.864
   163.810    15.555    11.864
   163.910    15.555    11.915
   164.010    15.555    11.915
   164.110    15.555    11.965
   164.510    15.555    11.965
   164.620    15.607    11.965
   164.720    15.659    11.965
   164.820    15.659    11.965
   164.920    15.659    12.065
   165.020    15.659    12.216
   165.120    15.659    12.266
   165.220    15.659    12.366
   165.520    15.659    12.366
   165.620    15.659    12.417
   165.720    15.659    12.467
   165.830    15.659    12.467
   165.930    15.757    12.467
   166.840    15.757    12.467
   166.940    15.809    12.467
   167.040    15.913    12.517
   167.140    15.965    12.517
   174.780    15.965    12.517
   174.890    15.965    12.567
   182.230    15.965    12.567
   182.330    15.913    12.567
   183.540    15.913    12.567
   183.640    15.913    12.617
   185.950    15.913    12.617
   186.050    15.913    12.668
   186.150    15.913    12.668
   186.250    15.861    12.718
   186.350    15.861    12.718
   186.450    15.809    12.718
   189.070    15.809    12.718
   189.170    15.757    12.718
   189.270    15.757    12.718
   189.370    15.757    12.768
   189.470    15.757    12.768
   189.570    15.659    12.868
   192.790    15.659    12.868
   192.890    15.555    12.919
   193.900    15.555    12.919
   194.000    15.503    12.919
   197.930    15.503    12.919
   198.030    15.452    12.919
   199.430    15.452    12.919
   199.540    15.405    12.919
   199.940    15.405    12.919
   200.040    15.353    12.919
   201.750    15.353    12.919
   201.850    15.250    12.919
   201.950    15.198    12.919
   203.370    15.198    12.919
   203.470    15.152    12.919
   204.880    15.152    12.919
   204.980    15.100    12.919
   205.890    15.100    12.919
   205.990    15.100    13.069
   207.900    15.100    13.069
   208.000    15.048    12.969
   208.100    15.048    12.768
   208.200    14.996    12.517
   208.300    14.996    12.467
   208.400    14.944    12.366
   208.500    14.944    12.266
   208.600    14.944    12.216
   208.700    14.944    12.115
   209.110    14.944    12.115
   209.210    14.846    12.115
   215.140    14.846    12.115
   215.240    14.846    12.166
   215.550    14.846    12.166
   215.650    14.892    12.166
   215.750    14.944    12.166
   227.930    14.944    12.166
   228.030    15.100    12.366
   235.680    15.100    12.366
   235.780    15.198    12.366
   236.680    15.198    12.366
   236.780    15.198    12.417
   262.850    15.198    12.417
   262.950    15.152    12.366
   264.160    15.152    12.366
   264.260    15.100    12.366
   264.360    14.996    12.366
   264.470    14.944    12.417
   264.770    14.944    12.417
   264.870    14.892    12.417
   265.070    14.892    12.417
   265.170    14.846    12.417
   265.570    14.846    12.417
   265.670    14.794    12.417
   265.770    14.794    12.366
   266.980    14.794    12.366
   267.080    14.742    12.366
   267.180    14.638    12.366
   267.790    14.638    12.366
   267.890    14.592    12.366
   267.990    14.592    12.366
   268.090    14.592    12.316
   268.290    14.592    12.316
   268.390    14.592    12.266
   268.490    14.592    12.216
   268.590    14.592    12.166
   268.690    14.592    12.216
   269.010    14.592    12.216
   269.110    14.592    12.166
   269.310    14.592    12.166
   269.410    14.592    12.115
   272.530    14.592    12.115
   272.630    14.592    12.065
   276.750    14.592    12.065
   276.850    14.592    12.115
   277.150    14.592    12.115
   277.260    14.592    12.166
   277.360    14.690    12.166
   281.280    14.690    12.166
   281.380    14.638    12.166
   284.900    14.638    12.166
   285.000    14.540    12.366
   293.850    14.540    12.366
   293.950    14.384    12.366
   294.160    14.384    12.366
   294.260    14.384    12.266
   294.360    14.384    12.266
   294.460    14.488    12.266
   294.560    14.540    12.216
   294.660    14.592    12.216
   294.760    14.794    12.216
   294.860    14.944    12.216
   294.960    15.048    12.115
   295.060    15.048    12.015
   295.160    15.100    12.015
   295.260    15.100    11.915
   295.560    15.100    11.915
   295.660    15.100    11.814
   295.970    15.100    11.814
   296.070    15.100    11.764
   296.170    15.100    11.714
   296.570    15.100    11.714
   296.670    15.152    11.714
   296.770    15.198    11.714
   296.870    15.198    11.714
   296.970    15.250    11.714
   299.290    15.250    11.714
   299.390    15.250    11.663
   299.490    15.250    11.663
   299.590    15.353    11.663
   301.600    15.353    11.663
   301.700    15.353    11.563
   302.610    15.353    11.563
   302.710    15.353    11.513
   302.810    15.353    11.513
   302.910    15.353    11.463
   305.220    15.353    11.463
   305.320    15.353    11.412
   305.420    15.353    11.362
   305.520    15.353    11.362
   305.630    15.353    11.262
   305.730    15.353    11.212
   305.830    15.353    11.161
   305.930    15.302    11.061
   306.030    15.250    11.061
   306.130    15.198    11.061
   306.230    15.198    11.061
   306.330    15.152    11.061
   306.430    15.152    11.011
   306.530    15.152    10.961
   314.080    15.152    10.961
   314.180    15.198    10.961
   316.190    15.198    10.961
   316.290    15.250    10.961
   317.300    15.250    10.961
   317.400    15.250    10.910
   319.210    15.250    10.910
   319.310    15.250    10.860
   320.320    15.250    10.860
   320.420    15.250    10.810
   320.520    15.250    10.760
   320.720    15.250    10.760
   320.820    15.198    10.705
   320.920    15.198    10.605
   321.320    15.198    10.605
   321.420    15.198    10.554
   322.730    15.198    10.554
   322.830    15.048    10.554
   336.210    15.048    10.554
   336.310    15.048    10.504
   338.430    15.048    10.504
   338.540    14.996    10.504
   339.030    14.996    10.504
   339.130    14.944    10.504
   339.630    14.944    10.504
   339.730    14.892    10.504
   344.260    14.892    10.504
   344.360    14.892    10.404
   350.800    14.892    10.404
   350.900    14.892    10.353
   351.510    14.892    10.353
   351.610    14.846    10.353
   354.430    14.846    10.353
   354.530    14.742    10.353
   355.330    14.742    10.353
   355.430    14.742    10.404
   365.000    14.742    10.404
   365.100    14.690    10.404
   365.300    14.690    10.404
   365.410    14.690    10.353
   365.610    14.690    10.353
   365.710    14.690    10.303
   365.810    14.690    10.253
   366.110    14.690    10.253
   366.210    14.690    10.203
   366.310    14.690    10.153
   369.030    14.690    10.153
   369.130    14.638    10.153
   369.230    14.592    10.153
   369.830    14.592    10.153
   369.930    14.540    10.153
   382.300    14.540    10.153
   382.400    14.488    10.102
   382.500    14.488    10.102
   382.610    14.488    10.052
   384.420    14.488    10.052
   384.520    14.384    10.052
   384.620    14.338    10.052
   433.610    14.338    10.052
   433.710    14.338     9.952
   448.310    14.338     9.952
   448.410    14.436     9.952
   456.860    14.436     9.952
   456.960    14.436     9.902
   457.260    14.436     9.902
   457.370    14.436     9.851
   457.970    14.436     9.851
   458.070    14.384     9.851
   458.170    14.234     9.851
   471.350    14.234     9.851
   471.450    14.182     9.902
   481.510    14.182     9.902
   481.610    14.286     9.952
   486.750    14.286     9.952
   486.850    14.286     9.902
   488.260    14.286     9.902
   488.360    14.234     9.902
   491.680    14.234     9.902
   491.780    14.130     9.902
   498.820    14.130     9.902
   498.920    14.182     9.902
   499.120    14.182     9.902
   499.220    14.234     9.902
   499.420    14.234     9.902
   499.520    14.286     9.902
   499.630    14.384     9.902
   499.730    14.488     9.902
   499.830    14.592     9.902
   499.930    14.846     9.902
   500.330    14.846     9.902
   500.430    14.794     9.902
   500.530    14.794     9.902
   500.630    14.690     9.851
   500.730    14.638     9.851
   501.030    14.638     9.851
   501.130    14.592     9.851
   504.960    14.592     9.851
   505.060    14.540     9.851
   505.160    14.540     9.801
   505.660    14.540     9.801
   505.760    14.540     9.751
   505.860    14.540     9.751
   505.960    14.540     9.701
   506.060    14.488     9.701
   521.960    14.488     9.701
   522.060    14.488     9.550
   522.160    14.488     9.550
   522.260    14.488     9.349
   522.360    14.488     9.098
   522.460    14.488     9.048
   522.560    14.436     9.199
   522.660    14.384     9.349
   522.760    14.384     9.349
   522.870    14.488     9.349
   522.970    14.488     9.349
   523.070    14.540     9.349
   523.170    14.540     9.349
   523.270    14.540     9.500
   523.370    14.540     9.500
   523.470    14.592     9.651
   523.570    14.742     9.902
   523.670    14.742    10.002
   523.770    14.690    10.153
   523.870    14.638    10.303
   523.970    14.690    10.454
   524.070    14.794    10.655
   524.170    14.794    10.910
   524.270    14.794    11.011
   524.370    14.794    11.011
   524.470    14.892    11.061
   524.580    14.996    11.262
   524.680    15.250    11.463
   524.780    15.353    11.663
   524.880    15.555    11.864
   524.980    15.659    11.965
   525.080    15.913    12.015
   525.180    16.473    12.065
   525.280    16.571    12.115
   525.380    16.727    12.115
   525.480    16.727    12.115
   525.580    16.727    12.216
   525.680    16.727    12.316
   525.780    16.825    12.517
   525.880    17.033    12.718
   525.980    17.286    12.919
   526.090    17.384    13.019
   526.190    17.436    13.019
   526.290    17.690    13.170
   526.390    17.846    13.220
   526.490    17.892    13.220
   526.590    18.100    13.270
   526.890    18.100    13.270
   526.990    18.048    13.170
   528.800    18.048    13.170
   528.900    17.996    13.170
   529.000    17.944    12.969
   529.210    17.944    12.969
   529.310    17.794    12.969
   529.810    17.794    12.969
   529.910    17.794    12.919
   531.420    17.794    12.919
   531.520    17.742    12.919
   531.620    17.794    13.320
   531.720    17.794    13.320
   531.820    17.846    13.371
   531.920    18.048    13.371
   532.020    18.250    13.371
   532.120    18.400    13.471
   532.220    18.400    13.471
   532.320    18.354    13.521
   532.430    18.354    13.521
   532.520    18.400    13.421
   532.730    18.400    13.421
   532.830    18.198    13.521
   532.930    18.302    13.521
   533.030    18.354    13.622
   533.130    18.354    13.722
   533.230    18.354    13.722
   533.330    18.354    13.772
   533.430    18.302    13.822
   533.530    18.354    13.873
   533.630    18.354    13.923
   533.930    18.354    13.923
   534.040    18.250    13.973
   537.860    18.250    13.973
   537.960    18.146    13.873
   538.060    17.996    13.772
   538.160    17.996    13.521
   539.270    17.996    13.521
   539.370    18.100    13.521
   539.470    18.198    13.521
   539.570    18.250    13.521
   539.670    18.354    13.471
   539.870    18.354    13.471
   539.970    18.354    13.371
   540.070    18.400    13.220
   540.170    18.400    13.220
   540.270    18.452    13.220
   540.470    18.452    13.220
   540.570    18.504    13.220
   541.380    18.504    13.220
   541.480    18.608    13.220
   541.880    18.608    13.220
   541.980    18.810    13.220
   542.990    18.810    13.220
   543.090    18.758    13.371
   543.190    18.758    13.421
   555.770    18.758    13.421
   555.870    18.654    13.421
   556.170    18.654    13.421
   556.270    18.654    13.521
   556.370    18.608    13.571
   559.790    18.608    13.571
   559.890    18.654    13.622
   562.110    18.654    13.622
   562.210    18.758    13.571
   562.910    18.758    13.571
   563.010    18.758    13.471
   563.420    18.758    13.471
   563.520    18.862    13.471
   563.820    18.862    13.471
   563.920    18.913    13.471
   564.020    18.913    13.471
   564.120    18.960    13.471
   564.220    19.012    13.471
   564.320    19.012    13.471
   564.420    19.063    13.471
   564.520    19.063    13.471
   564.620    19.063    13.421
   564.720    19.167    13.371
   564.820    19.265    13.371
   565.030    19.265    13.371
   565.130    19.317    13.371
   565.330    19.317    13.371
   565.430    19.317    13.421
   565.530    19.317    13.421
   565.630    19.317    13.471
   565.730    19.317    13.571
   565.830    19.317    13.672
   565.930    19.317    13.772
   566.230    19.317    13.772
   566.330    19.317    13.722
   566.840    19.317    13.722
   566.940    19.317    13.672
   579.010    19.317    13.672
   579.110    19.317    13.622
   579.410    19.317    13.622
   579.520    19.317    13.571
   579.620    19.317    13.571
   579.720    19.317    13.521
   579.820    19.317    13.471
   579.920    19.369    13.421
   580.020    19.369    13.371
   580.120    19.421    13.371
   580.220    19.421    13.270
   580.320    19.623    13.120
   580.420    19.773    13.019
   580.550    19.877    12.969
   580.620    19.877    12.919
   580.720    19.877    12.868
   581.430    19.877    12.868
   581.530    19.825    12.868
   581.630    19.825    12.919
   582.030    19.825    12.919
   582.130    19.773    12.919
   582.330    19.773    12.919
   582.430    19.727    12.919
   584.850    19.727    12.919
   584.950    19.675    12.919
   585.050    19.623    12.919
   585.150    19.571    12.919
   585.250    19.571    12.919
   585.350    19.519    12.919
   585.750    19.519    12.919
   585.850    19.623    12.969
   585.960    19.675    12.969
   586.060    19.675    13.019
   587.670    19.675    13.019
   587.770    19.727    13.019
   591.820    19.727    13.019
   591.920    19.727    12.969
   592.020    19.727    12.969
   592.120    19.727    12.919
   592.420    19.727    12.919
   592.520    19.675    12.919
   595.130    19.675    12.919
   595.240    19.675    12.868
   595.540    19.675    12.868
   595.640    19.727    12.868
   595.740    19.929    12.868
   595.840    20.281    12.868
   596.040    20.281    12.868
   596.140    20.333    12.868
   596.240    20.437    12.868
   596.340    20.742    12.768
   596.540    20.742    12.768
   596.640    20.794    12.718
   596.740    20.893    12.718
   596.850    20.944    12.668
   596.950    20.996    12.668
   597.050    21.094    12.668
   597.450    21.094    12.668
   597.550    21.094    12.617
   598.560    21.094    12.617
   598.660    21.198    12.517
   599.060    21.198    12.517
   599.160    20.996    12.668
   599.260    20.841    12.818
   599.360    20.794    13.019
   599.460    20.742    13.170
   599.560    20.742    13.220
   601.570    20.742    13.220
   601.670    20.794    13.220
   601.770    20.794    13.170
   601.980    20.794    13.170
   602.080    20.794    13.120
   602.780    20.794    13.120
   602.880    20.794    13.069
   602.980    20.794    13.069
   603.080    20.794    13.019
   603.690    20.794    13.019
   603.790    20.893    13.019
   603.890    20.893    13.019
   603.990    20.996    12.919
   604.090    21.094    12.818
   604.190    21.146    12.818
   604.290    21.198    12.768
   604.390    21.250    12.668
   604.490    21.250    12.567
   604.590    21.250    12.467
   605.800    21.250    12.467
   605.900    21.302    12.417
   606.100    21.302    12.417
   606.200    21.348    12.417
   606.500    21.348    12.417
   606.600    21.348    12.366
   606.700    21.348    12.316
   606.810    21.348    12.266
   607.410    21.348    12.266
   607.510    21.400    12.266
   607.810    21.400    12.266
   607.920    21.504    12.266
   608.020    21.556    12.266
   608.220    21.556    12.266
   608.320    21.602    12.266
   608.420    21.602    12.266
   608.520    21.602    12.216
   610.430    21.602    12.216
   610.530    21.602    12.166
   610.630    21.602    12.115
   610.730    21.602    12.065
   611.230    21.602    12.065
   611.340    21.504    12.065
   611.430    21.504    12.065
   611.540    21.504    11.965
   611.640    21.504    11.915
   611.740    21.504    11.864
   632.160    21.504    11.864
   632.260    21.400    11.864
   632.360    21.348    11.864
   632.460    21.302    11.814
   632.560    21.250    11.764
   638.200    21.250    11.764
   638.300    21.250    11.864
   645.550    21.250    11.864
   645.650    21.198    11.864
   684.990    21.198    11.864
   685.090    21.048    12.166
   686.090    21.048    12.166
   686.190    21.048    12.216
   686.600    21.048    12.216
   686.700    21.048    12.266
   691.020    21.048    12.266
   691.120    21.094    12.266
   694.540    21.094    12.266
   694.640    21.198    12.266
   694.750    21.302    12.316
   703.200    21.302    12.316
   703.300    21.302    12.517
   703.400    21.250    12.517
   703.600    21.250    12.517
   703.700    21.250    12.567
   703.800    21.250    12.668
   703.900    21.250    12.768
   704.000    21.250    12.768
   704.100    21.250    12.818
   704.210    21.250    12.868
   704.310    21.250    12.969
   704.410    21.250    13.019
   705.510    21.250    13.019
   705.610    21.250    13.170
   705.710    21.250    13.220
   707.220    21.250    13.220
   707.320    21.250    13.371
   707.420    21.250    13.521
   708.330    21.250    13.521
   708.430    21.146    13.622
   708.830    21.146    13.622
   708.930    21.094    13.672
   709.740    21.094    13.672
   709.840    21.094    13.722
   709.940    21.146    13.772
   710.040    21.146    13.873
   710.140    21.146    13.923
   710.240    21.146    13.923
   710.340    21.094    13.973
   710.440    21.094    14.023
   710.540    21.146    14.073
   710.640    21.250    14.174
   710.750    21.250    14.274
   710.850    21.250    14.325
   710.950    21.250    14.325
   711.050    21.302    14.425
   711.250    21.302    14.425
   711.350    21.302    14.525
   711.450    21.302    14.525
   711.550    21.348    14.580
   717.490    21.348    14.580
   717.590    21.198    14.580
   717.690    21.094    14.580
   717.790    21.094    14.525
   717.890    20.944    14.525
   717.990    20.841    14.425
   718.090    20.794    14.425
   718.190    20.794    14.425
   718.290    20.794    14.375
   718.390    20.794    14.375
   718.500    20.691    14.325
   718.600    20.587    14.325
   718.800    20.587    14.325
   718.900    20.535    14.325
   719.500    20.535    14.325
   719.600    20.437    14.274
   719.700    20.385    14.274
   719.900    20.385    14.274
   720.000    20.437    14.274
   720.710    20.437    14.274
   720.810    20.333    14.274
   720.910    20.281    14.274
   721.010    20.281    14.274
   721.110    20.183    14.274
   721.610    20.183    14.274
   721.720    20.079    14.274
   722.020    20.079    14.274
   722.120    20.027    14.274
   729.560    20.027    14.274
   729.660    20.027    14.375
   729.770    20.027    14.425
   730.070    20.027    14.425
   730.170    20.027    14.475
   731.780    20.027    14.475
   731.880    20.027    14.630
   732.080    20.027    14.630
   732.180    19.929    14.731
   732.480    19.929    14.731
   732.580    19.981    14.781
   732.680    20.027    14.881
   732.980    20.027    14.881
   733.080    20.079    14.932
   733.690    20.079    14.932
   733.790    20.027    14.982
   734.090    20.027    14.982
   734.190    19.981    15.082
   734.590    19.981    15.082
   734.690    19.825    15.082
   735.700    19.825    15.082
   735.800    19.877    15.082
   736.200    19.877    15.082
   736.310    19.929    15.082
   736.400    20.027    15.082
   736.910    20.027    15.082
   737.010    20.027    15.032
   737.110    20.027    15.032
   737.210    20.027    14.982
   737.810    20.027    14.982
   737.920    20.027    15.032
   738.020    20.027    15.183
   738.120    20.079    15.233
   738.220    20.131    15.233
   738.320    20.131    15.233
   738.420    20.183    15.233
   738.520    20.183    15.233
   738.620    20.235    15.233
   738.720    20.235    15.283
   738.920    20.235    15.283
   739.020    20.333    15.333
   739.220    20.333    15.333
   739.320    20.333    15.383
   739.420    20.333    15.434
   740.430    20.333    15.434
   740.530    20.333    15.484
   740.630    20.333    15.534
   740.730    20.333    15.584
   740.830    20.333    15.584
   740.930    20.333    15.735
   741.030    20.333    15.785
   741.130    20.333    15.986
   741.230    20.333    16.036
   743.760    20.333    16.036
   743.860    20.333    15.986
   743.960    20.333    15.936
   744.160    20.333    15.936
   744.260    20.333    15.886
   744.360    20.333    15.835
   744.770    20.333    15.835
   744.870    20.437    15.835
   748.390    20.437    15.835
   748.490    20.691    15.835
   748.690    20.691    15.835
   748.790    20.742    15.886
   748.890    20.794    15.986
   748.990    20.794    16.086
   749.090    20.794    16.137
   749.190    20.794    16.137
   749.290    20.794    16.187
   749.390    20.794    16.187
   749.490    20.794    16.237
   749.600    20.841    16.237
   751.610    20.841    16.237
   751.710    20.489    16.538
   751.810    20.489    16.538
   751.910    20.385    16.689
   752.010    20.183    16.890
   752.110    20.079    17.040
   752.210    20.027    17.241
   752.310    20.027    17.342
   752.410    20.027    17.392
   752.510    20.027    17.392
   752.610    19.929    17.542
   752.710    19.825    17.542
   752.910    19.825    17.542
   753.020    19.773    17.542
   753.320    19.773    17.542
   753.420    19.675    17.542
   753.520    19.675    17.542
   753.620    19.623    17.542
   753.720    19.571    17.542
   754.120    19.571    17.542
   754.220    19.467    17.593
   754.320    19.467    17.593
   754.420    19.421    17.643
   754.520    19.213    17.743
   754.620    19.012    17.844
   754.720    18.960    17.894
   754.830    18.960    17.894
   754.930    18.913    17.944
   755.230    18.913    17.944
   755.330    18.913    18.045
   755.430    18.862    18.245
   755.530    18.862    18.296
   758.150    18.862    18.296
   758.250    18.862    18.245
   758.350    18.862    18.195
   758.450    18.758    18.195
   758.650    18.758    18.195
   758.750    18.706    18.245
   758.850    18.706    18.346
   759.150    18.706    18.346
   759.250    18.654    18.346
   759.650    18.654    18.346
   759.750    18.452    18.501
   760.160    18.452    18.501
   760.260    18.452    18.551
   760.660    18.452    18.551
   760.760    18.400    18.551
   761.260    18.400    18.551
   761.360    18.354    18.551
   761.460    18.250    18.551
   761.970    18.250    18.551
   762.070    18.100    18.551
   762.270    18.100    18.551
   762.370    18.048    18.601
   762.470    18.048    18.752
   762.570    18.100    18.852
   764.680    18.100    18.852
   764.780    18.048    18.852
   765.490    18.048    18.852
   765.590    18.048    18.903
   766.800    18.048    18.903
   766.900    18.048    18.953
   767.000    17.996    19.053
   767.200    17.996    19.053
   767.300    17.996    19.103
   767.700    17.996    19.103
   767.800    17.996    19.154
   767.900    17.944    19.254
   768.200    17.944    19.254
   768.300    17.944    19.304
   768.400    17.944    19.355
   768.510    17.996    19.505
   768.610    17.996    19.606
   768.710    17.996    19.706
   768.810    18.048    19.806
   769.110    18.048    19.806
   769.210    18.100    19.806
   769.310    18.100    19.806
   769.410    18.250    19.806
   769.810    18.250    19.806
   769.910    18.302    19.857
   770.420    18.302    19.857
   770.520    18.354    19.907
   770.620    18.354    19.907
   770.720    18.452    19.857
   770.920    18.452    19.857
   771.020    18.452    19.756
   771.120    18.452    19.756
   771.220    18.452    19.857
   771.320    18.452    19.957
   771.420    18.556    20.108
   771.520    18.654    20.258
   771.620    18.706    20.258
   771.720    18.706    20.308
   771.830    18.706    20.359
   771.930    18.913    20.509
   772.030    19.167    20.610
   772.130    19.265    20.660
   772.230    19.421    20.710
   772.330    19.519    20.710
   772.430    19.623    20.710
   773.130    19.623    20.710
   773.230    19.623    20.760
   773.330    19.727    20.811
   773.540    19.727    20.811
   773.640    19.825    20.911
   773.840    19.825    20.911
   773.940    20.079    20.911
   774.040    20.131    20.911
   774.340    20.131    20.911
   774.440    20.281    20.911
   774.540    20.281    20.911
   774.640    20.437    21.011
   774.740    20.639    21.062
   774.840    20.691    21.363
   774.940    20.691    21.614
   775.040    20.691    21.915
   775.150    20.691    22.221
   775.250    20.691    22.422
   775.350    20.691    22.472
   775.450    20.794    22.472
   775.550    21.146    22.472
   775.650    21.302    22.623
   775.750    21.302    22.723
   775.850    21.348    22.823
   775.950    21.654    22.924
   776.050    21.960    22.974
   776.150    21.960    23.024
   776.250    22.064    23.024
   776.960    22.064    23.024
   777.060    21.810    23.526
   777.160    21.758    23.577
   777.260    21.758    23.577
   777.360    21.758    23.627
   777.460    21.758    23.828
   777.960    21.758    23.828
   778.060    21.706    23.828
   778.160    21.706    23.828
   778.260    21.602    23.828
   778.360    21.504    23.828
   778.670    21.504    23.828
   778.770    21.504    23.777
   778.870    21.504    23.727
   778.970    21.452    23.577
   779.070    21.400    23.577
   779.170    21.400    23.577
   779.270    21.400    23.777
   779.370    21.348    23.878
   779.470    21.348    23.878
   779.570    21.348    23.978
   779.670    21.348    24.079
   779.870    21.348    24.079
   779.970    21.250    24.079
   780.070    21.250    24.079
   780.170    21.250    24.129
   780.780    21.250    24.129
   780.880    21.302    24.129
   780.980    21.348    24.079
   781.080    21.348    24.028
   781.180    21.348    24.028
   781.280    21.348    23.978
   781.380    21.348    23.978
   781.480    21.348    23.878
   781.780    21.348    23.878
   781.880    21.452    24.028
   781.990    21.504    24.028
   782.790    21.504    24.028
   782.890    20.893    24.129
   783.090    20.893    24.129
   783.190    21.094    24.129
   783.290    21.198    24.179
   783.390    21.198    24.380
   783.500    21.400    24.631
   783.600    21.400    24.731
   783.700    21.400    24.731
   783.800    21.452    24.782
   783.900    21.504    24.932
   784.000    21.556    24.932
   786.010    21.556    24.932
   786.110    21.556    25.033
   786.210    21.556    25.083
   786.310    21.556    25.083
   786.410    21.758    25.083
   786.520    21.960    25.083
   786.620    22.116    25.234
   786.720    22.266    25.334
   786.820    22.266    25.535
   786.920    22.416    25.786
   787.020    22.722    26.041
   787.120    22.975    26.092
   787.220    23.229    26.142
   787.320    23.535    26.142
   787.520    23.535    26.142
   787.620    23.587    26.142
   787.720    23.893    26.192
   787.820    23.945    26.242
   787.920    23.945    26.242
   788.020    24.043    26.242
   788.120    24.095    26.242
   788.220    24.349    26.242
   788.320    24.758    26.242
   788.630    24.758    26.242
   788.730    25.012    26.242
   788.830    25.266    26.343
   788.930    25.416    26.393
   789.030    25.520    26.393
   789.130    25.976    26.393
   789.230    26.080    26.393
   789.330    26.432    26.393
   789.430    26.639    26.393
   789.530    26.789    26.393
   789.630    26.991    26.393
   789.730    27.349    26.343
   789.830    27.349    26.343
   789.930    27.603    26.343
   790.040    27.961    26.343
   790.140    28.468    26.343
   790.240    28.722    26.393
   790.340    28.924    26.393
   790.440    29.126    26.393
   790.540    29.432    26.393
   790.640    29.588    26.393
   790.740    29.588    26.393
   790.840    29.640    26.393
   790.940    29.686    26.292
   791.040    29.790    26.292
   791.140    29.841    26.041
   791.240    30.043    26.041
   791.340    30.193    26.041
   791.440    30.603    26.041
   791.540    31.111    26.041
   791.650    31.521    26.041
   791.750    31.671    26.192
   791.850    31.722    26.292
   792.350    31.722    26.292
   792.450    31.722    26.343
   792.550    31.722    26.343
   792.650    32.074    26.393
   792.750    32.790    26.694
   792.850    33.044    27.096
   792.950    33.044    27.096
   793.050    32.992    26.995
   793.150    32.992    26.845
   793.250    32.992    26.795
   793.360    32.992    26.694
   793.460    32.992    26.694
   793.560    32.842    26.393
   793.660    32.686    26.242
   793.760    32.634    26.192
   793.860    32.334    25.836
   793.960    32.230    25.585
   794.060    32.178    25.585
   794.860    32.178    25.585
   794.970    32.126    25.585
   795.670    32.126    25.585
   795.770    32.282    25.434
   795.870    32.282    25.434
   795.970    31.821    25.183
   796.070    31.567    24.982
   796.170    31.469    24.581
   796.270    31.215    24.581
   796.370    31.007    24.782
   796.480    30.961    24.782
   796.580    30.857    24.882
   796.680    30.857    24.932
   796.780    30.707    24.932
   796.880    30.245    25.434
   797.080    30.245    25.434
   797.180    30.193    25.485
   797.280    30.147    25.485
   798.090    30.147    25.485
   798.190    29.940    25.535
   798.290    29.790    25.535
   798.390    29.686    25.585
   798.490    29.484    25.635
   798.590    29.334    25.836
   798.690    29.230    25.836
   798.790    29.028    26.142
   798.890    28.618    26.343
   798.990    28.520    26.393
   799.090    28.468    26.393
   799.290    28.468    26.393
   799.390    28.416    26.343
   799.490    28.312    26.292
   799.590    28.012    26.242
   799.690    27.909    26.242
   799.800    27.909    26.242
   799.890    27.857    26.242
   800.000    27.505    26.242
   800.100    27.453    26.242
   800.200    27.245    26.242
   800.300    26.945    26.292
   800.400    26.893    26.292
   800.500    26.535    26.292
   800.600    25.826    26.292
   800.700    25.318    26.292
   800.800    25.064    26.292
   800.900    25.064    26.292
   801.000    24.810    26.292
   801.100    24.654    26.292
   802.110    24.654    26.292
   802.210    24.603    26.292
   802.410    24.603    26.292
   802.510    24.706    26.292
   802.610    24.856    26.343
   802.710    24.856    26.393
   802.810    24.856    26.393
   802.910    24.401    26.192
   803.020    24.349    26.092
   803.120    24.349    25.991
   803.220    24.349    25.991
   803.320    24.095    25.836
   803.420    23.841    25.786
   803.520    23.743    25.786
   803.620    23.535    25.685
   803.720    23.385    25.485
   803.820    23.183    25.485
   803.920    23.027    25.485
   804.020    22.572    25.133
   804.120    22.162    25.083
   804.220    21.706    25.083
   804.320    21.400    25.133
   804.630    21.400    25.133
   804.730    21.348    25.183
   804.830    21.302    25.183
   804.930    20.944    25.183
   805.030    20.691    25.234
   805.130    20.587    25.334
   805.230    20.385    25.585
   805.330    20.333    25.736
   805.430    20.333    25.736
   805.530    20.535    25.786
   805.630    20.587    25.736
   805.730    20.587    25.736
   805.830    20.333    25.786
   806.340    20.333    25.786
   806.440    20.235    25.786
   806.540    20.183    25.886
   806.640    20.131    25.886
   806.740    20.131    25.886
   806.840    19.981    25.936
   807.040    19.981    25.936
   807.140    19.929    25.991
   807.240    19.773    26.092
   807.340    19.773    26.092
   807.440    19.571    26.192
   807.540    19.467    26.192
   807.640    19.115    26.292
   807.740    19.063    26.292
   807.940    19.063    26.292
   808.050    19.012    26.393
   808.150    19.012    26.493
   808.250    18.862    26.493
   808.350    18.758    26.493
   808.450    18.706    26.493
   808.550    18.504    26.493
   808.650    18.302    26.443
   808.750    18.302    26.443
   808.850    18.100    26.443
   808.950    18.048    26.443
   809.050    18.048    26.443
   809.150    18.048    26.393
   809.250    18.504    26.343
   809.350    18.758    26.343
   809.450    18.810    26.292
   809.560    19.115    26.242
   809.660    19.115    26.242
   809.760    19.063    26.192
   810.160    19.063    26.192
   810.260    19.115    26.142
   810.360    19.115    26.142
   810.460    19.167    26.142
   810.560    19.167    26.142
   810.660    19.265    26.142
   810.760    19.265    26.142
   810.860    19.369    26.092
   810.960    19.467    25.936
   811.170    19.467    25.936
   811.270    19.317    25.991
   811.370    19.265    26.041
   811.470    19.213    26.041
   811.570    19.115    26.092
   813.480    19.115    26.092
   813.580    19.115    25.991
   813.980    19.115    25.991
   814.080    19.115    26.041
   814.380    19.115    26.041
   814.480    19.213    26.041
   814.590    19.213    26.041
   814.690    19.265    26.041
   814.790    19.421    26.041
   814.890    19.519    26.041
   814.990    19.623    26.041
   815.090    19.675    26.041
   815.190    19.727    25.936
   815.290    19.773    25.936
   815.390    19.773    25.936
   815.490    19.825    25.786
   815.890    19.825    25.786
   815.990    19.877    25.786
   816.400    19.877    25.786
   816.500    19.929    25.685
   817.100    19.929    25.685
   817.200    19.877    25.736
   817.300    19.773    25.936
   819.820    19.773    25.936
   819.920    19.773    25.836
   820.020    19.773    25.836
   820.120    19.773    25.736
   820.220    19.773    25.535
   820.320    19.773    25.485
   822.030    19.773    25.485
   822.130    19.773    25.635
   822.440    19.773    25.635
   822.540    19.877    25.635
   822.740    19.877    25.635
   822.840    19.773    25.585
   823.140    19.773    25.585
   823.240    19.727    25.585
   823.340    19.727    25.635
   823.950    19.727    25.635
   824.050    19.727    25.685
   824.150    19.727    25.736
   824.650    19.727    25.736
   824.750    19.727    25.836
   824.850    19.675    25.936
   824.950    19.675    25.936
   825.050    19.571    26.041
   825.150    19.519    26.192
   825.350    19.519    26.192
   825.450    19.317    26.443
   825.560    19.265    26.694
   825.660    19.213    26.694
   825.860    19.213    26.694
   825.960    19.115    26.795
   826.060    19.012    26.945
   826.160    18.706    27.046
   826.260    18.706    27.096
   826.360    18.706    27.096
   826.460    18.504    27.146
   826.560    18.504    27.297
   828.370    18.504    27.297
   828.470    18.354    27.447
   828.580    18.354    27.497
   828.680    18.354    27.497
   828.780    18.302    27.497
   828.880    18.250    27.548
   828.980    18.250    27.548
   829.080    18.198    27.548
   829.180    18.198    27.598
   829.280    18.198    27.598
   829.380    18.146    27.698
   829.480    18.146    27.799
   829.580    18.146    27.799
   829.680    18.100    27.849
   829.780    18.100    27.899
   829.880    18.100    27.899
   829.980    17.944    28.050
   833.220    17.944    28.050
   833.320    17.742    28.301
   833.830    17.742    28.301
   833.930    17.690    28.301
   834.030    17.638    28.301
   834.130    17.638    28.301
   834.230    17.638    28.251
   834.630    17.638    28.251
   834.730    17.638    28.150
   834.830    17.638    28.050
   834.930    17.638    27.949
   837.650    17.638    27.949
   837.750    17.742    27.698
   837.850    17.846    27.598
   837.950    17.846    27.497
   838.050    17.846    27.447
   838.150    17.846    27.447
   838.250    17.846    27.497
   838.450    17.846    27.497
   838.560    17.794    27.548
   838.660    17.742    27.648
   838.960    17.742    27.648
   839.060    17.690    27.598
   839.160    17.638    27.598
   839.360    17.638    27.598
   839.460    17.586    27.548
   839.860    17.586    27.548
   839.960    17.586    27.397
   840.060    17.586    27.096
   840.170    17.586    27.096
   840.270    17.690    26.995
   840.370    17.690    26.995
   840.470    17.690    26.895
   840.570    17.690    26.694
   840.670    17.690    26.543
   840.770    17.540    26.343
   840.870    17.488    26.142
   840.970    17.488    26.092
   841.070    17.488    25.886
   841.170    17.488    25.836
   841.270    17.586    25.786
   841.370    17.638    25.786
   842.080    17.638    25.786
   842.180    17.690    25.786
   842.380    17.690    25.786
   842.480    17.690    25.886
   842.580    17.638    26.092
   842.680    17.488    26.393
   842.780    17.286    26.795
   842.880    16.981    27.297
   842.980    16.929    27.497
   843.080    16.929    27.749
   843.180    16.981    27.849
   843.280    16.981    27.849
   843.380    17.079    27.949
   843.480    17.079    28.000
   843.590    17.079    28.200
   843.680    17.079    28.251
   843.790    17.079    28.251
   843.890    17.183    28.451
   844.090    17.183    28.451
   844.190    17.183    28.502
