     4.696    27.265     9.527
   112.842    27.265     9.527
   112.943    27.163     9.527
   113.043    27.062     9.477
   113.144    27.010     9.477
   113.244    26.959     9.426
   113.345    26.959     9.275
   113.445    26.959     9.225
   116.373    26.959     9.225
   116.474    26.959     9.174
   120.196    26.959     9.174
   120.297    26.909     9.174
   120.400    26.857     9.174
   120.499    26.807     9.174
   120.600    26.705     9.174
   121.606    26.705     9.174
   121.706    26.705     9.225
   121.808    26.705     9.326
   122.008    26.705     9.326
   122.110    26.705     9.376
   123.116    26.705     9.376
   123.217    26.705     9.326
   123.317    26.603     9.225
   123.418    26.450     9.174
   123.520    26.348     9.124
   123.620    26.298     9.124
   178.090    26.298     9.124
   178.190    26.298     9.174
   178.291    26.348     9.174
   178.392    26.348     9.174
   178.492    26.348     9.225
   178.593    26.399     9.225
   178.694    26.450     9.225
   183.525    26.450     9.225
   183.626    26.450     9.174
   185.238    26.450     9.174
   185.339    26.450     9.124
   185.440    26.399     9.074
   185.540    26.246     9.023
   185.642    26.093     9.023
   187.955    26.093     9.023
   188.056    26.042     9.023
   188.156    25.992     9.074
   188.257    25.941     9.074
   188.661    25.941     9.074
   188.760    26.042     9.074
   188.860    26.042     8.973
   188.962    26.145     8.973
   189.064    26.246     8.923
   189.163    26.298     8.822
   189.264    26.348     8.772
   189.364    26.399     8.772
   195.514    26.399     8.772
   195.614    26.399     8.722
   195.715    26.399     8.722
   195.816    26.450     8.671
   195.916    26.450     8.671
   196.017    26.450     8.621
   196.520    26.450     8.621
   196.621    26.603     8.470
   196.721    26.654     8.420
   196.821    26.654     8.369
   197.123    26.654     8.369
   197.224    26.654     8.269
   197.526    26.654     8.269
   197.625    26.654     8.218
   201.250    26.654     8.218
   201.351    26.654     8.369
   201.753    26.654     8.369
   201.854    26.654     8.520
   203.867    26.654     8.520
   203.968    26.756     8.621
   204.068    26.756     8.671
   205.277    26.756     8.671
   205.376    26.756     8.571
   205.478    26.756     8.571
   205.578    26.857     8.470
   205.679    26.857     8.369
   205.778    26.857     8.319
   205.879    26.909     8.269
   205.981    26.909     8.269
   206.080    26.909     8.218
   206.281    26.909     8.218
   206.383    26.909     8.068
   206.484    26.959     7.967
   206.784    26.959     7.967
   206.885    26.959     7.866
   206.987    26.959     7.816
   207.489    26.959     7.816
   207.591    26.959     7.715
   207.692    27.062     7.614
   207.792    27.163     7.363
   207.893    27.214     7.313
   207.992    27.316     7.262
   208.094    27.316     7.061
   208.195    27.316     6.809
   208.295    27.316     6.608
   208.396    27.316     6.457
   208.508    27.316     6.356
   208.609    27.316     6.205
   208.709    27.316     6.054
   208.809    27.316     5.853
   208.909    27.316     5.803
   209.010    27.316     5.803
   209.111    27.265     5.601
   209.212    27.163     5.551
   209.313    27.062     5.400
   209.413    26.959     5.350
   209.513    26.959     5.300
   209.614    26.959     5.300
   209.715    26.959     5.199
   209.815    26.959     5.149
   210.217    26.959     5.149
   210.319    26.959     5.048
   210.419    26.959     4.947
   213.339    26.959     4.947
   213.440    26.909     4.847
   213.642    26.909     4.847
   213.742    26.909     4.746
   213.844    26.909     4.595
   217.871    26.909     4.595
   217.972    27.316     4.998
   218.072    27.316     5.048
   218.173    27.316     5.048
   218.274    27.265     5.048
   218.374    27.163     5.048
   218.475    27.112     5.048
   218.675    27.112     5.048
   218.776    27.010     5.048
   218.876    26.807     5.048
   218.978    26.654     5.048
   219.078    26.501     4.998
   219.179    26.450     4.947
   219.279    26.450     4.847
   219.380    26.298     4.847
   219.481    26.298     4.746
   219.582    26.298     4.696
   221.492    26.298     4.696
   221.594    26.145     4.645
   221.694    26.042     4.645
   221.794    25.941     4.645
   221.895    25.890     4.595
   221.996    25.737     4.595
   222.097    25.635     4.595
   222.198    25.534     4.545
   222.504    25.534     4.545
   222.604    25.534     4.444
   222.805    25.534     4.444
   222.905    25.534     4.394
   223.006    25.381     4.394
   223.107    25.330     4.394
   223.207    25.330     4.394
   223.309    25.279     4.394
   223.409    25.228     4.394
   224.011    25.228     4.394
   224.112    25.177     4.394
   225.723    25.177     4.394
   225.823    25.126     4.394
   225.924    24.974     4.394
   226.025    24.923     4.394
   226.125    24.719     4.344
   226.226    24.617     4.243
   226.326    24.566     4.192
   226.427    24.464     4.142
   226.528    24.362     4.041
   226.629    24.311     3.991
   226.729    24.260     3.941
   226.829    24.260     3.941
   226.931    24.159     3.941
   227.032    24.057     3.840
   227.132    24.006     3.840
   227.434    24.006     3.840
   227.534    23.853     3.689
   227.636    23.751     3.689
   227.735    23.599     3.589
   227.836    23.599     3.589
   227.937    23.446     3.589
   228.037    23.395     3.589
   228.138    23.293     3.589
   228.239    23.089     3.589
   228.339    22.835     3.589
   228.440    22.682     3.538
   228.541    22.529     3.437
   228.641    22.478     3.387
   228.741    22.325     3.286
   228.842    22.172     3.236
   228.943    22.121     3.136
   229.043    22.020     3.085
   229.144    21.918     2.985
   229.244    21.765     2.884
   229.345    21.613     2.834
   229.445    21.510     2.834
   229.553    21.510     2.834
   229.654    21.510     2.783
   229.754    21.510     2.733
   230.862    21.510     2.733
   230.961    21.358     2.733
   231.062    21.307     2.733
   231.163    21.307     2.733
   231.263    21.205     2.733
   231.363    21.103     2.783
   231.464    20.950     2.834
   231.565    20.899     2.985
   232.671    20.899     2.985
   232.773    20.747     2.985
   232.873    20.696     2.985
   232.973    20.696     2.985
   233.074    20.645     2.985
   233.174    20.594     2.985
   233.276    20.492     2.985
   233.375    20.339     2.985
   233.476    20.288     2.985
   233.576    20.288     2.985
   233.679    20.238     2.985
   233.780    20.136     3.035
   233.879    20.085     3.035
   233.980    20.085     3.035
   234.081    20.033     3.035
   235.389    20.033     3.035
   235.489    19.932     3.035
   235.591    19.881     3.035
   235.692    19.728     3.085
   235.792    19.626     3.136
   235.893    19.474     3.136
   235.992    19.422     3.136
   236.820    19.422     3.136
   236.919    19.270     3.136
   237.020    19.270     3.136
   237.120    19.168     3.136
   237.222    19.066     3.136
   237.321    19.015     3.136
   237.423    18.964     3.136
   237.523    18.913     3.136
   238.328    18.913     3.136
   238.430    18.862     3.186
   238.530    18.811     3.186
   238.631    18.710     3.186
   238.732    18.658     3.186
   239.032    18.658     3.186
   239.134    18.608     3.136
   239.536    18.608     3.136
   239.637    18.455     3.035
   241.146    18.455     3.035
   241.246    18.608     3.085
   241.346    18.608     3.186
   241.446    18.761     3.186
   241.549    18.811     3.186
   244.366    18.811     3.186
   244.467    18.913     3.286
   244.568    18.913     3.437
   244.668    18.913     3.437
   244.769    18.964     3.589
   245.875    18.964     3.589
   245.976    18.964     3.437
   262.782    18.964     3.437
   262.883    19.015     3.437
   263.084    19.015     3.437
   263.185    19.066     3.437
   263.285    19.117     3.437
   263.387    19.168     3.488
   263.487    19.219     3.589
   263.588    19.270     3.639
   265.298    19.270     3.639
   265.399    19.168     3.639
   265.498    19.168     3.639
   265.600    19.117     3.538
   265.699    19.015     3.538
   265.800    18.811     3.538
   265.901    18.658     3.538
   266.001    18.506     3.538
   266.102    18.404     3.488
   266.202    18.302     3.387
   266.303    18.200     3.337
   266.404    18.150     3.286
   266.504    18.150     3.236
   266.605    18.150     3.186
   266.705    18.150     3.136
   267.208    18.150     3.136
   267.310    17.997     3.085
   267.410    17.895     3.085
   267.511    17.844     2.985
   267.611    17.793     2.884
   267.712    17.742     2.834
   267.812    17.742     2.834
   267.911    17.742     2.733
   268.013    17.742     2.683
   268.113    17.742     2.683
   268.215    17.691     2.683
   268.315    17.589     2.632
   268.416    17.436     2.582
   268.518    17.283     2.582
   268.617    17.131     2.582
   268.718    16.978     2.582
   268.819    16.876     2.481
   268.919    16.825     2.431
   269.020    16.825     2.381
   269.121    16.775     2.230
   269.222    16.723     2.129
   269.323    16.723     2.029
   269.423    16.672     2.029
   271.636    16.672     2.029
   271.737    16.672     1.978
   271.837    16.571     1.928
   271.938    16.469     1.828
   272.038    16.316     1.777
   272.140    16.265     1.676
   272.239    16.265     1.576
   272.340    16.265     1.525
   272.441    16.164     1.475
   272.541    15.858     1.475
   272.643    15.654     1.475
   272.742    15.603     1.475
   272.843    15.552     1.374
   273.146    15.552     1.374
   273.246    15.552     1.273
   274.858    15.552     1.273
   274.957    15.400     1.223
   275.158    15.400     1.223
   275.260    15.247     1.223
   275.361    15.094     1.223
   275.460    14.941     1.223
   275.561    14.839     1.223
   275.661    14.789     1.223
   275.762    14.534     1.324
   275.863    14.483     1.374
   275.963    14.432     1.374
   276.164    14.432     1.374
   276.266    14.330     1.374
   276.467    14.330     1.374
   276.568    14.279     1.374
   276.667    14.126     1.374
   276.868    14.126     1.374
   276.969    14.075     1.374
   277.070    14.025     1.374
   277.171    13.973     1.374
   277.272    13.923     1.374
   277.572    13.923     1.374
   277.674    13.821     1.374
   277.775    13.617     1.425
   277.975    13.617     1.425
   278.076    13.312     1.525
   278.177    13.261     1.576
   278.377    13.261     1.576
   278.478    13.108     1.727
   278.579    13.006     1.828
   281.399    13.006     1.828
   281.499    12.853     1.878
   281.600    12.751     1.978
   281.699    12.650     2.129
   281.800    12.395     2.331
   281.902    12.242     2.481
   282.102    12.242     2.481
   282.203    12.191     2.582
   282.304    12.191     2.632
   282.716    12.191     2.632
   282.817    12.038     2.733
   282.917    11.937     2.834
   283.019    11.834     3.035
   283.119    11.784     3.035
   283.220    11.733     3.085
   283.321    11.376     3.286
   283.924    11.376     3.286
   284.025    11.275     3.337
   284.124    11.275     3.337
   284.226    11.223     3.387
   284.326    10.969     3.538
   284.427    10.969     3.589
   284.528    10.969     3.589
   284.629    10.715     3.891
   284.730    10.663     3.941
   285.031    10.663     3.941
   285.132    10.612     4.041
   285.434    10.612     4.041
   285.534    10.511     4.243
   285.635    10.460     4.394
   285.735    10.256     4.645
   285.835    10.104     4.746
   285.937    10.052     4.796
   286.540    10.052     4.796
   286.641     9.899     4.796
   287.446     9.899     4.796
   287.547     9.899     4.847
   287.647     9.899     4.847
   287.746     9.849     4.847
   287.847     9.849     4.847
   287.948     9.798     4.847
   288.049     9.798     4.847
   288.150     9.747     4.897
   288.351     9.747     4.897
   288.451     9.747     4.947
   288.552     9.594     5.199
   288.653     9.390     5.400
   288.753     9.390     5.450
   288.954     9.390     5.450
   289.055     9.340     5.551
   291.481     9.340     5.551
   291.582     9.288     5.753
   292.688     9.288     5.753
   292.788     9.390     5.803
   292.889     9.492     5.803
   292.989     9.543     5.753
   293.090     9.543     5.652
   293.191     9.543     5.652
   293.291     9.543     5.501
   293.394     9.594     5.450
   293.494     9.798     5.450
   293.596     9.899     5.450
   297.821     9.899     5.450
   297.921     9.849     5.501
   298.022     9.798     5.551
   298.122     9.747     5.551
   298.223     9.696     5.551
   298.324     9.696     5.551
   298.425     9.594     5.601
   298.526     9.492     5.601
   299.230     9.492     5.601
   299.330     9.441     5.652
   300.034     9.441     5.652
   300.135     9.390     5.702
   300.236     9.288     5.753
   300.337     9.288     5.753
   300.437     9.136     5.904
   300.538     9.136     5.954
   300.840     9.136     5.954
   300.941     9.085     6.105
   301.041     9.085     6.105
   301.142     9.034     6.306
   301.344     9.034     6.306
   301.445     8.983     6.356
   301.544     8.932     6.457
   301.645     8.830     6.457
   301.746     8.677     6.558
   301.846     8.576     6.658
   301.947     8.576     6.658
   302.047     8.474     6.658
   302.148     8.474     6.658
   302.248     8.423     6.709
   302.349     8.219     6.910
   302.450     8.117     7.061
   302.551     8.015     7.262
   302.651     7.965     7.363
   302.752     7.863     7.715
   302.853     7.812     7.866
   303.657     7.812     7.866
   303.757     7.659     7.967
   303.858     7.608     8.068
   303.958     7.608     8.068
   304.060     7.353     8.168
   304.160     7.251     8.218
   304.463     7.251     8.218
   304.564     7.048     8.218
   304.664     6.997     8.218
   304.764     6.997     8.218
   304.864     6.793     8.369
   305.972     6.793     8.369
   306.072     6.640     8.571
   306.173     6.385     8.822
   306.274     6.029     9.074
   306.375     5.877     9.225
   306.476     5.877     9.225
   306.576     5.774     9.225
   306.677     5.571     9.225
   306.777     5.266     9.376
   306.878     5.113     9.426
   306.979     5.113     9.426
   307.079     4.858     9.728
   307.180     4.705     9.829
   307.884     4.705     9.829
   307.985     4.655    10.030
   308.085     4.603    10.030
   308.186     4.603    10.030
   308.285     4.552    10.231
   308.386     4.502    10.382
   309.294     4.502    10.382
   309.395     4.349    10.684
   309.494     4.349    10.785
   309.596     4.349    10.936
   309.696     4.349    11.137
   309.796     4.349    11.490
   309.898     4.349    11.741
   309.997     4.349    11.791
   310.098     4.349    11.791
   310.199     4.349    11.942
   310.300     4.349    11.993
   312.713     4.349    11.993
   312.814     4.349    12.194
   312.914     4.298    12.194
   313.015     4.298    12.245
   313.115     4.298    12.345
   313.216     4.298    12.446
   313.318     4.298    12.546
   314.223     4.298    12.546
   314.323     4.298    12.596
   314.424     4.247    12.697
   314.525     4.247    12.697
   314.625     4.247    12.848
   314.726     4.247    12.899
   314.825     4.247    12.999
   314.926     4.196    13.150
   315.028     4.043    13.351
   315.127     3.941    13.402
   315.228     3.891    13.502
   315.329     3.839    13.553
   315.531     3.839    13.553
   315.631     3.788    13.654
   315.732     3.788    13.754
   315.831     3.788    13.804
   315.932     3.687    13.905
   316.032     3.585    14.005
   316.134     3.483    14.106
   316.235     3.330    14.358
   316.336     3.127    14.710
   316.437     3.075    14.811
   316.537     3.025    14.962
   316.637     2.974    15.163
   316.739     2.872    15.364
   316.839     2.770    15.616
   316.940     2.719    15.818
   317.040     2.668    15.968
   317.140     2.668    16.169
   317.241     2.566    16.522
   317.341     2.464    16.824
   317.443     2.464    16.975
   317.543     2.464    17.126
   317.644     2.464    17.227
   318.448     2.464    17.227
   318.549     2.464    17.428
   318.650     2.516    17.579
   318.751     2.668    17.780
   318.851     2.821    17.982
   318.952     2.923    17.982
   319.052     3.025    17.982
   319.155     3.228    17.982
   319.255     3.381    17.982
   319.356     3.585    17.982
   319.456     3.788    18.132
   319.557     3.992    18.384
   319.657     4.298    18.636
   319.757     4.451    18.686
   319.858     4.552    18.686
   319.959     4.705    18.736
   320.060     4.960    18.937
   320.162     5.163    19.088
   320.263     5.316    19.189
   320.364     5.469    19.290
   320.464     5.724    19.541
   320.566     6.131    19.692
   320.666     6.385    19.843
   320.765     6.488    19.894
   320.865     6.691    20.045
   320.966     6.844    20.145
   321.068     7.048    20.296
   321.168     7.302    20.447
   321.270     7.506    20.548
   321.370     7.710    20.649
   321.471     7.812    20.749
   321.571     8.015    20.800
   321.672     8.321    20.850
   321.774     8.677    20.950
   321.872     8.932    20.950
   321.973     9.034    21.001
   322.276     9.034    21.001
   322.376     9.237    21.051
   322.477     9.288    21.051
   322.578     9.492    21.051
   322.679     9.849    20.950
   322.779    10.154    20.950
   322.880    10.562    20.950
   322.981    10.663    20.950
   323.081    10.715    20.900
   323.182    10.715    20.850
   323.282    10.715    20.800
   323.383    10.918    20.749
   323.484    11.020    20.749
   323.784    11.020    20.749
   323.886    11.071    20.649
   323.986    11.122    20.598
   324.087    11.223    20.598
   325.395    11.223    20.598
   325.495    11.223    20.447
   327.206    11.223    20.447
   327.307    11.223    20.296
   327.408    11.173    20.296
   327.509    11.020    20.296
   327.610    10.969    20.296
   327.709    10.918    20.246
   327.810    10.918    20.196
   337.167    10.918    20.196
   337.269    10.867    20.045
   337.369    10.816    20.045
   337.670    10.816    20.045
   337.770    10.612    19.994
   337.871    10.460    19.994
   337.972    10.307    19.994
   338.073    10.154    20.045
   338.174    10.154    20.095
   338.274    10.001    20.196
   338.374     9.951    20.296
   338.500     9.899    20.296
   338.979     9.899    20.296
   339.079    10.001    20.296
   339.180    10.104    20.296
   339.382    10.104    20.296
   339.482    10.154    20.296
   353.773    10.154    20.296
   353.872    10.052    20.296
   353.974    10.001    20.296
   354.074    10.001    20.296
   354.175     9.951    20.346
   356.591     9.951    20.346
   356.692     9.849    20.497
   356.893     9.849    20.497
   356.993     9.747    20.699
   357.094     9.747    20.749
   357.697     9.747    20.749
   357.805     9.747    20.649
   357.908     9.747    20.548
   360.322     9.747    20.548
   360.423     9.747    20.447
   360.523     9.747    20.447
   360.624     9.747    20.397
   360.724     9.747    20.296
   360.825     9.747    20.246
   360.926     9.747    20.095
   361.127     9.747    20.095
   361.228     9.798    20.095
   361.327     9.798    20.095
   361.429     9.798    20.045
   361.529     9.798    19.894
   361.630     9.798    19.692
   361.730     9.849    19.592
   361.831     9.899    19.541
   361.932    10.001    19.541
   362.032    10.104    19.541
   362.133    10.205    19.491
   362.234    10.205    19.391
   362.334    10.205    19.340
   362.638    10.205    19.340
   362.739    10.205    19.189
   362.838    10.256    18.988
   362.940    10.256    18.988
   363.040    10.256    18.837
   363.141    10.256    18.837
   363.240    10.256    18.636
   363.341    10.256    18.535
   363.443    10.256    18.384
   363.542    10.256    18.333
   363.644    10.307    18.183
   363.744    10.307    17.982
   363.845    10.409    17.780
   363.946    10.612    17.679
   364.046    10.918    17.478
   364.147    11.173    17.227
   364.247    11.173    17.025
   364.348    11.173    16.924
   364.449    11.173    16.824
   364.548    11.173    16.724
   364.951    11.173    16.724
   365.053    11.122    16.724
   365.154    11.122    16.623
   365.254    11.071    16.472
   365.355    11.071    16.169
   365.456    11.071    15.868
   365.555    11.071    15.818
   365.657    11.020    15.818
   365.757    10.663    15.465
   365.857    10.562    15.214
   365.958    10.562    15.063
   366.059    10.562    14.962
   366.158    10.511    14.760
   366.260    10.460    14.660
   366.461    10.460    14.660
   366.563    10.307    14.459
   366.661     9.951    14.257
   366.763     9.798    14.106
   366.863     9.747    14.056
   366.964     9.747    14.056
   367.066     9.747    13.955
   367.165     9.696    13.905
   367.267     9.696    13.855
   368.173     9.696    13.855
   368.275     9.899    13.704
   368.374     9.951    13.553
   368.677     9.951    13.553
   368.777     9.951    13.502
   368.877     9.951    13.301
   368.978     9.951    13.100
   369.079     9.951    12.899
   369.179    10.001    12.798
   369.280    10.104    12.496
   369.380    10.307    12.295
   369.482    10.562    12.093
   369.581    10.562    12.093
   369.683    10.663    12.093
   370.084    10.663    12.093
   370.185    10.358    12.446
   370.285    10.307    12.496
   370.386    10.154    12.596
   370.488    10.154    12.596
   370.588    10.154    12.697
   370.689    10.154    12.748
   370.789    10.256    12.848
   370.889    10.460    12.999
   370.990    10.867    13.200
   371.091    11.223    13.301
   371.191    11.376    13.351
   371.292    11.682    13.351
   371.393    11.937    13.351
   371.492    12.038    13.351
   371.694    12.038    13.351
   371.794    12.191    13.553
   371.895    12.242    13.704
   372.401    12.242    13.704
   372.500    12.242    13.754
   372.602    12.242    13.855
   373.105    12.242    13.855
   373.204    12.293    14.005
   373.407    12.293    14.005
   373.507    12.344    14.056
   373.608    12.598    14.106
   374.313    12.598    14.106
   374.413    13.821    14.157
   375.320    13.821    14.157
   375.420    13.973    14.157
   376.728    13.973    14.157
   376.828    14.075    14.106
   377.030    14.075    14.106
   377.130    14.330    14.005
   377.232    14.534    14.005
   377.331    14.636    13.955
   377.433    14.737    13.955
   377.534    14.737    13.855
   378.237    14.737    13.855
   378.338    14.789    13.804
   379.546    14.789    13.804
   379.646    14.890    13.905
   379.747    14.992    14.157
   379.847    15.043    14.207
   379.948    15.348    14.207
   380.048    15.705    14.207
   380.150    16.164    14.207
   380.249    16.469    14.207
   380.351    16.672    14.207
   380.450    16.825    14.207
   381.255    16.825    14.207
   381.357    16.927    14.207
   381.457    17.283    14.207
   381.558    17.487    14.207
   381.658    17.640    14.257
   381.759    17.997    14.459
   381.859    18.302    14.710
   381.960    18.608    14.861
   382.060    18.862    14.962
   382.161    19.117    14.962
   382.261    19.270    14.962
   382.362    19.372    14.962
   382.463    19.626    14.962
   382.563    19.626    14.962
   382.663    19.728    14.962
   382.764    19.932    14.962
   382.865    20.186    14.962
   382.965    20.543    14.962
   383.066    20.899    14.962
   383.167    21.154    14.962
   383.669    21.154    14.962
   383.771    21.358    14.962
   383.871    21.510    14.912
   383.971    21.510    14.912
   384.072    21.510    14.710
   384.172    21.561    14.509
   384.273    21.663    14.358
   384.374    21.663    14.358
   384.476    21.714    14.358
   384.574    21.765    14.257
   384.675    22.121    14.106
   384.776    22.121    14.056
   384.876    22.121    14.005
   384.977    22.121    14.005
   385.079    22.121    13.905
   385.180    22.121    13.754
   385.281    22.121    13.654
   385.381    22.121    13.603
   385.482    22.172    13.502
   385.581    22.682    13.301
   385.682    22.682    13.251
   385.783    22.936    13.050
   385.883    23.089    12.848
   385.984    23.293    12.395
   386.084    23.395    11.942
   386.185    23.496    11.691
   386.286    23.751    11.490
   386.387    23.955    11.238
   386.488    24.057    11.087
   386.588    24.311    10.886
   386.688    24.413    10.584
   386.788    24.464    10.332
   386.889    24.566    10.081
   386.990    24.617    10.030
   387.292    24.617    10.030
   387.393    24.668     9.778
   387.493    24.668     9.426
   387.595    24.668     9.174
   387.696    24.668     9.124
   388.701    24.668     9.124
   388.801    24.515     9.527
   388.902    24.362     9.678
   389.003    24.057    10.030
   389.103    23.904    10.181
   389.204    23.599    10.533
   389.305    23.548    10.835
   389.908    23.548    10.835
   390.008    23.599    10.986
   390.111    24.006    11.389
   390.211    24.107    11.590
   390.312    24.107    11.741
   390.412    24.107    11.791
   390.513    24.210    11.942
   390.614    24.260    12.043
   390.713    24.311    12.093
   390.815    24.311    12.245
   390.915    24.413    12.546
   391.016    24.413    12.697
   391.117    24.515    12.848
   391.217    24.668    12.999
   391.318    24.821    13.050
   391.720    24.821    13.050
   391.821    24.821    13.150
   391.921    24.871    13.251
   392.022    24.871    13.351
   392.624    24.871    13.351
   392.726    24.871    13.603
   392.825    24.871    13.654
   393.531    24.871    13.654
   393.632    24.923    13.754
   393.732    24.923    13.855
   395.442    24.923    13.855
   395.542    24.668    13.955
   396.147    24.668    13.955
   396.247    24.668    14.056
   396.348    24.719    14.106
   397.455    24.719    14.106
   397.555    24.923    14.106
   397.655    24.974    14.106
   397.756    25.177    14.207
   399.266    25.177    14.207
   399.367    25.177    14.106
   399.467    25.177    13.855
   399.969    25.177    13.855
   400.071    25.177    13.804
   400.172    25.177    13.804
   400.274    25.177    13.754
   400.374    25.177    13.704
   407.416    25.177    13.704
   407.517    25.126    13.654
   407.617    25.126    13.654
   407.718    25.075    13.654
   407.819    24.974    13.654
   407.919    24.821    13.654
   408.020    24.719    13.704
   408.121    24.668    13.704
   408.222    24.668    13.704
   408.325    24.617    13.754
   408.424    24.617    13.804
   408.526    24.515    13.855
   408.626    24.464    13.855
   408.726    24.464    13.905
   408.826    24.362    13.955
   408.927    24.210    13.955
   409.028    24.159    14.056
   409.128    23.955    14.106
   409.229    23.955    14.106
   409.330    23.802    14.257
   409.431    23.751    14.308
   410.034    23.751    14.308
   410.134    23.548    14.308
   410.235    23.395    14.308
   410.839    23.395    14.308
   410.941    23.344    14.358
   411.040    23.293    14.409
   411.142    23.191    14.559
   411.242    23.191    14.610
   411.342    23.140    14.660
   411.443    23.140    14.660
   411.544    23.089    14.660
   411.845    23.089    14.660
   411.947    23.038    14.760
   412.048    23.038    14.811
   412.149    23.038    14.861
   412.248    23.038    14.912
   412.350    23.038    14.962
   412.551    23.038    14.962
   412.652    23.038    15.063
   412.751    23.038    15.113
   412.852    23.038    15.314
   413.557    23.038    15.314
   413.658    23.038    15.415
   416.274    23.038    15.415
   416.373    23.140    15.415
   416.475    23.140    15.415
   416.576    23.344    15.264
   422.621    23.344    15.264
   422.722    23.446    15.264
   422.922    23.446    15.264
   423.023    23.496    15.264
   475.875    23.496    15.264
   475.976    23.446    15.415
   476.177    23.446    15.415
   476.279    23.446    15.465
   483.122    23.446    15.465
   483.222    23.446    15.616
   483.324    23.446    15.666
   483.424    23.446    15.666
   483.524    23.446    15.717
   483.625    23.446    15.818
   483.725    23.446    15.918
   483.826    23.446    16.019
   487.548    23.446    16.019
   487.649    23.395    16.019
   491.573    23.395    16.019
   491.674    23.395    16.321
   491.774    23.395    16.371
   502.341    23.395    16.371
   502.442    23.599    16.371
   503.347    23.599    16.371
   503.448    23.802    16.321
   503.549    23.802    16.321
   503.649    23.955    16.321
   504.051    23.955    16.321
   504.152    23.955    16.220
   504.252    23.955    16.119
   504.354    23.955    16.019
   504.454    24.057    15.968
   504.756    24.057    15.968
   504.857    24.107    15.868
   504.957    24.159    15.818
   505.058    24.210    15.666
   505.159    24.210    15.616
   505.259    24.210    15.515
   505.360    24.260    15.364
   505.461    24.311    15.163
   505.562    24.311    15.012
   505.662    24.311    14.962
   505.863    24.311    14.962
   505.963    24.362    14.861
   506.064    24.362    14.811
   506.164    24.362    14.710
   506.667    24.362    14.710
   506.767    24.362    14.610
   506.869    24.362    14.559
   506.969    24.413    14.509
   507.070    24.515    14.459
   507.171    24.668    14.409
   507.273    24.719    14.358
   507.474    24.719    14.358
   507.576    24.617    14.308
   508.480    24.617    14.308
   508.580    24.617    14.257
   508.681    24.617    14.157
   508.782    24.617    14.005
   508.882    24.617    13.905
   508.983    24.770    13.855
   509.082    25.126    13.603
   509.185    25.177    13.452
   509.285    25.177    13.301
   509.386    25.177    13.150
   509.486    25.177    13.150
   509.588    25.177    13.050
   509.689    25.177    13.050
   509.788    25.177    12.999
   515.542    25.177    12.999
   515.644    25.177    12.848
   515.744    25.177    12.848
   515.844    25.177    12.798
   515.946    25.177    12.697
   516.045    25.177    12.697
   516.146    25.177    12.647
   516.247    25.177    12.596
   517.354    25.177    12.596
   517.454    25.177    12.496
   517.555    25.177    12.496
   517.656    25.126    12.446
   517.756    25.126    12.395
   518.963    25.126    12.395
   519.065    24.923    12.345
   519.869    24.923    12.345
   519.970    24.770    12.345
   520.170    24.770    12.345
   520.272    24.719    12.345
   520.372    24.668    12.345
   531.442    24.668    12.345
   531.542    24.668    12.446
   531.642    24.668    12.496
   531.744    24.668    12.496
   531.844    24.668    12.546
   531.945    24.668    12.748
   532.045    24.770    12.899
   532.170    24.821    13.050
   532.247    24.871    13.050
   532.952    24.871    13.050
   533.053    24.923    13.050
   546.438    24.923    13.050
   546.538    25.228    13.100
   546.638    25.330    13.100
   546.840    25.330    13.100
   546.941    25.482    13.100
   547.846    25.482    13.100
   547.947    25.534    13.100
   548.954    25.534    13.100
   549.054    25.585    13.100
   591.438    25.585    13.100
   591.538    25.534    13.100
   591.638    25.534    13.200
   591.740    25.482    13.251
   591.840    25.432    13.301
   609.956    25.432    13.301
   610.057    25.482    13.452
   610.258    25.482    13.452
   610.359    25.585    13.553
   610.460    25.635    13.553
   610.561    25.737    13.603
   611.063    25.737    13.603
   611.164    25.788    13.603
   611.366    25.788    13.603
   611.465    25.788    13.502
   611.566    25.788    13.452
   612.373    25.788    13.452
   612.472    25.737    13.402
   612.573    25.635    13.402
   612.672    25.534    13.351
   612.774    25.381    13.351
   612.874    25.228    13.301
   612.975    25.177    13.251
   613.076    24.974    13.050
   613.176    24.871    12.899
   613.277    24.617    12.848
   613.377    24.617    12.848
   613.478    24.515    12.798
   614.283    24.515    12.798
   614.383    24.464    12.798
   614.483    24.362    12.848
   614.583    24.311    12.848
   615.794    24.311    12.848
   615.895    24.260    12.848
   615.996    24.260    12.848
   616.096    24.210    12.848
   616.197    24.210    12.848
   616.297    24.159    12.899
   616.398    24.057    12.899
   617.304    24.057    12.899
   617.405    23.955    12.798
   617.505    23.955    12.798
   617.606    23.853    12.798
   617.706    23.700    12.748
   617.807    23.496    12.697
   617.908    23.344    12.596
   618.008    23.293    12.596
   619.116    23.293    12.596
   619.216    23.293    12.697
   619.317    23.293    12.748
   619.417    23.344    12.798
   619.518    23.446    12.899
   619.619    23.548    12.949
   623.141    23.548    12.949
   623.241    23.548    12.899
   623.341    23.548    12.848
   623.443    23.548    12.798
   623.643    23.548    12.798
   623.745    23.548    12.748
   627.266    23.548    12.748
   627.367    23.446    12.647
   627.468    23.446    12.596
   627.570    23.446    12.546
   631.092    23.446    12.546
   631.193    23.446    12.496
   631.293    23.446    12.496
   631.394    23.446    12.446
   631.494    23.446    12.395
   631.595    23.446    12.395
   631.696    23.446    12.345
   639.545    23.446    12.345
   639.647    23.446    12.446
   639.849    23.446    12.446
   639.949    23.446    12.496
   640.957    23.446    12.496
   641.057    23.446    12.546
   657.269    23.446    12.546
   657.369    23.496    12.697
   657.469    23.496    12.748
   657.771    23.496    12.748
   657.873    23.599    12.798
   657.974    23.649    12.949
   658.075    23.700    13.100
   658.981    23.700    13.100
   659.082    23.751    13.200
   659.181    23.751    13.251
   659.282    23.751    13.301
   659.583    23.751    13.301
   659.684    23.853    13.301
   659.785    23.853    13.251
   660.589    23.853    13.251
   660.690    23.904    13.150
   660.791    23.904    13.150
   660.891    23.955    13.150
   660.992    24.107    13.150
   662.098    24.107    13.150
   662.200    24.210    13.050
   662.299    24.260    12.999
   662.400    24.260    12.949
   664.713    24.260    12.949
   664.814    24.311    12.899
   664.915    24.362    12.848
   665.015    24.362    12.798
   665.116    24.362    12.697
   665.217    24.362    12.647
   665.720    24.362    12.647
   665.821    24.260    12.647
   665.922    24.260    12.546
   666.023    24.362    12.496
   666.124    24.413    12.496
   666.224    24.413    12.446
   666.324    24.413    12.345
   666.424    24.413    12.245
   671.569    24.413    12.245
   671.668    24.515    12.245
   671.769    24.566    12.295
   671.871    24.566    12.295
   671.972    24.770    12.295
   672.073    24.821    12.295
   672.173    24.871    12.295
   674.084    24.871    12.295
   674.185    24.871    12.345
   674.286    24.871    12.446
   674.889    24.871    12.446
   674.989    24.974    12.446
   675.090    25.024    12.446
   675.191    25.024    12.446
   675.292    25.024    12.496
   675.392    25.126    12.496
   675.493    25.228    12.546
   675.592    25.330    12.596
   675.694    25.330    12.647
   676.096    25.330    12.647
   676.197    25.381    12.647
   676.297    25.432    12.647
   677.306    25.432    12.647
   677.407    25.534    12.697
   677.506    25.534    12.798
   677.607    25.686    12.848
   677.708    25.737    12.848
   680.830    25.737    12.848
   680.930    25.737    12.999
   685.258    25.737    12.999
   685.359    25.686    13.100
   690.595    25.686    13.100
   690.696    25.635    13.050
   690.796    25.635    12.999
   691.098    25.635    12.999
   691.199    25.635    12.949
   691.299    25.635    12.899
   692.909    25.635    12.899
   693.009    25.635    12.798
   693.211    25.635    12.798
   693.313    25.737    12.697
   695.528    25.737    12.697
   695.627    25.788    12.748
   695.728    25.839    12.798
   695.830    25.941    12.949
   695.929    25.941    13.100
   696.031    25.992    13.200
   697.137    25.992    13.200
   697.238    26.093    13.200
   697.439    26.093    13.200
   697.540    26.246    13.301
   697.639    26.298    13.402
   697.740    26.399    13.502
   699.651    26.399    13.502
   699.752    26.450    13.704
   699.852    26.501    13.754
   699.954    26.552    13.804
   700.053    26.603    13.855
   700.154    26.603    13.955
   700.255    26.603    14.005
   700.356    26.705    14.056
   700.457    26.756    14.157
   700.567    26.807    14.157
   700.667    26.807    14.157
   700.767    26.909    14.157
   701.170    26.909    14.157
   701.271    27.112    14.157
   701.372    27.112    14.157
   701.472    27.214    14.459
   701.573    27.214    14.509
   701.672    27.214    14.559
   702.077    27.214    14.559
   702.176    27.265    14.559
   702.278    27.316    14.509
   719.394    27.316    14.509
   719.495    27.418    14.559
   719.595    27.570    14.710
   719.696    27.570    14.760
   719.897    27.570    14.760
   719.999    27.621    14.811
   720.098    27.673    14.811
   720.199    27.774    14.912
   721.003    27.774    14.912
   721.104    27.876    14.912
   721.205    28.080    15.012
   721.305    28.233    15.163
   721.407    28.334    15.314
   721.506    28.437    15.364
   721.607    28.437    15.364
   721.708    28.487    15.465
   721.909    28.487    15.465
   722.009    28.640    15.515
   722.110    28.844    15.566
   722.210    28.895    15.717
   722.311    28.996    15.818
   722.412    29.149    15.918
   722.512    29.251    15.968
   722.613    29.353    16.069
   722.713    29.404    16.119
   722.814    29.455    16.220
   722.916    29.455    16.270
   723.216    29.455    16.270
   723.319    29.506    16.270
   723.418    29.556    16.270
   723.519    29.659    16.270
   723.620    29.659    16.270
   723.719    29.862    16.270
   727.643    29.862    16.270
   727.745    29.913    16.572
   727.844    29.913    16.623
   727.946    29.913    16.724
   728.045    29.913    16.874
   728.147    29.913    16.975
   728.248    29.913    16.975
   728.348    29.913    17.076
   728.449    29.913    17.126
   728.550    29.913    17.327
   728.650    29.964    17.478
   728.751    29.964    17.679
   728.851    29.964    17.881
   728.952    30.066    18.082
   729.053    30.167    18.183
   729.154    30.167    18.333
   729.253    30.167    18.384
   729.355    30.167    18.434
   729.455    30.167    18.434
   729.555    30.167    18.535
   729.656    30.167    18.787
   729.756    30.167    18.837
   729.857    30.167    18.837
   729.958    30.167    18.887
   730.058    30.167    18.988
   730.160    30.167    18.988
   730.259    30.167    19.088
   730.360    30.167    19.240
   730.460    30.167    19.391
   730.561    30.167    19.491
   730.662    30.167    19.491
   730.762    30.167    19.692
   730.863    30.167    19.793
   730.964    30.167    19.793
   731.064    30.167    19.944
   731.165    30.167    20.145
   731.265    30.117    20.397
   731.366    30.066    20.598
   731.466    30.066    20.598
   731.567    29.862    20.800
   731.668    29.862    20.950
   731.769    29.862    20.950
   731.869    29.811    21.001
   731.969    29.760    21.152
   732.071    29.709    21.202
   732.573    29.709    21.202
   732.673    29.608    21.403
   732.775    29.506    21.555
   732.875    29.455    21.605
   732.976    29.302    21.756
   733.076    29.251    21.856
   735.393    29.251    21.856
   735.494    29.149    22.007
   739.117    29.149    22.007
   739.217    28.844    22.108
   739.318    28.793    22.108
   739.418    28.691    22.158
   739.519    28.487    22.259
   739.620    28.385    22.309
   739.719    28.284    22.360
   740.224    28.284    22.360
   740.325    28.182    22.360
   740.424    28.029    22.410
   740.525    27.978    22.460
   740.726    27.978    22.460
   740.828    27.927    22.510
   741.130    27.927    22.510
   741.231    27.774    22.611
   741.331    27.723    22.611
   743.042    27.723    22.611
   743.142    27.723    22.913
   743.243    27.723    22.964
   743.443    27.723    22.964
   743.543    27.469    22.964
   743.644    27.316    23.014
   743.746    27.163    23.114
   743.845    27.062    23.265
   743.947    27.062    23.366
   744.046    27.062    23.416
   744.148    27.010    23.567
   744.249    26.959    23.567
   744.348    26.857    23.668
   744.450    26.857    23.718
   744.549    26.857    23.718
   744.651    26.705    23.819
   744.852    26.705    23.819
   744.952    26.450    24.020
   745.053    26.298    24.222
   745.154    26.246    24.423
   745.254    26.145    24.574
   745.355    26.145    24.574
   745.455    26.042    24.674
   745.556    25.890    24.926
   745.656    25.839    25.077
   745.757    25.737    25.329
   745.858    25.737    25.379
   745.959    25.686    25.480
   746.059    25.686    25.580
   746.462    25.686    25.580
   746.562    25.432    25.782
   746.664    25.432    25.882
   746.764    25.432    25.882
   746.865    25.330    25.933
   746.965    24.974    26.184
   747.668    24.974    26.184
   747.770    24.821    26.184
   747.871    24.770    26.184
   748.074    24.770    26.184
   748.174    24.617    26.184
   750.188    24.617    26.184
   750.289    24.311    26.184
   754.821    24.311    26.184
   754.921    23.904    26.386
   755.022    23.853    26.386
   755.224    23.853    26.386
   755.325    23.599    26.436
   755.928    23.599    26.436
   756.029    23.293    26.436
   756.130    23.293    26.436
   756.230    23.089    26.637
   756.331    23.089    26.687
   756.532    23.089    26.687
   756.632    22.988    26.687
   756.734    22.936    26.687
   756.835    22.784    26.687
   756.943    22.682    26.687
   758.051    22.682    26.687
   758.151    22.580    26.687
   758.253    22.529    26.687
   758.352    22.427    26.687
   758.452    22.427    26.687
   758.552    22.325    26.687
   758.654    22.274    26.687
   758.755    22.224    26.687
   759.258    22.224    26.687
   759.360    22.172    26.637
   759.460    22.121    26.587
   759.560    22.071    26.486
   759.660    22.020    26.436
   759.761    22.020    26.436
   759.862    21.867    26.386
   759.962    21.714    26.386
   760.063    21.561    26.335
   760.164    21.409    26.335
   760.264    21.409    26.285
   760.365    21.358    26.234
   760.465    21.256    26.184
   760.566    21.154    26.083
   760.667    21.103    26.083
   760.767    21.103    26.083
   760.868    21.052    26.083
   761.069    21.052    26.083
   761.169    20.899    26.083
   761.270    20.797    26.083
   761.371    20.797    26.083
   761.471    20.747    26.033
   761.572    20.594    26.033
   761.671    20.390    26.033
   761.773    20.238    26.033
   761.874    20.186    26.033
   761.974    20.033    26.033
   762.075    19.932    26.033
   762.176    19.881    26.033
   762.277    19.881    26.033
   762.378    19.728    25.983
   762.477    19.677    25.933
   762.578    19.524    25.882
   762.678    19.372    25.832
   762.779    19.219    25.782
   762.879    19.168    25.731
   762.981    19.015    25.731
   763.082    18.913    25.681
   763.182    18.710    25.681
   763.283    18.608    25.681
   763.383    18.608    25.681
   763.483    18.506    25.681
   763.584    18.353    25.681
   763.684    18.150    25.681
   763.785    18.099    25.681
   763.885    17.997    25.681
   763.987    17.946    25.681
   764.086    17.895    25.681
   764.490    17.895    25.681
   764.590    17.997    25.631
   764.691    17.997    25.631
   764.792    18.047    25.631
   764.892    18.099    25.631
   764.993    18.200    25.631
   765.093    18.200    25.631
   765.195    18.251    25.731
   765.294    18.302    25.782
   765.395    18.404    25.832
   765.596    18.404    25.832
   765.698    18.506    25.832
   766.000    18.506    25.832
   766.100    18.251    25.731
   766.201    18.099    25.731
   766.300    17.946    25.681
   766.402    17.895    25.631
   766.703    17.895    25.631
   766.803    18.047    25.631
   766.904    18.150    25.631
   767.005    18.150    25.631
   767.106    17.946    25.631
   767.206    17.793    25.782
   767.307    17.539    25.882
   767.407    17.487    25.882
   767.608    17.487    25.882
   767.709    17.436    25.882
   768.111    17.436    25.882
   768.211    17.386    25.882
   768.313    17.283    25.832
   768.513    17.283    25.832
   768.614    17.131    25.832
   768.715    17.080    25.832
   769.017    17.080    25.832
   769.118    16.825    25.832
   769.218    16.622    25.832
   769.319    16.316    25.832
   769.419    16.164    25.832
   769.520    16.061    25.832
   769.621    16.011    25.832
   771.030    16.011    25.832
   771.130    15.807    25.832
   771.231    15.756    25.832
   771.332    15.654    25.832
   771.633    15.654    25.832
   771.733    15.807    25.832
   771.835    16.011    25.832
   771.944    16.112    25.731
   772.045    16.112    25.731
   772.145    15.960    25.731
   772.247    15.654    25.681
   772.347    15.603    25.681
   772.447    15.603    25.681
   772.548    15.247    25.681
   772.648    15.043    25.681
   772.749    14.737    25.782
   772.850    14.381    26.033
   772.951    14.075    26.234
   773.051    13.872    26.386
   773.153    13.617    26.386
   773.253    13.414    26.436
   773.354    13.159    26.436
   773.455    12.955    26.436
   773.555    12.701    26.386
   773.655    12.344    26.386
   773.755    12.089    26.386
   773.857    11.886    26.386
   773.957    11.682    26.386
   774.058    11.478    26.386
   774.183    11.326    26.386
   774.258    11.223    26.386
   774.361    10.969    26.386
   774.461    10.715    26.386
   774.562    10.511    26.436
   774.662    10.205    26.537
   774.762     9.849    26.687
   774.864     9.594    26.889
   775.064     9.594    26.889
   775.166     9.288    26.939
   775.266     9.136    26.989
   775.367     8.932    26.989
   775.467     8.728    26.989
   775.568     8.372    26.989
   775.669     7.965    26.989
   775.770     7.557    26.939
   775.871     7.048    26.738
   775.970     6.538    26.687
   776.071     6.029    26.587
   776.172     5.622    26.587
   776.273     5.113    26.335
   776.373     4.655    25.882
   776.473     4.196    25.480
   776.575     3.941    25.429
   776.674     3.738    25.329
   776.775     3.432    25.278
   776.876     3.127    25.077
   776.977     3.127    25.077
   777.078     2.974    25.077
   777.178     2.566    25.329
   777.279     2.363    25.681
   777.378     2.363    25.731
   777.480     2.464    25.731
   777.580     2.464    25.731
   777.681     2.770    25.731
   777.782     2.872    25.731
   777.881     2.923    25.933
   777.983     3.075    26.184
   778.084     3.381    26.335
   778.184     3.534    26.386
   778.285     3.687    26.386
   778.386     3.788    26.386
   778.486     4.043    26.386
   778.586     4.349    26.486
   778.688     4.552    26.537
   778.990     4.552    26.537
   779.090     4.807    26.537
   779.192     4.807    26.537
   779.292     5.062    26.587
   779.391     5.316    26.587
   779.492     5.673    26.587
   779.592     5.877    26.587
   779.694     6.131    26.587
   779.794     6.233    26.587
   779.894     6.335    26.738
   779.996     6.538    26.788
   780.096     6.742    26.838
   780.197     6.895    26.889
   780.499     6.895    26.889
   780.599     6.945    26.889
   780.800     6.945    26.889
   780.901     7.251    26.989
   781.003     7.302    26.989
   781.103     7.302    26.989
   781.205     7.761    27.090
   781.304     8.372    27.141
   781.405     8.576    27.191
   781.504     8.728    27.241
   781.606     8.983    27.392
   781.707     9.492    27.543
   781.807     9.645    27.543
   781.908     9.696    27.543
   782.008    10.256    27.543
   782.211    10.256    27.543
   782.310    10.612    27.543
   782.411    10.715    27.543
   782.511    10.816    27.543
   782.612    10.816    27.543
   782.711    11.071    27.543
   782.813    11.427    27.543
   783.216    11.427    27.543
   783.317    12.242    27.543
   783.418    12.446    27.543
   783.517    12.497    27.543
   783.619    12.548    27.543
   783.719    13.159    27.543
   784.523    13.159    27.543
   784.625    13.566    27.543
   784.725    13.617    27.543
   784.826    13.719    27.543
   784.926    14.279    27.543
   785.027    14.279    27.543
   785.128    14.686    27.543
   785.430    14.686    27.543
   785.531    14.839    27.543
   785.631    15.145    27.543
   785.732    15.145    27.543
   785.833    15.298    27.543
   785.933    15.654    27.543
   786.135    15.654    27.543
   786.235    15.756    27.593
   786.336    15.756    27.593
   786.436    15.909    27.644
   786.738    15.909    27.644
   786.838    16.112    27.644
   787.241    16.112    27.644
   787.341    16.316    27.644
   787.442    16.418    27.644
   789.657    16.418    27.644
   789.757    16.520    27.644
   789.858    16.723    27.644
   790.060    16.723    27.644
   790.160    16.927    27.795
   790.260    16.978    27.946
   790.362    16.978    28.046
   790.460    17.029    28.096
   790.562    17.080    28.197
   790.964    17.080    28.197
   791.065    17.080    28.348
   791.166    17.080    28.550
   791.266    17.080    28.600
   791.367    17.080    28.801
   791.466    17.131    29.053
   792.372    17.131    29.053
   792.474    17.182    29.153
   796.501    17.182    29.153
   796.601    17.233    29.204
   796.701    17.233    29.204
   796.801    17.233    29.355
   796.902    17.233    29.405
   797.004    17.233    29.556
   797.104    17.233    29.606
   797.807    17.233    29.606
   797.911    17.335    29.606
   798.714    17.335    29.606
   798.815    17.335    29.707
   798.916    17.386    29.808
   799.017    17.436    29.959
   799.117    17.436    30.009
   799.218    17.436    30.009
   799.319    17.539    30.210
   799.620    17.539    30.210
   799.720    17.640    30.462
   799.821    17.691    30.462
   800.423    17.691    30.462
   800.525    17.640    30.462
   800.626    17.640    30.462
   800.726    17.589    30.462
   804.751    17.589    30.462
   804.852    17.589    30.361
   805.355    17.589    30.361
   805.456    17.640    30.311
   806.864    17.640    30.311
   806.963    17.640    30.160
   811.895    17.640    30.160
   811.997    17.640    30.110
   816.826    17.640    30.110
   816.925    17.589    30.110
   818.133    17.589    30.110
   818.234    17.539    29.858
   818.335    17.539    29.405
   818.436    17.539    29.002
   818.537    17.539    28.851
   818.636    17.539    28.600
   818.738    17.539    28.398
   818.838    17.539    28.197
   818.939    17.539    28.046
   819.040    17.539    27.795
   819.140    17.539    27.694
   819.241    17.539    27.593
   819.342    17.539    27.593
   819.442    17.539    27.392
   819.642    17.539    27.392
   819.743    17.539    27.291
   819.843    17.487    27.241
   819.945    17.487    27.191
   820.046    17.487    27.040
   820.146    17.487    26.939
   820.247    17.487    26.838
   820.347    17.487    26.687
   820.448    17.487    26.637
   820.750    17.487    26.637
   820.850    17.487    26.587
   821.654    17.487    26.587
   821.755    17.487    26.537
   821.856    17.589    26.386
   822.662    17.589    26.386
   822.761    17.640    26.386
   822.863    17.844    26.537
   823.064    17.844    26.537
   823.165    17.487    26.537
   823.265    17.487    26.537
   823.366    17.386    26.537
   823.466    16.978    26.537
   823.568    16.775    26.537
   823.668    16.775    26.537
   823.768    16.622    26.537
   823.870    16.571    26.537
   823.970    16.418    26.537
   824.071    16.265    26.537
   824.574    16.265    26.537
   824.674    16.214    26.537
   824.777    15.960    26.537
   824.878    15.858    26.537
   825.783    15.858    26.537
   825.883    16.061    26.537
   825.984    16.164    26.537
   826.488    16.164    26.537
   826.588    16.418    26.637
   827.695    16.418    26.637
   827.797    16.418    26.587
   827.997    16.418    26.587
   828.097    16.214    26.436
   828.199    16.061    26.436
   828.299    15.909    26.386
   828.399    15.705    26.285
   828.501    15.654    26.134
   828.601    15.654    25.983
   828.702    15.603    25.882
   828.802    15.603    25.631
   828.903    15.552    25.480
   829.004    15.400    25.379
   829.105    15.247    25.278
   829.204    15.043    25.077
   829.306    14.839    24.926
   829.405    14.839    24.825
   829.506    14.737    24.725
   829.607    14.381    24.473
   829.707    14.126    24.322
   829.808    13.973    24.272
   829.909    13.770    24.121
   830.009    13.414    23.819
   830.111    13.159    23.316
   830.211    13.159    23.265
   830.311    13.108    23.165
   830.412    12.802    23.165
   830.512    12.395    23.114
   830.613    11.987    23.114
   830.713    11.682    23.064
   830.814    11.427    23.064
   830.916    11.071    23.064
   831.016    10.612    23.064
   831.118    10.358    23.064
   831.218    10.358    23.064
   831.319    10.307    23.215
   831.420    10.256    23.316
   831.520    10.256    23.366
   831.823    10.256    23.366
   831.922    10.256    23.416
   832.023    10.256    23.416
   832.125    10.205    23.567
   832.224    10.205    23.618
   834.639    10.205    23.618
   834.740    10.154    23.618
   834.841    10.104    23.769
   834.943    10.052    23.819
   835.044     9.849    24.020
   835.143     9.543    24.423
   835.245     9.492    24.574
   835.546     9.492    24.574
   835.646     9.492    24.674
   835.748     9.492    24.775
   835.848     9.492    24.926
   835.950     9.492    25.228
   836.049     9.492    25.379
   836.150     9.492    25.429
   836.251     9.492    25.530
   836.351     9.492    25.580
   836.552     9.492    25.580
   836.653     9.492    25.782
   836.754     9.441    25.933
   836.855     9.237    26.134
   836.955     8.983    26.285
   837.055     8.677    26.587
   837.157     8.423    26.687
   837.256     8.219    26.738
   837.458     8.219    26.738
   837.558     8.015    26.989
   837.659     7.761    27.090
   837.759     7.455    27.090
   837.861     7.455    27.090
   837.961     7.404    27.090
   838.062     7.048    27.090
   838.163     6.844    27.090
   838.262     6.590    27.090
   838.364     6.284    27.090
   838.463     6.029    27.090
   838.564     5.724    27.090
   838.665     5.367    27.090
   838.766     5.011    27.090
   838.867     4.756    27.090
   838.966     4.705    27.090
   839.067     4.603    27.090
   839.469     4.603    27.090
   839.570     4.451    26.788
   839.671     4.451    26.234
   839.771     4.451    26.033
   839.873     4.451    25.832
   839.973     4.145    25.429
   840.073     3.941    24.876
   840.173     3.839    24.523
   840.274     3.585    24.322
   840.375     3.483    24.171
   840.475     3.228    24.171
   840.576     3.127    24.020
   840.676     3.075    23.970
   840.778     3.075    23.869
   840.880     3.075    23.718
   840.980     3.075    23.668
   841.080     3.075    23.668
   841.180     3.075    23.316
   841.281     3.075    22.964
   841.382     3.177    22.561
   841.482     3.330    22.259
   841.583     3.534    22.058
   841.683     3.534    21.906
   841.784     3.534    21.756
   841.986     3.534    21.756
   842.041     3.636    21.705
   842.545     3.636    21.705
   842.645     4.247    21.353
   842.746     4.451    21.202
   842.847     4.960    21.001
   842.946     5.622    21.001
   843.047     6.131    21.001
   843.148     6.945    21.001
   843.249     7.659    20.900
   843.349     8.117    20.749
   843.450     8.576    20.548
   843.550     8.830    20.397
   843.651     8.983    20.145
   843.752     9.034    19.944
   843.852     9.390    19.692
   843.952     9.645    19.491
   844.053     9.849    19.189
   844.154    10.104    19.038
   844.254    10.663    18.988
   844.355    11.020    18.887
   844.455    11.223    18.736
   844.557    11.427    18.485
   844.657    11.478    18.485
   844.857    11.478    18.485
   844.959    11.478    18.434
   852.607    11.478    18.434
   852.708    11.733    18.283
   852.809    11.937    18.233
   852.909    12.140    18.233
   853.009    12.598    18.032
   853.110    12.802    17.931
   853.211    12.853    17.830
   853.312    12.853    17.629
   853.412    12.853    17.377
   853.513    12.853    17.227
   853.613    12.853    17.227
   853.715    12.853    17.126
   854.720    12.853    17.126
   854.820    13.057    17.227
   854.921    13.159    17.277
   855.021    13.261    17.377
   855.122    13.362    17.377
   855.223    13.668    17.377
   855.323    13.923    17.377
   855.424    14.432    17.377
   855.524    14.941    17.377
   856.128    14.941    17.377
   856.228    15.094    17.377
   856.329    15.552    17.377
   856.429    15.858    17.377
   856.832    15.858    17.377
   856.934    16.011    17.377
   857.032    16.164    17.377
   857.133    16.418    17.377
   857.234    16.672    17.377
   857.334    16.876    17.377
   857.436    17.283    17.377
   857.536    17.487    17.377
   857.637    17.691    17.377
   857.737    17.997    17.227
   857.839    18.150    17.227
   857.939    18.455    17.176
   858.040    18.608    17.176
   858.141    19.066    16.975
   858.241    19.219    16.874
   858.342    19.321    16.724
   858.442    19.372    16.623
   858.543    19.372    16.522
   861.159    19.372    16.522
   861.260    19.422    16.522
   861.562    19.422    16.522
   861.663    19.422    16.673
   861.763    19.372    16.824
   861.864    19.372    16.924
   861.964    19.321    16.975
   862.165    19.321    16.975
   862.266    19.270    17.176
   862.366    19.270    17.327
   862.467    19.270    17.478
   862.567    19.270    17.679
   862.667    19.270    17.931
   862.770    19.270    18.233
   862.870    19.270    18.485
   862.970    19.270    18.736
   863.071    19.270    18.937
   863.172    19.270    19.088
   863.271    19.321    19.139
   863.373    19.372    19.290
   863.474    19.524    19.441
   863.574    19.626    19.541
   863.675    19.830    19.743
   863.776    19.932    19.843
   863.877    19.932    19.894
   863.977    19.932    19.894
   864.078    19.983    19.944
   864.178    20.085    19.994
   864.278    20.136    19.994
   864.379    20.136    20.045
   864.479    20.136    20.095
   864.580    20.238    20.145
   864.682    20.288    20.246
   865.284    20.288    20.246
   865.385    20.390    20.246
   865.587    20.390    20.246
   865.687    20.492    20.246
   865.889    20.492    20.246
   865.990    20.594    20.296
   866.091    20.696    20.296
   866.190    20.797    20.296
   866.292    20.849    20.346
   866.393    20.950    20.397
   866.492    21.001    20.598
   866.593    21.052    20.749
   866.694    21.154    20.749
   866.794    21.307    20.800
   866.896    21.409    20.850
   866.995    21.510    20.900
   867.096    21.613    20.950
   867.196    21.816    21.051
   867.297    22.020    21.152
   867.397    22.172    21.252
   869.108    22.172    21.252
   869.208    22.224    21.303
   869.310    22.224    21.353
   874.641    22.224    21.353
   874.742    22.224    21.403
   874.842    22.224    21.555
   874.942    22.325    21.655
   875.043    22.325    21.705
   875.658    22.325    21.705
   875.759    22.427    21.705
   875.959    22.427    21.705
   876.060    22.427    21.756
   876.161    22.478    21.756
   882.512    22.478    21.756
   882.612    22.478    21.957
   882.915    22.478    21.957
   883.015    22.478    22.058
   883.115    22.478    22.058
   883.216    22.478    22.108
   883.316    22.478    22.108
   883.418    22.529    22.209
   883.518    22.529    22.410
   883.619    22.682    22.661
   883.720    22.733    22.913
   883.820    22.835    23.014
   883.920    22.936    23.165
   884.021    23.140    23.265
   884.122    23.395    23.517
   884.222    23.649    23.718
   884.322    23.853    24.020
   884.424    24.006    24.121
   884.523    24.057    24.171
   884.625    24.159    24.222
   884.726    24.210    24.272
   884.826    24.210    24.272
   884.927    24.260    24.373
   885.026    24.311    24.373
   885.127    24.464    24.423
   885.229    24.668    24.473
   885.329    24.923    24.473
   885.430    25.126    24.523
   885.531    25.330    24.674
   885.632    25.534    24.876
   885.732    25.585    24.926
   885.833    25.686    24.977
   886.639    25.686    24.977
   886.739    26.195    25.530
   886.840    26.298    25.681
   886.941    26.501    25.933
   887.041    26.501    25.983
   888.249    26.501    25.983
   888.350    26.552    26.083
   888.450    26.552    26.134
   888.551    26.552    26.184
   888.852    26.552    26.184
   888.952    26.909    26.184
   889.054    27.010    26.184
   889.154    27.163    26.184
   889.254    27.418    26.234
   889.355    27.570    26.285
   889.456    27.673    26.335
   889.857    27.673    26.335
   889.958    27.723    26.335
   890.059    27.825    26.335
   890.161    28.029    26.335
   890.261    28.182    26.335
   890.361    28.233    26.335
   890.463    28.385    26.335
   890.563    28.487    26.335
   890.663    28.589    26.335
   890.765    28.793    26.335
   890.865    28.895    26.335
   890.966    29.098    26.335
   891.066    29.556    26.335
   891.166    29.760    26.335
   891.267    30.015    26.335
   891.368    30.270    26.335
   891.771    30.270    26.335
   891.872    30.372    26.234
   891.972    30.473    26.184
   892.072    30.677    26.134
   892.173    30.728    26.033
   892.273    30.779    25.933
   892.374    30.830    25.681
   892.475    31.034    25.480
   892.575    31.186    25.379
   892.677    31.390    25.329
   892.777    31.543    25.228
   892.878    31.543    25.027
   892.979    31.594    24.926
   893.079    31.695    24.825
   893.180    31.848    24.674
   893.281    32.052    24.473
   893.382    32.154    24.272
   893.482    32.408    24.171
   893.583    32.612    24.020
   893.684    32.816    24.020
   893.784    32.969    23.970
   893.885    33.172    23.970
   893.985    33.325    23.970
   894.689    33.325    23.970
   894.790    33.427    23.567
   894.891    33.478    23.316
   894.991    33.478    23.114
   895.092    33.478    22.863
   895.193    33.478    22.661
   895.293    33.478    22.561
   895.395    33.478    22.460
   895.495    33.478    22.259
   895.596    33.478    22.108
   895.696    33.478    21.957
   895.797    33.478    21.906
   895.897    33.478    21.906
   895.997    33.478    21.806
   896.099    33.478    21.705
   896.198    33.478    21.504
   896.300    33.478    21.353
   896.400    33.478    21.202
   896.501    33.478    21.051
   896.602    33.478    20.850
   896.702    33.478    20.598
   896.803    33.478    20.246
   896.904    33.478    19.994
   897.015    33.478    19.894
   898.424    33.478    19.894
   898.524    33.478    19.994
   898.625    33.478    20.145
   898.726    33.478    20.346
   898.828    33.478    20.497
   898.929    33.478    20.548
   899.028    33.478    20.548
   899.129    33.478    20.346
   899.229    33.478    20.196
   899.329    33.478    20.045
   899.432    33.478    19.944
   899.531    33.478    19.793
   899.632    33.478    19.642
   899.732    33.478    19.491
   899.833    33.478    19.340
   899.934    33.478    19.189
   900.034    33.376    19.038
   900.135    33.172    18.837
   900.235    32.969    18.535
   900.336    32.765    18.333
   900.437    32.714    18.233
   900.537    32.459    17.931
   900.639    32.256    17.679
   900.739    32.205    17.428
   900.839    32.103    17.227
   900.939    31.848    17.025
   901.041    31.543    16.572
   901.142    31.390    16.371
   901.242    31.390    16.220
   901.343    31.390    16.019
   901.443    31.339    15.818
   901.545    31.339    15.616
   901.645    31.339    15.465
   901.746    31.339    15.314
   901.846    31.339    15.063
   901.946    31.339    14.912
   902.047    31.339    14.760
   902.147    31.339    14.459
   902.248    31.339    14.106
   902.349    31.339    13.905
   902.449    31.339    13.654
   902.551    31.339    13.452
   902.651    31.339    13.301
   902.751    31.339    13.050
   902.852    31.339    12.798
   902.952    31.339    12.596
   903.053    31.339    12.446
   903.153    31.288    12.395
   904.262    31.288    12.395
   904.361    31.288    12.496
   904.463    31.288    12.596
   904.563    31.288    12.798
   904.665    31.288    12.899
   904.764    31.288    12.949
   904.865    31.288    12.999
   904.967    31.288    12.999
   905.066    31.288    13.200
   905.368    31.288    13.200
   905.469    31.237    13.200
   905.569    31.237    13.200
   905.671    31.034    13.200
   916.236    31.034    13.200
   916.337    30.881    13.452
   916.640    30.881    13.452
   916.740    30.881    13.553
   916.841    30.881    13.704
   916.940    30.931    13.905
   917.041    30.983    13.955
   917.142    30.983    14.005
   917.242    30.983    14.106
   918.754    30.983    14.106
   918.855    30.983    14.257
   918.954    30.983    14.409
   919.055    31.084    14.660
   919.155    31.288    14.912
   919.256    31.339    15.012
   919.381    31.339    15.214
   919.457    31.339    15.264
   919.659    31.339    15.264
   919.760    31.390    15.465
   922.780    31.390    15.465
   922.880    31.390    15.616
   922.981    31.390    15.616
   923.080    31.390    15.717
   923.182    31.390    15.818
   923.282    31.390    15.968
   923.383    31.339    16.119
   923.483    31.339    16.169
   923.584    31.288    16.270
   923.684    31.186    16.371
   923.886    31.186    16.371
   923.986    31.084    16.572
   924.088    31.084    16.572
   924.189    31.034    16.623
   924.288    30.931    16.874
   924.389    30.881    17.025
   924.490    30.881    17.126
   924.590    30.728    17.327
   924.691    30.626    17.428
   925.294    30.626    17.428
   925.395    30.524    17.478
   925.497    30.372    17.629
   925.597    30.219    17.780
   925.697    30.066    18.032
   925.797    29.709    18.333
   925.897    29.556    18.485
   925.999    29.556    18.485
   926.100    29.455    18.686
   926.200    29.404    18.837
   926.301    29.200    18.988
   926.402    29.200    19.038
   926.609    29.200    19.038
   926.711    28.945    19.088
   926.811    28.895    19.088
   926.911    28.640    19.240
   927.013    28.589    19.290
   929.731    28.589    19.290
   929.831    28.589    19.391
   929.933    28.589    19.391
   930.033    28.589    19.441
   930.134    28.589    19.441
   930.234    28.640    19.491
   930.335    28.742    19.642
   930.436    28.793    19.743
   930.536    28.895    19.944
   930.638    28.895    20.145
   930.738    28.895    20.296
   930.838    28.945    20.447
   930.940    28.996    20.649
   931.038    29.149    20.800
   931.140    29.200    20.850
   932.750    29.200    20.850
   932.851    29.200    20.950
   932.952    29.149    21.202
   933.051    29.098    21.303
   933.151    29.098    21.353
   933.253    29.048    21.454
   933.354    28.996    21.655
   933.454    28.996    21.906
   933.555    28.996    22.007
   933.655    28.996    22.058
   935.466    28.996    22.058
   935.566    28.996    22.108
   935.668    28.996    22.158
   935.768    28.996    22.209
