     0.185     4.349     0.519
     2.755     4.349     0.519
     2.859     4.298     0.519
     2.960     4.247     0.519
     3.060     4.196     0.519
     3.161     4.196     0.519
     3.262     4.094     0.519
     3.362     4.043     0.519
    69.139     4.043     0.519
    69.241     4.094     0.418
    69.442     4.094     0.418
    69.543     4.145     0.418
    69.745     4.145     0.418
    69.846     4.247     0.418
    69.945     4.399     0.418
    70.047     4.552     0.468
    70.146     4.655     0.569
    70.247     4.756     0.670
    70.348     4.807     0.770
    70.952     4.807     0.770
    71.053     4.705     0.770
    71.153     4.603     0.770
    71.254     4.552     0.770
    71.354     4.502     0.770
    71.455     4.451     0.770
    71.556     4.399     0.770
    94.641     4.399     0.770
    94.743     4.349     0.770
    95.347     4.349     0.770
    95.447     4.399     0.770
    95.548     4.451     0.770
    95.648     4.502     0.770
   106.219     4.502     0.770
   106.319     4.603     0.720
   106.420     4.960     0.720
   114.572     4.960     0.720
   114.672     5.062     0.720
   114.773     5.113     0.770
   114.874     5.163     0.821
   114.975     5.163     0.871
   115.074     5.163     0.922
   115.176     5.163     0.972
   115.276     5.214     0.972
   115.376     5.214     1.022
   115.477     5.214     1.022
   115.578     5.266     1.022
   115.678     5.316     1.072
   643.258     5.316     1.072
   643.359     5.367     1.072
   643.459     5.418     1.072
   643.861     5.418     1.072
   643.961     5.418     0.972
   644.062     5.469     0.871
   644.566     5.469     0.871
   644.666     5.520     0.871
   645.270     5.520     0.871
   645.370     5.571     0.871
   679.202     5.571     0.871
   679.303     5.673     0.871
   679.806     5.673     0.871
   679.907     5.724     0.871
   680.008     5.724     0.871
   680.108     5.774     0.871
   867.403     5.774     0.871
   867.504     5.826     0.972
   867.605     5.826     1.022
   867.706     5.877     1.022
   873.543     5.877     1.022
   873.643     5.927     1.022
  1634.574     5.927     1.022
  1634.674     5.978     0.972
  1688.423     5.978     0.972
  1688.522     5.978     1.072
  1688.825     5.978     1.072
  1688.925     6.029     1.123
  1689.026     6.131     1.123
  1689.128     6.182     1.123
  1689.228     6.182     1.123
  1689.329     6.233     1.173
  1951.752     6.233     1.173
  1951.851     6.182     1.173
  1951.954     6.131     1.173
  1954.467     6.131     1.173
  1954.568     6.080     1.173
  1956.581     6.080     1.173
  1956.681     6.029     1.173
  1956.783     5.978     1.173
  1963.324     5.978     1.173
  1963.425     5.826     1.223
  1963.526     5.774     1.273
  1970.468     5.774     1.273
  1970.570     5.724     1.273
  1970.770     5.724     1.273
  1970.872     5.673     1.273
  2610.037     5.673     1.273
  2610.139     5.774     1.273
  2614.062     5.774     1.273
  2614.163     5.826     1.273
  2614.264     5.877     1.273
  2614.566     5.877     1.273
  2614.668     5.877     1.173
  2614.767     5.877     1.173
  2614.868     5.877     1.072
  2614.969     5.877     1.072
  2615.069     5.877     1.022
  2615.170     5.927     1.022
  2615.270     5.978     1.022
  2615.371     5.978     0.972
  2615.472     6.029     0.972
  2615.572     6.080     0.972
  2616.076     6.080     0.972
  2616.177     6.182     0.972
  2616.276     6.335     0.972
  2620.703     6.335     0.972
  2620.804     6.335     1.022
  2621.206     6.335     1.022
  2621.306     6.335     1.123
  2621.407     6.385     1.223
  2621.508     6.488     1.273
  2621.608     6.488     1.324
  2621.709     6.538     1.374
  2621.809     6.590     1.425
  2621.910     6.640     1.475
  2624.124     6.640     1.475
  2624.225     6.640     1.374
  2624.325     6.590     1.273
  2624.426     6.538     1.173
  2624.526     6.488     1.072
  2624.627     6.385     1.022
  2624.728     6.335     0.972
  2624.844     6.284     0.871
  2624.944     6.284     0.871
  2625.046     6.284     0.821
  2626.151     6.284     0.821
  2626.252     6.284     0.871
  2626.857     6.284     0.871
  2626.958     6.284     0.972
  2627.158     6.284     0.972
  2627.259     6.385     0.972
  2627.359     6.385     1.022
  2627.460     6.385     1.022
  2627.560     6.488     1.123
  2627.662     6.488     1.273
  2627.762     6.488     1.273
  2627.862     6.488     1.374
  2627.964     6.488     1.425
  2628.064     6.538     1.475
  2628.164     6.538     1.576
  2628.265     6.691     1.676
  2628.365     6.691     1.727
  2628.466     6.742     1.727
  2629.171     6.742     1.727
  2629.271     6.793     1.727
  2629.675     6.793     1.727
  2629.775     6.844     1.727
  2629.876     6.844     1.777
  2629.976     6.844     1.828
  2630.077     6.844     1.828
  2630.177     6.844     1.878
  2631.585     6.844     1.878
  2631.686     6.844     1.978
  2632.290     6.844     1.978
  2632.392     6.844     2.079
  2634.202     6.844     2.079
  2634.303     6.895     2.129
  2634.403     6.895     2.230
  2634.605     6.895     2.230
  2634.706     6.945     2.230
  2637.225     6.945     2.230
  2637.324     6.895     2.129
  2637.426     6.844     2.129
  2637.525     6.793     2.029
  2637.627     6.691     1.978
  2637.726     6.590     1.878
  2637.828     6.538     1.777
  2637.929     6.385     1.676
  2638.029     6.233     1.525
  2638.130     6.131     1.425
  2638.230     6.131     1.374
  2638.331     6.131     1.324
  2638.432     6.131     1.324
  2638.531     6.131     1.223
  2638.634     6.131     1.072
  2638.734     6.080     1.022
  2640.443     6.080     1.022
  2640.545     6.131     1.022
  2640.645     6.182     1.022
  2640.746     6.182     1.022
  2640.846     6.233     1.022
  2641.250     6.233     1.022
  2641.350     6.284     1.022
  2641.451     6.284     1.022
  2641.552     6.284     0.972
  2641.753     6.284     0.972
  2641.852     6.284     0.922
  2641.954     6.284     0.821
  2642.055     6.284     0.770
  2642.256     6.284     0.770
  2642.355     6.385     0.770
  2642.456     6.437     0.770
  2642.558     6.488     0.770
  2645.677     6.488     0.770
  2645.776     6.538     0.770
  2645.877     6.538     0.770
  2645.977     6.538     0.720
  2646.078     6.538     0.670
  2646.178     6.538     0.670
  2646.279     6.538     0.619
  2646.381     6.538     0.569
  2646.480     6.538     0.569
  2646.582     6.590     0.569
  2646.683     6.691     0.569
  2646.783     6.793     0.569
  2647.286     6.793     0.569
  2647.386     6.945     0.569
  2647.486     7.048     0.569
  2647.789     7.048     0.569
  2647.890     7.149     0.569
  2647.991     7.302     0.569
  2648.091     7.404     0.569
  2648.190     7.506     0.569
  2648.291     7.608     0.569
  2648.694     7.608     0.569
  2648.796     7.710     0.569
  2648.894     7.863     0.569
  2648.996     7.913     0.569
  2649.097     8.015     0.569
  2649.196     8.066     0.569
  2651.209     8.066     0.569
  2651.309     8.117     0.569
  2651.410     8.219     0.569
  2651.612     8.219     0.569
  2651.713     8.372     0.569
  2651.813     8.423     0.569
  2652.115     8.423     0.569
  2652.216     8.474     0.619
  2652.618     8.474     0.619
  2652.720     8.576     0.619
  2652.820     8.626     0.619
  2652.920     8.677     0.619
  2653.021     8.779     0.670
  2654.026     8.779     0.670
  2654.128     8.881     0.670
  2654.328     8.881     0.670
  2654.430     8.932     0.670
  2654.530     8.983     0.670
  2654.631     8.983     0.720
  2654.731     9.085     0.821
  2656.945     9.085     0.821
  2657.045     9.187     0.922
  2657.145     9.187     0.922
  2657.246     9.187     0.972
  2657.347     9.187     1.022
  2657.447     9.237     1.123
  2657.548     9.340     1.123
  2666.000     9.340     1.123
  2666.101     9.441     1.123
  2667.512     9.441     1.123
  2667.612     9.441     1.173
  2667.814     9.441     1.173
  2667.915     9.492     1.173
  2668.419     9.492     1.173
  2668.518     9.543     1.173
  2668.922     9.543     1.173
  2669.021     9.594     1.173
  2696.011     9.594     1.173
  2696.111     9.645     1.273
  2696.212     9.696     1.324
  2696.515     9.696     1.324
  2696.615     9.696     1.374
  2696.917     9.696     1.374
  2697.018     9.696     1.475
  2721.770     9.696     1.475
  2721.872     9.696     1.374
  2721.973     9.696     1.374
  2722.072     9.645     1.324
  2722.173     9.645     1.273
  2739.283     9.645     1.273
  2739.384     9.645     1.173
  2739.484     9.594     0.972
  2739.584     9.492     0.871
  2739.686     9.441     0.871
  2753.371     9.441     0.871
  2753.473     9.441     0.972
  2753.674     9.441     0.972
  2753.774     9.492     0.972
  2753.876     9.492     1.072
  2753.976     9.492     1.072
  2754.076     9.543     1.072
  2754.681     9.543     1.072
  2754.782     9.543     1.123
  2754.883     9.543     1.223
  2762.154     9.543     1.223
  2762.255     9.492     1.223
  2762.356     9.492     1.223
  2762.456     9.441     1.223
  2762.558     9.390     1.223
  2773.624     9.390     1.223
  2773.725     9.390     1.273
  2773.825     9.441     1.374
  2773.926     9.492     1.475
  2774.027     9.594     1.475
  2774.330     9.594     1.475
  2774.430     9.594     1.525
  2776.243     9.594     1.525
  2776.342     9.543     1.525
  2776.442     9.441     1.525
  2776.543     9.340     1.425
  2776.644     9.288     1.425
  2776.844     9.288     1.425
  2776.946     9.288     1.374
  2790.730     9.288     1.374
  2790.831     9.288     1.525
  2790.931     9.288     1.576
  2814.884     9.288     1.576
  2814.985     9.390     1.676
  2815.287     9.390     1.676
  2815.388     9.492     1.676
  2820.720     9.492     1.676
  2820.821     9.543     1.676
  2821.023     9.543     1.676
  2821.123     9.645     1.676
  2821.827     9.645     1.676
  2821.927     9.645     1.576
  2822.129     9.645     1.576
  2822.229     9.594     1.525
  2822.331     9.543     1.525
  2822.430     9.390     1.525
  2822.531     9.340     1.525
  2823.034     9.340     1.525
  2823.135     9.288     1.525
  2839.042     9.288     1.525
  2839.142     9.390     1.576
  2839.243     9.390     1.626
  2839.343     9.441     1.626
  2839.444     9.492     1.626
  2840.047     9.492     1.626
  2840.148     9.492     1.576
  2840.249     9.441     1.475
  2840.349     9.340     1.475
  2840.451     9.288     1.425
  2840.550     9.187     1.374
  2845.482     9.187     1.374
  2845.582     9.187     1.425
  2845.785     9.187     1.425
  2845.885     9.187     1.475
  2845.986     9.288     1.525
  2846.086     9.390     1.576
  2846.187     9.441     1.576
  2846.288     9.492     1.576
  2846.388     9.543     1.576
  2852.427     9.543     1.576
  2852.529     9.645     1.626
  2873.460     9.645     1.626
  2873.562     9.696     1.777
  2881.917     9.696     1.777
  2882.017     9.645     1.777
  2882.118     9.594     1.777
  2882.218     9.594     1.777
  2882.319     9.492     1.676
  2882.420     9.492     1.676
  2882.519     9.492     1.626
  2882.621     9.492     1.576
  2893.793     9.492     1.576
  2893.893     9.543     1.576
  2893.995     9.645     1.576
  2894.094     9.645     1.576
  2894.196     9.645     1.626
  2894.397     9.645     1.626
  2894.498     9.543     1.626
  2894.597     9.340     1.576
  2894.798     9.340     1.576
  2894.899     9.288     1.576
  2895.000     9.136     1.727
  2895.100     9.085     1.727
  2897.315     9.085     1.727
  2897.416     9.034     1.727
  2897.516     8.983     1.727
  2897.616     8.932     1.727
  2899.629     8.932     1.727
  2899.730     8.932     1.676
  2899.831     8.983     1.576
  2899.930     8.983     1.475
  2900.032     8.983     1.475
  2900.132     8.983     1.374
  2900.233     8.983     1.374
  2900.343     8.983     1.324
  2900.444     8.983     1.324
  2900.544     9.085     1.273
  2901.452     9.085     1.273
  2901.552     9.136     1.273
  2901.652     9.136     1.273
  2901.753     9.237     1.374
  2901.854     9.340     1.425
  2901.955     9.340     1.475
  2903.564     9.340     1.475
  2903.664     9.441     1.525
  2928.117     9.441     1.525
  2928.218     9.441     1.475
  2928.319     9.390     1.425
  2928.721     9.390     1.425
  2928.822     9.340     1.374
  2943.614     9.340     1.374
  2943.714     9.441     1.374
  2943.815     9.441     1.425
  2943.917     9.441     1.425
  2944.017     9.543     1.425
  2944.118     9.645     1.425
  2945.024     9.645     1.425
  2945.125     9.543     1.425
  2945.225     9.441     1.425
  2945.326     9.390     1.425
  2945.425     9.340     1.425
  2952.281     9.340     1.425
  2952.380     9.390     1.425
  2952.507     9.390     1.425
  2952.586     9.441     1.425
  2967.489     9.441     1.425
  2967.588     9.390     1.425
  2967.690     9.288     1.425
  2967.790     9.237     1.475
  2967.890     9.187     1.475
  2967.991     9.136     1.475
  2968.496     9.136     1.475
  2968.595     9.136     1.626
  2968.697     9.085     1.727
  2974.432     9.085     1.727
  2974.533     9.187     1.727
  2974.632     9.187     1.727
  2974.734     9.288     1.727
  2974.835     9.340     1.727
  2974.936     9.390     1.727
  3008.557     9.390     1.727
  3008.657     9.441     1.727
  3008.758     9.492     1.727
  3009.060     9.492     1.727
  3009.161     9.594     1.727
  3009.261     9.645     1.727
  3023.249     9.645     1.727
  3023.348     9.594     1.727
  3023.449     9.543     1.727
  3023.851     9.543     1.727
  3023.952     9.492     1.727
  3024.052     9.441     1.727
  3024.354     9.441     1.727
  3024.455     9.390     1.727
  3024.555     9.340     1.727
  3024.656     9.237     1.727
  3038.243     9.237     1.727
  3038.342     9.288     1.727
  3038.443     9.340     1.727
  3038.845     9.340     1.727
  3038.946     9.390     1.727
  3054.745     9.390     1.727
  3054.844     9.390     1.374
  3054.946     9.390     1.223
  3055.147     9.390     1.223
  3055.248     9.340     1.223
  3055.349     9.187     1.273
  3055.651     9.187     1.273
  3055.752     9.136     1.324
  3056.256     9.136     1.324
  3056.356     9.237     1.475
  3061.286     9.237     1.475
  3061.386     9.136     1.475
  3066.015     9.136     1.475
  3066.116     9.136     1.425
  3066.317     9.136     1.425
  3066.418     9.187     1.425
  3067.223     9.187     1.425
  3067.324     9.237     1.425
  3069.434     9.237     1.425
  3069.536     9.288     1.425
  3085.391     9.288     1.425
  3085.493     9.441     1.475
  3085.593     9.441     1.525
  3095.501     9.441     1.525
  3095.601     9.543     1.525
  3095.702     9.696     1.576
  3095.803     9.696     1.576
  3095.904     9.747     1.576
  3097.515     9.747     1.576
  3097.615     9.849     1.676
  3097.715    10.001     1.727
  3114.607    10.001     1.727
  3114.708     9.849     1.727
  3114.809     9.747     1.727
  3114.909     9.747     1.727
  3115.009    10.154     1.727
  3115.110    10.154     1.727
  3115.210    10.256     1.727
  3115.312    10.358     1.727
  3115.412    10.409     1.727
  3115.613    10.409     1.727
  3115.714    10.409     1.676
  3117.928    10.409     1.676
  3118.028    10.460     1.676
  3119.236    10.460     1.676
  3119.337    10.511     1.676
  3119.439    10.511     1.676
  3119.539    10.562     1.676
  3119.640    10.612     1.626
  3120.041    10.612     1.626
  3120.142    10.663     1.626
  3121.753    10.663     1.626
  3121.853    10.715     1.626
  3136.952    10.715     1.626
  3137.052    10.612     1.626
  3198.509    10.612     1.626
  3198.610    10.715     1.727
  3203.440    10.715     1.727
  3203.541    10.765     1.676
  3203.641    10.765     1.626
  3204.245    10.765     1.626
  3204.345    10.816     1.626
  3204.447    10.867     1.626
  3205.855    10.867     1.626
  3205.955    10.867     1.676
  3206.056    10.867     1.727
  3206.157    10.867     1.828
  3206.459    10.867     1.828
  3206.559    10.867     1.878
  3207.264    10.867     1.878
  3207.365    10.765     1.878
  3207.465    10.715     1.878
  3208.472    10.715     1.878
  3208.572    10.715     1.928
  3208.974    10.715     1.928
  3209.075    10.562     1.928
  3209.175    10.358     1.878
  3209.277    10.307     1.878
  3209.378    10.307     1.777
  3209.479    10.307     1.676
  3209.579    10.307     1.576
  3209.680    10.307     1.475
  3214.207    10.307     1.475
  3214.310    10.307     1.525
  3214.411    10.307     1.525
  3214.510    10.307     1.626
  3214.611    10.307     1.626
  3214.711    10.307     1.727
  3214.812    10.307     1.777
  3219.038    10.307     1.777
  3219.139    10.409     1.878
  3219.240    10.460     2.029
  3219.339    10.460     2.029
  3219.441    10.460     2.180
  3219.541    10.460     2.180
  3219.643    10.460     2.230
  3221.553    10.460     2.230
  3221.654    10.562     2.280
  3221.754    10.715     2.331
  3222.962    10.715     2.331
  3223.064    10.765     2.331
  3223.164    10.816     2.331
  3223.265    10.918     2.331
  3223.366    10.918     2.381
  3227.692    10.918     2.381
  3227.792    10.918     2.481
  3227.894    10.918     2.632
  3227.995    10.918     2.683
  3228.096    10.918     2.733
  3228.297    10.918     2.733
  3228.398    10.918     2.783
  3228.498    10.816     2.834
  3228.599    10.765     2.884
  3229.303    10.765     2.884
  3229.404    10.715     2.884
  3229.503    10.663     2.783
  3229.605    10.612     2.683
  3229.705    10.612     2.582
  3229.806    10.562     2.532
  3229.907    10.511     2.481
  3230.007    10.460     2.481
  3230.107    10.409     2.431
  3230.209    10.358     2.331
  3230.310    10.358     2.331
  3230.411    10.358     2.280
  3230.510    10.358     2.280
  3230.610    10.358     2.230
  3235.845    10.358     2.230
  3235.946    10.256     2.230
  3236.247    10.256     2.230
  3236.348    10.205     2.180
  3236.449    10.205     2.129
  3236.549    10.154     2.079
  3245.709    10.154     2.079
  3245.810    10.104     2.079
  3246.011    10.104     2.079
  3246.112    10.104     1.978
  3246.314    10.104     1.978
  3246.413    10.104     1.878
  3257.895    10.104     1.878
  3257.997    10.154     1.878
  3258.097    10.154     1.878
  3258.198    10.205     1.878
  3258.298    10.256     1.777
  3258.399    10.307     1.777
  3258.499    10.307     1.727
  3258.599    10.307     1.727
  3258.701    10.358     1.727
  3259.705    10.358     1.727
  3259.806    10.358     1.676
  3260.007    10.358     1.676
  3260.110    10.409     1.676
  3260.210    10.511     1.676
  3260.311    10.562     1.676
  3260.412    10.612     1.676
  3260.512    10.663     1.676
  3260.712    10.663     1.676
  3260.813    10.663     1.727
  3260.914    10.663     1.777
  3261.015    10.663     1.828
  3263.128    10.663     1.828
  3263.229    10.612     1.828
  3263.330    10.612     1.878
  3263.430    10.562     1.878
  3263.932    10.562     1.878
  3264.033    10.511     1.928
  3272.183    10.511     1.928
  3272.285    10.562     1.928
  3272.385    10.562     1.928
  3272.486    10.663     1.978
  3272.585    10.765     1.978
  3272.686    10.816     1.978
  3272.787    10.867     1.978
  3272.887    10.867     1.978
  3272.988    10.867     1.928
  3273.088    10.867     1.878
  3273.191    10.867     1.828
  3273.291    10.867     1.777
  3273.493    10.867     1.777
  3273.593    10.918     1.777
  3273.693    10.918     1.777
  3273.793    10.969     1.777
  3285.266    10.969     1.777
  3285.368    10.969     1.878
  3285.870    10.969     1.878
  3285.970    10.918     1.878
  3286.072    10.867     1.878
  3286.172    10.816     1.928
  3286.273    10.765     2.029
  3286.373    10.765     2.029
  3286.474    10.765     2.079
  3286.574    10.765     2.079
  3286.674    10.715     2.079
  3286.775    10.663     2.129
  3287.077    10.663     2.129
  3287.178    10.612     2.180
  3287.278    10.612     2.230
  3287.378    10.562     2.230
  3287.681    10.562     2.230
  3287.781    10.511     2.280
  3287.882    10.460     2.280
  3287.982    10.460     2.331
  3311.144    10.460     2.331
  3311.244    10.612     2.331
  3311.344    10.663     2.331
  3311.446    10.663     2.331
  3311.547    10.663     2.280
  3311.648    10.663     2.230
  3312.050    10.663     2.230
  3312.152    10.663     2.180
  3322.716    10.663     2.180
  3322.817    10.663     2.230
  3322.917    10.663     2.230
  3323.018    10.663     2.280
  3323.120    10.715     2.331
  3323.219    10.765     2.331
  3323.321    10.765     2.381
  3323.420    10.765     2.431
  3323.521    10.765     2.481
  3324.830    10.765     2.481
  3324.930    10.663     2.481
  3325.032    10.562     2.381
  3325.736    10.562     2.381
  3325.836    10.562     2.331
  3325.938    10.562     2.280
  3326.240    10.562     2.280
  3326.341    10.511     2.230
  3326.442    10.511     2.180
  3326.541    10.460     2.129
  3326.642    10.358     2.079
  3326.743    10.307     2.079
  3326.844    10.256     2.079
  3327.648    10.256     2.079
  3327.748    10.205     2.079
  3327.849    10.154     2.079
  3333.083    10.154     2.079
  3333.184    10.052     2.079
  3333.285    10.052     2.079
  3333.385    10.001     2.079
  3333.486     9.951     2.079
  3333.686     9.951     2.079
  3333.787     9.849     2.079
  3334.190     9.849     2.079
  3334.291     9.747     2.129
  3334.793     9.747     2.129
  3334.894     9.849     2.481
  3334.995     9.849     2.532
  3335.597     9.849     2.532
  3335.698     9.849     2.582
  3336.000     9.849     2.582
  3336.101     9.899     2.582
  3337.006     9.899     2.582
  3337.107    10.001     2.733
  3337.208    10.001     2.733
  3337.308    10.052     2.783
  3337.409    10.154     2.834
  3339.321    10.154     2.834
  3339.422    10.154     2.783
  3340.125    10.154     2.783
  3340.226    10.205     2.834
  3340.930    10.205     2.834
  3341.032    10.205     2.733
  3341.132    10.205     2.733
  3341.232    10.205     2.632
  3341.333    10.154     2.532
  3341.433    10.154     2.481
  3341.534    10.104     2.431
  3341.735    10.104     2.431
  3341.836    10.104     2.331
  3342.842    10.104     2.331
  3342.942    10.104     2.280
  3343.647    10.104     2.280
  3343.748    10.052     2.280
  3343.848     9.951     2.280
  3344.050     9.951     2.280
  3344.151     9.849     2.180
  3344.251     9.798     2.029
  3344.352     9.747     1.978
  3344.453     9.696     1.978
  3344.855     9.696     1.978
  3344.956     9.696     2.079
  3345.056     9.696     2.230
  3345.157     9.696     2.280
  3345.258     9.696     2.280
  3345.359     9.798     2.280
  3345.458     9.849     2.381
  3345.559     9.899     2.431
  3345.661     9.951     2.481
  3345.760    10.001     2.532
  3345.861    10.052     2.532
  3349.484    10.052     2.532
  3349.584    10.154     2.582
  3349.685    10.154     2.632
  3349.987    10.154     2.632
  3350.088    10.256     2.683
  3350.189    10.358     2.683
  3350.290    10.409     2.683
  3350.388    10.562     2.683
  3350.489    10.562     2.733
  3351.496    10.562     2.733
  3351.597    10.612     2.733
  3351.698    10.663     2.733
  3390.643    10.663     2.733
  3390.744    10.765     2.733
  3446.392    10.765     2.733
  3446.492    10.765     2.934
  3450.338    10.765     2.934
  3450.439    10.765     2.884
  3450.539    10.765     2.733
  3450.639    10.765     2.632
  3450.740    10.765     2.582
  3450.841    10.715     2.532
  3450.942    10.715     2.481
  3452.754    10.715     2.481
  3452.855    10.663     2.481
  3452.956    10.612     2.481
  3453.057    10.562     2.481
  3498.842    10.562     2.481
  3498.942    10.612     2.481
  3499.446    10.612     2.481
  3499.545    10.715     2.481
  3499.646    10.715     2.481
  3499.749    10.765     2.481
  3500.051    10.765     2.481
  3500.152    10.816     2.481
  3500.252    10.969     2.481
  4086.530    10.969     2.481
  4086.630    10.918     2.481
  4086.730    10.918     2.481
  4086.831    10.867     2.481
  4086.932    10.765     2.431
  4087.033    10.715     2.431
  4087.133    10.612     2.431
  4099.834    10.612     2.431
  4099.934    10.460     2.431
  4100.035    10.409     2.431
  4104.463    10.409     2.431
  4104.564    10.409     2.481
  4104.665    10.409     2.532
  4104.766    10.409     2.532
  4104.867    10.511     2.532
  4104.967    10.562     2.532
  4105.068    10.612     2.532
  4105.170    10.715     2.582
  4107.182    10.715     2.582
  4107.283    10.715     2.683
  4107.684    10.715     2.683
  4107.785    10.765     2.783
  4108.087    10.765     2.783
  4108.190    10.765     2.884
  4109.196    10.765     2.884
  4109.296    10.765     2.985
  4109.398    10.765     3.035
  4136.167    10.765     3.035
  4136.266    10.816     3.085
  4136.367    10.867     3.136
  4136.468    10.918     3.136
  4137.374    10.918     3.136
  4137.473    10.969     3.136
  4139.085    10.969     3.136
  4139.186    11.071     3.136
  4148.452    11.071     3.136
  4148.553    10.867     3.136
  4148.654    10.816     3.136
  4148.755    10.816     3.136
  4148.855    10.765     3.136
  4148.955    10.715     3.136
  4149.056    10.562     3.136
  4149.157    10.511     3.136
  4151.370    10.511     3.136
  4151.470    10.663     3.286
  4151.875    10.663     3.286
  4151.975    10.765     3.286
  4152.076    10.867     3.286
  4152.175    10.867     3.286
  4152.277    10.918     3.286
  4164.051    10.918     3.286
  4164.154    10.816     3.286
  4164.255    10.765     3.286
  4164.354    10.715     3.286
  4164.455    10.715     3.236
  4164.555    10.715     3.186
  4164.656    10.663     3.186
  4164.756    10.663     3.186
  4164.858    10.663     3.136
  4164.959    10.562     3.136
  4170.089    10.562     3.136
  4170.191    10.460     3.136
  4170.391    10.460     3.136
  4170.492    10.409     3.136
  4170.592    10.358     3.186
  4170.693    10.358     3.236
  4170.794    10.307     3.286
  4172.505    10.307     3.286
  4172.605    10.409     3.337
  4172.807    10.409     3.337
  4172.907    10.460     3.337
  4173.007    10.511     3.337
  4173.108    10.612     3.337
  4173.209    10.715     3.337
  4173.310    10.765     3.337
  4173.612    10.765     3.337
  4173.713    10.867     3.337
  4173.813    10.918     3.337
  4173.914    11.020     3.337
  4174.014    11.071     3.337
  4175.422    11.071     3.337
  4175.523    11.275     3.437
  4181.360    11.275     3.437
  4181.460    11.275     3.387
  4181.561    11.275     3.286
  4181.662    11.223     3.236
  4181.762    11.173     3.136
  4181.869    11.122     3.035
  4181.969    11.071     2.934
  4182.070    11.071     2.834
  4182.171    10.969     2.733
  4182.271    10.969     2.582
  4182.372    10.969     2.532
  4182.471    10.969     2.481
  4189.317    10.969     2.481
  4189.416    10.969     2.532
  4189.618    10.969     2.532
  4189.717    10.969     2.632
  4189.819    11.020     2.683
  4189.920    11.122     2.733
  4190.020    11.122     2.783
  4190.122    11.326     2.783
  4190.220    11.427     2.834
  4190.421    11.427     2.834
  4190.522    11.427     2.934
  4190.724    11.427     2.934
  4190.825    11.427     2.985
  4191.430    11.427     2.985
  4191.531    11.427     3.035
  4193.544    11.427     3.035
  4193.644    11.326     3.035
  4193.745    11.275     3.035
  4193.845    11.173     3.035
  4193.946    11.020     2.934
  4194.047    11.020     2.884
  4194.147    10.969     2.834
  4196.161    10.969     2.834
  4196.261    10.918     2.834
  4196.361    10.816     2.834
  4196.462    10.715     2.834
  4196.562    10.715     2.834
  4196.663    10.663     2.783
  4196.762    10.663     2.733
  4196.865    10.663     2.733
  4196.964    10.612     2.683
  4199.582    10.612     2.683
  4199.683    10.663     2.683
  4199.784    10.715     2.683
  4203.304    10.715     2.683
  4203.405    10.765     2.683
  4203.707    10.765     2.683
  4203.808    10.765     2.884
  4203.910    10.765     2.884
  4204.009    10.765     2.934
  4208.739    10.765     2.934
  4208.840    10.562     3.136
  4208.941    10.562     3.437
  4209.142    10.562     3.437
  4209.243    10.663     3.437
  4209.343    10.663     3.437
  4209.444    10.816     3.437
  4209.545    10.816     3.488
  4209.644    10.816     3.488
  4209.746    10.816     3.538
  4214.879    10.816     3.538
  4214.979    10.715     3.589
  4215.079    10.663     3.639
  4220.009    10.663     3.639
  4220.110    10.562     3.639
  4220.210    10.511     3.589
  4220.311    10.409     3.538
  4220.411    10.358     3.437
  4220.512    10.307     3.236
  4220.613    10.307     3.085
  4220.714    10.256     2.934
  4220.814    10.256     2.783
  4220.915    10.307     2.733
  4221.015    10.307     2.532
  4221.116    10.307     2.532
  4221.215    10.358     2.481
  4221.318    10.409     2.481
  4221.720    10.409     2.481
  4221.821    10.460     2.481
  4221.922    10.460     2.481
  4222.022    10.460     2.431
  4222.123    10.460     2.381
  4223.429    10.460     2.381
  4223.531    10.460     2.280
  4224.336    10.460     2.280
  4224.437    10.460     2.230
  4224.538    10.460     2.180
  4224.638    10.511     2.180
  4224.739    10.562     2.180
  4225.343    10.562     2.180
  4225.442    10.562     2.381
  4225.544    10.562     2.532
  4225.644    10.562     2.582
  4225.745    10.562     2.632
  4225.845    10.612     2.632
  4225.946    10.612     2.683
  4226.047    10.663     2.683
  4226.148    10.715     2.733
  4226.249    10.765     2.783
  4226.349    10.765     2.934
  4226.450    10.765     3.035
  4226.551    10.765     3.035
  4226.652    10.765     3.136
  4226.753    10.765     3.337
  4226.853    10.816     3.337
  4226.954    10.867     3.337
  4227.054    10.969     3.337
  4227.356    10.969     3.337
  4227.457    11.223     3.387
  4227.557    11.326     3.387
  4227.859    11.326     3.387
  4227.960    11.326     3.437
  4228.060    11.376     3.437
  4228.664    11.376     3.437
  4228.776    11.427     3.488
  4228.977    11.427     3.488
  4229.078    11.427     3.538
  4229.883    11.427     3.538
  4229.985    11.580     3.639
  4230.085    11.580     3.639
  4230.186    11.631     3.639
  4231.593    11.631     3.639
  4231.695    11.631     3.689
  4231.895    11.631     3.689
  4231.997    11.631     3.740
  4232.097    11.631     3.740
  4232.199    11.682     3.740
  4232.299    11.733     3.740
  4232.500    11.733     3.740
  4232.600    11.834     3.740
  4232.702    11.886     3.740
  4232.801    11.937     3.740
  4256.449    11.937     3.740
  4256.549    11.937     3.840
  4256.851    11.937     3.840
  4256.952    11.937     3.891
  4257.052    11.987     3.891
  4257.153    12.038     3.891
  4257.254    12.038     3.991
  4280.301    12.038     3.991
  4280.402    12.089     4.092
  4280.502    12.089     4.142
  4280.602    12.089     4.192
  4280.704    12.089     4.192
  4280.803    12.089     4.243
  4282.010    12.089     4.243
  4282.112    12.089     4.293
  4283.320    12.089     4.293
  4283.420    12.089     4.243
  4283.521    12.089     4.192
  4283.621    12.089     4.092
  4283.722    12.089     4.092
  4283.823    12.089     3.941
  4283.924    12.038     3.891
  4284.024    12.038     3.840
  4284.125    11.987     3.790
  4284.225    11.834     3.790
  4284.325    11.834     3.790
  4284.426    11.784     3.790
  4298.325    11.784     3.790
  4298.425    11.580     3.538
  4298.525    11.580     3.437
  4298.627    11.478     3.337
  4298.727    11.275     3.085
  4298.828    10.918     2.783
  4298.928    10.663     2.632
  4299.030    10.511     2.431
  4299.130    10.307     2.331
  4299.230    10.104     2.230
  4299.331     9.951     2.129
  4299.532     9.951     2.129
  4299.633    10.001     2.280
  4299.733    10.001     2.381
  4299.835    10.001     2.582
  4299.935    10.001     2.632
  4300.236    10.001     2.632
  4300.336     9.849     2.632
  4300.437     9.492     2.632
  4300.940     9.492     2.632
  4301.042     9.288     2.632
  4301.142     9.288     2.632
  4301.244     9.288     2.582
  4301.343     9.237     2.532
  4301.444     9.237     2.481
  4301.545     8.983     2.280
  4301.645     8.881     2.079
  4301.746     8.779     1.928
  4301.846     8.626     1.878
  4301.947     8.423     1.878
  4302.048     8.219     1.878
  4302.148     8.066     1.878
  4302.250     7.965     1.878
  4302.349     7.812     1.878
  4302.450     7.659     1.878
  4302.550     7.557     1.828
  4302.651     7.353     1.727
  4302.752     7.302     1.727
  4304.463     7.302     1.727
  4304.563     7.200     1.676
  4304.664     6.945     1.676
  4304.866     6.945     1.676
  4304.966     6.742     1.676
  4305.066     6.691     1.676
  4305.168     6.538     1.676
  4305.268     6.284     1.676
  4305.368     5.978     1.676
  4305.469     5.673     1.676
  4305.569     5.469     1.676
  4305.670     5.266     1.676
  4305.770     5.163     1.676
  4305.871     5.011     1.676
  4305.971     4.960     1.676
  4306.074     4.756     1.676
  4306.175     4.655     1.626
  4306.276     4.655     1.525
  4306.376     4.655     1.374
  4307.683     4.655     1.374
  4307.784     4.399     1.374
  4307.985     4.399     1.374
  4308.086     4.196     1.374
  4308.187     3.891     1.374
  4308.311     3.534     1.374
  4308.387     3.381     1.374
  4308.488     3.280     1.475
  4308.590     3.127     1.576
  4308.690     3.075     1.626
  4309.999     3.075     1.626
  4310.098     3.177     1.626
  4310.300     3.177     1.626
  4310.400     3.177     1.525
  4310.501     3.177     1.475
  4313.318     3.177     1.475
  4313.419     3.280     1.475
  4313.520     3.432     1.425
  4313.621     3.483     1.374
  4313.722     3.483     1.324
  4313.822     3.483     1.273
  4313.924     3.483     1.223
  4314.023     3.483     1.173
  4314.125     3.483     1.123
  4314.425     3.483     1.123
  4314.527     3.534     1.173
  4314.628     3.534     1.223
  4314.728     3.534     1.273
  4314.828     3.585     1.374
  4314.928     3.636     1.425
  4315.030     3.687     1.475
  4315.130     3.738     1.525
  4315.230     3.788     1.525
  4316.037     3.788     1.525
  4316.137     3.992     1.525
  4316.238     4.094     1.525
  4317.244     4.094     1.525
  4317.344     4.603     1.525
  4317.446     4.756     1.525
  4317.546     5.113     1.525
  4317.646     5.266     1.525
  4317.748     5.520     1.525
  4317.848     5.571     1.525
  4318.351     5.571     1.525
  4318.451     5.622     1.525
  4318.552     5.673     1.525
  4318.654     5.877     1.576
  4318.754     6.182     1.576
  4318.855     6.284     1.576
  4318.956     6.335     1.576
  4319.056     6.385     1.576
  4319.357     6.385     1.576
  4319.459     6.538     1.576
  4319.559     6.640     1.576
  4319.660     6.691     1.576
  4320.062     6.691     1.576
  4320.163     6.793     1.475
  4320.263     6.844     1.425
  4320.363     6.844     1.374
  4320.464     6.844     1.223
  4320.565     6.844     1.173
  4332.338     6.844     1.173
  4332.438     6.844     1.223
  4332.540     6.844     1.223
  4332.639     6.895     1.273
  4332.740     6.997     1.324
  4332.842     7.048     1.374
  4332.942     7.098     1.374
  4338.881     7.098     1.374
  4338.981     7.048     1.374
  4339.081     7.048     1.273
  4339.181     6.997     1.173
  4339.282     6.997     0.871
  4339.383     6.997     0.770
  4339.483     6.945     0.670
  4339.584     6.945     0.670
  4339.684     7.098     0.670
  4339.785     7.302     0.670
  4339.885     7.353     0.670
  4341.400     7.353     0.670
  4341.501     7.608     0.468
  4341.601     7.710     0.368
  4341.702     7.710     0.368
  4341.803     7.863     0.368
  4341.903     7.965     0.267
  4342.305     7.965     0.267
  4342.406     8.015     0.267
  4342.507     8.117     0.267
  4342.909     8.117     0.267
  4343.011     8.168     0.267
  4343.111     8.219     0.267
  4343.313     8.219     0.267
  4343.413     8.270     0.267
  4343.513     8.524     0.267
  4348.847     8.524     0.267
  4348.948     8.474     0.267
  4349.049     8.423     0.267
  4349.148     8.372     0.267
  4350.255     8.372     0.267
  4350.356     8.372     0.418
  4350.557     8.372     0.418
  4350.658     8.728     0.519
  4350.760     8.881     0.569
  4350.860     8.983     0.569
  4350.960     9.085     0.670
  4351.061     9.187     0.770
  4351.161     9.288     0.821
  4351.262     9.340     0.972
  4351.362     9.492     1.022
  4351.463     9.543     1.072
  4351.563     9.543     1.072
  4351.664     9.594     1.173
  4351.764     9.696     1.223
  4351.866     9.747     1.273
  4351.966     9.849     1.324
  4352.067     9.951     1.374
  4352.168    10.001     1.425
  4352.267    10.001     1.475
  4352.368    10.104     1.576
  4352.468    10.154     1.676
  4352.570    10.205     1.727
  4352.670    10.256     1.777
  4352.771    10.307     1.828
  4352.872    10.307     1.828
  4352.972    10.358     1.928
  4353.577    10.358     1.928
  4353.676    10.358     1.978
  4353.777    10.409     2.029
  4353.879    10.409     2.129
  4353.979    10.460     2.431
  4354.080    10.511     2.582
  4361.929    10.511     2.582
  4362.030    10.612     2.632
  4362.130    10.715     2.632
  4362.231    10.765     2.683
  4362.332    10.816     2.683
  4362.431    10.867     2.733
  4362.533    10.867     2.783
  4362.634    10.867     2.884
  4362.734    10.867     2.934
  4362.835    10.969     2.985
  4362.935    10.969     3.035
  4363.037    10.969     3.085
  4363.136    10.969     3.136
  4363.238    11.071     3.186
  4363.338    11.122     3.186
  4363.439    11.173     3.236
  4364.344    11.173     3.236
  4364.444    11.223     3.236
  4364.646    11.223     3.236
  4364.747    11.223     3.337
  4364.847    11.223     3.387
  4364.948    11.223     3.488
  4365.049    11.326     3.639
  4365.150    11.427     3.639
  4365.250    11.478     3.639
  4365.350    11.529     3.639
  4367.061    11.529     3.639
  4367.162    11.580     3.639
  4367.262    11.631     3.639
  4367.364    11.631     3.437
  4368.270    11.631     3.437
  4368.371    11.631     3.337
  4368.471    11.580     3.337
  4368.572    11.580     3.337
  4368.673    11.478     3.236
  4368.773    11.427     3.186
  4368.875    11.376     3.186
  4368.974    11.376     3.186
  4369.075    11.376     3.136
  4369.780    11.376     3.136
  4369.880    11.376     3.085
  4369.981    11.326     3.085
  4370.082    11.223     3.035
  4371.287    11.223     3.035
  4371.388    11.020     3.035
  4371.489    10.969     3.035
  4371.590    10.867     3.035
  4371.691    10.816     2.985
  4371.791    10.765     2.834
  4371.891    10.715     2.783
  4371.993    10.715     2.683
  4372.093    10.715     2.632
  4372.696    10.715     2.632
  4372.798    10.715     2.582
  4372.999    10.715     2.582
  4373.099    10.715     2.532
  4373.198    10.663     2.532
  4373.299    10.663     2.481
  4374.508    10.663     2.481
  4374.608    10.663     2.582
  4374.709    10.663     2.632
  4374.809    10.715     2.783
  4374.910    10.715     2.934
  4376.823    10.715     2.934
  4376.924    10.715     3.085
  4378.432    10.715     3.085
  4378.533    10.663     3.136
  4378.634    10.612     3.136
  4379.136    10.612     3.136
  4379.238    10.562     3.136
  4380.243    10.562     3.136
  4380.344    10.562     3.186
  4380.646    10.562     3.186
  4380.747    10.511     3.186
  4381.855    10.511     3.186
  4381.957    10.409     3.286
  4382.057    10.205     3.337
  4382.157    10.205     3.387
  4383.566    10.205     3.387
  4383.667    10.154     3.387
  4383.767    10.052     3.538
  4383.868    10.001     3.589
  4383.969     9.951     3.639
  4384.170     9.951     3.639
  4384.270     9.849     3.689
  4384.371     9.798     3.740
  4384.471     9.747     3.740
  4384.673     9.747     3.740
  4384.772     9.747     3.790
  4384.874     9.696     3.790
  4384.974     9.645     3.840
  4385.075     9.594     3.891
  4385.177     9.594     3.941
  4386.082     9.594     3.941
  4386.182     9.594     3.991
  4386.283     9.543     3.991
  4386.383     9.441     4.142
  4386.483     9.441     4.192
  4391.818     9.441     4.192
  4391.920     9.441     4.243
  4392.121     9.441     4.243
  4392.221     9.441     4.344
  4392.322     9.441     4.444
  4392.422     9.492     4.444
  4392.522     9.492     4.495
  4414.799     9.492     4.495
  4414.899     9.492     4.595
  4414.999     9.492     4.645
  4415.402     9.492     4.645
  4415.503     9.390     4.696
  4415.603     9.340     4.696
  4421.238     9.340     4.696
  4421.339     9.288     4.696
  4421.439     9.187     4.696
  4421.540     9.085     4.696
  4433.928     9.085     4.696
  4434.028     9.085     4.645
  4434.129     9.085     4.495
  4434.229     9.085     4.444
  4441.376     9.085     4.444
  4441.476     9.085     4.495
  4451.250     9.085     4.495
  4451.350     9.136     4.344
  4451.451     9.136     4.092
  4451.553     9.136     3.639
  4451.652     9.136     3.387
  4451.753     9.136     3.186
  4451.854     9.187     3.186
  4451.955     9.187     3.186
  4452.055     9.136     3.186
  4452.155     8.779     3.186
  4452.257     8.219     3.186
  4452.356     8.015     3.186
  4452.458     7.863     3.186
  4452.558     7.557     2.985
  4452.660     7.353     2.985
  4452.761     7.251     2.985
  4452.861     7.200     2.985
  4452.962     7.149     2.934
  4453.062     7.048     2.884
  4453.163     6.742     2.884
  4453.263     6.590     2.884
  4453.363     6.590     2.884
  4453.465     6.335     2.884
  4453.565     6.284     2.884
  4453.867     6.284     2.884
  4453.968     6.233     2.884
  4454.068     6.182     2.884
  4454.169     6.080     2.834
  4454.268     6.080     2.834
  4454.369     5.877     2.683
  4454.672     5.877     2.683
  4454.772     5.724     2.683
  4454.872     5.571     2.683
  4454.972     5.316     2.683
  4455.075     5.266     2.683
  4455.175     5.163     2.683
  4455.276     5.113     2.683
  4455.376     5.113     2.683
  4455.476     4.705     2.683
  4455.577     4.705     2.683
  4455.679     4.502     2.683
  4455.779     4.349     2.683
  4455.880     4.145     2.582
  4455.980     3.992     2.582
  4456.081     3.839     2.582
  4456.181     3.687     2.582
  4456.282     3.636     2.582
  4456.383     3.534     2.582
  4456.483     3.483     2.582
  4456.583     3.381     2.582
  4456.886     3.381     2.582
  4456.986     3.330     2.582
  4457.792     3.330     2.582
  4457.891     3.177     2.582
  4458.094     3.177     2.582
  4458.193     3.075     2.582
  4458.294     2.719     2.582
  4458.395     2.719     2.582
  4458.495     2.414     2.582
  4458.597     2.210     2.582
  4458.697     2.159     2.582
  4458.798     1.955     2.481
  4458.898     1.650     2.331
  4458.998     1.650     2.230
  4460.305     1.650     2.230
  4460.407     1.650     2.180
  4460.507     1.650     2.129
  4460.608     1.599     2.079
  4460.911     1.599     2.079
  4461.012     1.599     2.029
  4461.111     1.700     2.029
  4462.535     1.700     2.029
  4462.637     1.700     1.928
  4462.737     1.700     1.878
  4462.839     1.700     1.828
  4469.380     1.700     1.828
  4469.480     1.650     1.626
  4469.580     1.650     1.576
  4469.681     1.650     1.525
  4469.782     1.548     1.425
  4469.883     1.548     1.374
  4470.084     1.548     1.374
  4470.184     1.548     1.324
  4470.285     1.548     1.273
  4470.386     1.548     1.223
  4471.291     1.548     1.223
  4471.391     1.395     1.223
  4472.297     1.395     1.223
  4472.397     1.293     1.022
  4472.498     1.242     1.022
  4492.123     1.242     1.022
  4492.222     1.293     1.022
  4492.323     1.344     1.022
  4492.425     1.395     1.022
  4493.935     1.395     1.022
  4494.036     1.395     1.123
  4494.137     1.395     1.173
  4494.236     1.395     1.173
  4494.338     1.395     1.223
  4494.438     1.344     1.374
  4494.841     1.344     1.374
  4494.941     1.293     1.425
  4495.042     1.293     1.525
  4495.141     1.293     1.576
  4495.243     1.293     1.576
  4495.344     1.293     1.626
  4495.444     1.293     1.727
  4495.545     1.293     1.878
  4495.645     1.293     1.878
  4495.746     1.293     1.978
  4495.847     1.293     2.230
  4500.184     1.293     2.230
  4500.285     1.293     2.280
  4500.387     1.293     2.381
  4500.487     1.395     2.481
  4500.588     1.497     2.532
  4500.688     1.497     2.632
  4500.789     1.497     2.733
  4501.293     1.497     2.733
  4501.393     1.497     2.834
  4501.696     1.497     2.834
  4501.797     1.497     2.884
  4501.921     1.497     2.985
  4501.998     1.497     3.035
  4503.710     1.497     3.035
  4503.810     1.497     3.085
  4503.912     1.497     3.085
  4504.013     1.395     3.186
  4504.112     1.344     3.236
  4509.564     1.344     3.236
  4509.665     1.293     3.286
  4509.765     1.293     3.488
  4509.867     1.293     3.639
  4509.967     1.293     3.689
  4510.068     1.293     3.740
  4510.169     1.293     3.891
  4510.268     1.191     3.991
  4510.369     1.141     4.142
  4510.470     1.089     4.192
  4510.570     1.039     4.243
  4510.671     1.039     4.293
  4511.376     1.039     4.293
  4511.476     0.886     4.293
  4511.577     0.886     4.293
  4511.678     0.886     4.142
  4511.779     0.886     4.092
  4511.880     0.886     3.941
  4511.979     0.886     3.891
  4512.081     0.886     3.740
  4512.182     0.886     3.639
  4512.281     0.886     3.589
  4512.383     0.886     3.538
  4512.784     0.886     3.538
  4512.885     0.886     3.488
  4513.187     0.886     3.488
  4513.287     0.886     3.437
  4513.390     0.937     3.337
  4513.490     0.937     3.286
  4513.592     0.988     3.186
  4513.691     1.039     3.136
  4513.792     1.191     2.985
  4514.095     1.191     2.985
  4514.195     1.191     2.884
  4514.296     1.191     2.834
  4514.396     1.191     2.783
  4514.496     1.191     2.733
  4514.598     1.191     2.632
  4514.698     1.191     2.582
  4515.100     1.191     2.582
  4515.200     1.039     2.582
  4515.301     0.988     2.582
  4515.401     0.937     2.582
  4516.206     0.937     2.582
  4516.306     0.937     2.532
  4523.149     0.937     2.532
  4523.250     0.937     2.683
  4523.351     0.937     2.783
  4523.452     0.937     2.884
  4523.554     0.937     2.934
  4523.654     0.937     2.934
  4523.755     0.988     2.934
  4530.195     0.988     2.934
  4530.294     1.089     2.934
  4537.742     1.089     2.934
  4537.843     1.089     3.136
  4537.943     1.089     3.236
  4538.044     1.089     3.337
  4538.144     1.089     3.437
  4538.245     1.089     3.437
  4538.346     1.089     3.538
  4538.446     1.089     3.538
  4538.547     1.089     3.589
  4538.647     1.089     3.639
  4538.748     1.089     3.740
  4538.849     1.039     3.840
  4538.951     1.039     3.891
  4539.051     0.988     3.991
  4539.152     0.988     4.041
  4539.252     0.988     4.142
  4539.352     0.937     4.142
  4539.453     0.937     4.243
  4539.554     0.937     4.293
  4539.653     0.937     4.394
  4539.755     0.937     4.495
  4539.855     0.886     4.595
  4539.956     0.886     4.696
  4540.057     0.886     4.796
  4540.156     0.835     4.847
  4540.258     0.835     4.897
  4543.074     0.835     4.897
  4543.175     0.784     4.796
  4543.275     0.784     4.696
  4543.376     0.784     4.595
  4543.476     0.784     4.495
  4543.577     0.784     4.495
  4543.679     0.784     4.444
  4543.779     0.784     4.394
  4543.880     0.784     4.394
  4543.981     0.784     4.344
  4544.081     0.784     4.293
  4544.282     0.784     4.293
  4544.384     0.784     4.243
  4545.793     0.784     4.243
  4545.892     0.784     4.142
  4545.994     0.784     4.092
  4546.095     0.784     4.041
  4546.195     0.835     4.041
  4546.497     0.835     4.041
  4546.598     0.835     3.991
  4546.699     0.835     3.991
  4546.799     0.937     3.991
  4549.819     0.937     3.991
  4549.919     0.937     3.891
  4550.019     0.937     3.840
  4550.121     0.937     3.840
  4550.222     0.937     3.790
  4550.346     0.937     3.639
  4550.423     0.937     3.538
  4550.523     0.937     3.488
  4550.826     0.937     3.488
  4550.927     0.937     3.437
  4551.026     0.937     3.337
  4551.127     0.937     3.236
  4551.228     0.937     3.186
  4551.329     0.937     3.136
  4551.430     0.937     3.035
  4551.530     0.937     2.985
  4552.939     0.937     2.985
  4553.039     0.937     2.934
  4553.141     0.937     2.884
  4553.545     0.937     2.884
  4553.645     0.937     2.834
  4567.846     0.937     2.834
  4567.946     0.886     2.834
  4568.048     0.835     2.834
  4570.260     0.835     2.834
  4570.360     0.784     2.834
  4570.461     0.733     2.834
  4570.663     0.733     2.834
  4570.764     0.733     2.783
  4577.505     0.733     2.783
  4577.605     0.733     2.733
  4577.707     0.886     2.683
  4577.808     0.937     2.683
  4577.908     0.988     2.683
  4578.008     0.988     2.683
  4578.107     1.039     2.683
  4578.209     1.191     2.683
  4578.309     1.242     2.683
  4578.410     1.293     2.683
  4579.822     1.293     2.683
  4579.922     1.344     2.683
  4580.022     1.344     2.683
  4580.123     1.344     2.632
  4580.224     1.344     2.632
  4580.324     1.395     2.582
  4580.425     1.497     2.381
  4580.525     1.497     2.331
  4596.537     1.497     2.331
  4596.638     1.599     2.230
  4596.739     1.599     2.180
  4596.840     1.700     2.180
  4596.940     1.853     2.129
  4597.041     2.057     2.129
  4597.343     2.057     2.129
  4597.443     2.108     2.129
  4598.650     2.108     2.129
  4598.775     2.159     1.978
  4598.851     2.159     1.978
  4598.952     2.159     1.828
  4599.354     2.159     1.828
  4599.455     2.210     1.828
  4599.556     2.261     1.828
  4599.958     2.261     1.828
  4600.060     2.363     1.828
  4600.160     2.464     1.828
  4600.361     2.464     1.828
  4600.462     2.617     1.828
  4601.267     2.617     1.828
  4601.367     2.719     1.828
  4601.467     2.770     1.777
  4601.568     2.872     1.777
  4601.669     2.923     1.676
  4601.769     2.974     1.626
  4607.606     2.974     1.626
  4607.707     3.025     1.626
  4607.808     3.075     1.626
  4607.908     3.177     1.626
  4608.009     3.280     1.626
  4608.109     3.280     1.626
  4608.210     3.330     1.626
  4609.619     3.330     1.626
  4609.720     3.381     1.626
  4611.027     3.381     1.626
  4611.129     3.585     1.626
  4611.732     3.585     1.626
  4611.833     3.788     1.626
  4611.933     3.891     1.626
  4612.034     3.992     1.626
  4612.135     3.992     1.626
  4612.234     4.043     1.626
  4612.336     4.094     1.626
  4619.280     4.094     1.626
  4619.381     4.196     1.525
  4619.481     4.247     1.475
  4619.582     4.298     1.475
  5338.611     4.298     1.475
  5338.711     4.247     1.626
  5338.912     4.247     1.626
  5339.012     4.247     1.727
  5339.113     4.247     1.727
  5339.214     4.247     1.777
  5339.314     4.247     1.878
  5339.416     4.247     1.928
  5340.725     4.247     1.928
  5340.825     4.349     1.928
  5340.925     4.349     1.928
  5341.026     4.399     1.928
  5344.448     4.399     1.928
  5344.550     4.502     1.978
  5344.649     4.552     2.029
  5351.491     4.552     2.029
  5351.592     4.655     2.029
  5351.691     4.705     2.029
  5351.793     4.756     2.029
  5351.893     4.807     2.029
  5351.994     4.858     2.029
  5352.195     4.858     2.029
  5352.297     4.909     2.029
  5352.498     4.909     2.029
  5352.597     4.909     1.978
  5354.006     4.909     1.978
  5354.107     4.960     1.978
  5360.345     4.960     1.978
  5360.446     4.960     1.928
  5360.547     4.960     1.878
  5366.484     4.960     1.878
  5366.585     4.960     1.828
  5366.685     4.960     1.777
  5366.786     4.960     1.777
  5366.886     4.909     1.777
  5366.987     4.807     1.777
  5367.088     4.705     1.777
  5367.188     4.705     1.777
  5367.289     4.655     1.777
  5368.296     4.655     1.777
  5368.396     4.603     1.777
  5368.497     4.552     1.777
  5368.597     4.399     1.777
  5369.905     4.399     1.777
  5370.007     4.399     1.727
  5370.209     4.399     1.727
  5370.308     4.451     1.727
  5370.409     4.502     1.727
  5370.609     4.502     1.727
  5370.712     4.552     1.727
  5370.811     4.705     1.727
  5370.912     4.807     1.727
  5371.012     4.858     1.727
  5371.515     4.858     1.727
  5371.616     5.011     1.727
  5372.119     5.011     1.727
  5372.219     5.062     1.727
  5372.823     5.062     1.727
  5372.924     5.113     1.727
  5373.024     5.113     1.727
  5373.125     5.163     1.727
  5373.225     5.163     1.727
  5373.332     5.163     1.626
  5373.432     5.113     1.475
  5373.532     5.062     1.425
  5374.237     5.062     1.425
  5374.339     5.062     1.324
  5374.439     5.113     1.324
  5374.540     5.113     1.273
  5374.640     5.163     1.223
  5374.741     5.266     1.123
  5374.842     5.266     1.123
  5374.942     5.266     1.072
  5377.358     5.266     1.072
  5377.460     5.316     1.072
  5377.560     5.367     1.072
  5377.660     5.418     1.072
  5379.069     5.418     1.072
  5379.171     5.418     1.223
  5379.271     5.418     1.273
  5380.175     5.418     1.273
  5380.277     5.418     1.324
  5380.578     5.418     1.324
  5380.678     5.418     1.425
  5380.779     5.418     1.475
  5380.880     5.418     1.626
  5380.980     5.418     1.676
  5381.182     5.418     1.676
  5381.283     5.418     1.727
  5381.385     5.367     1.727
  5381.484     5.316     1.727
  5382.088     5.316     1.727
  5382.188     5.316     1.777
  5382.290     5.316     1.828
  5382.390     5.316     1.828
  5382.490     5.316     1.878
  5386.918     5.316     1.878
  5387.019     5.316     1.928
  5387.219     5.316     1.928
  5387.321     5.316     1.978
  5387.422     5.367     2.029
  5391.044     5.367     2.029
  5391.144     5.316     2.029
  5391.245     5.266     2.029
  5391.344     5.163     2.079
  5391.647     5.163     2.079
  5391.748     5.062     2.079
  5391.848     5.062     2.079
  5391.949     5.011     2.079
  5392.150     5.011     2.079
  5392.252     4.960     2.079
  5392.352     4.909     2.079
  5396.577     4.909     2.079
  5396.677     4.807     2.079
  5396.778     4.756     2.079
  5397.081     4.756     2.079
  5397.181     4.655     2.079
  5397.282     4.603     2.079
  5398.087     4.603     2.079
  5398.187     4.552     2.079
  5398.288     4.502     2.079
  5407.143     4.502     2.079
  5407.244     4.552     2.079
  5407.345     4.603     2.079
  5407.445     4.603     1.978
  5414.990     4.603     1.978
  5415.092     4.655     1.978
  5415.192     4.807     1.978
  5418.815     4.807     1.978
  5418.915     4.960     2.180
  5425.555     4.960     2.180
  5425.656     4.909     2.180
  5425.756     4.858     2.180
  5425.856     4.756     2.180
  5426.058     4.756     2.180
  5426.159     4.655     2.180
  5426.260     4.603     2.180
  5426.661     4.603     2.180
  5426.762     4.603     2.230
  5426.862     4.603     2.331
  5427.063     4.603     2.331
  5427.165     4.552     2.381
  5427.265     4.502     2.481
  5429.077     4.502     2.481
  5429.177     4.451     2.481
  5429.278     4.451     2.481
  5429.379     4.349     2.481
  5429.479     4.247     2.481
  5432.498     4.247     2.481
  5432.597     4.145     2.481
  5432.699     4.094     2.481
  5432.900     4.094     2.481
  5433.000     3.992     2.481
  5433.101     3.941     2.481
  5433.202     3.891     2.481
  5433.302     3.891     2.481
  5433.404     3.839     2.481
  5433.505     3.788     2.481
  5437.126     3.788     2.481
  5437.227     3.687     2.532
  5437.326     3.483     2.683
  5442.874     3.483     2.683
  5442.974     3.585     2.683
  5443.075     3.738     2.632
  5443.176     3.891     2.582
  5443.276     3.941     2.481
  5443.377     3.941     2.381
  5443.478     4.043     2.381
  5443.578     4.145     2.381
  5443.678     4.196     2.381
  5443.778     4.247     2.331
  5443.880     4.247     2.331
  5443.980     4.298     2.331
  5444.081     4.298     2.280
  5444.384     4.298     2.280
  5444.483     4.349     2.280
  5444.585     4.399     2.180
  5444.683     4.451     2.180
  5444.785     4.451     2.129
  5446.194     4.451     2.129
  5446.295     4.298     2.230
  5446.395     4.247     2.280
  5446.497     4.196     2.280
  5446.799     4.196     2.280
  5446.899     4.094     2.280
  5447.302     4.094     2.280
  5447.403     4.043     2.280
  5448.106     4.043     2.280
  5448.207     3.992     2.280
  5448.408     3.992     2.280
  5448.510     3.941     2.331
  5448.610     3.839     2.431
  5448.710     3.738     2.532
  5448.810     3.687     2.582
  5448.911     3.585     2.582
  5449.012     3.483     2.632
  5450.119     3.483     2.632
  5450.220     3.534     2.632
  5450.320     3.534     2.632
  5450.421     3.585     2.632
  5452.534     3.585     2.632
  5452.635     3.738     2.632
  5452.734     3.839     2.532
  5452.835     3.839     2.431
  5452.935     3.839     2.230
  5453.036     3.891     2.079
  5453.136     3.941     2.029
  5453.238     4.043     1.978
  5453.339     4.043     1.928
  5453.439     4.043     1.878
  5453.540     4.043     1.878
  5453.640     4.298     1.777
  5453.740     4.451     1.777
  5455.250     4.451     1.777
  5455.350     4.399     1.676
  5455.451     4.349     1.626
  5455.552     4.247     1.576
  5455.752     4.247     1.576
  5455.852     4.196     1.576
  5455.953     4.094     1.576
  5456.053     4.043     1.576
  5460.691     4.043     1.576
  5460.792     4.043     1.626
  5460.892     4.043     1.676
  5460.993     4.043     1.676
  5461.095     4.043     1.777
  5461.195     4.145     1.828
  5461.296     4.145     1.978
  5461.397     4.145     2.029
  5461.498     4.145     2.079
  5461.598     4.145     2.129
  5461.900     4.145     2.129
  5462.000     4.196     2.129
  5462.101     4.247     2.129
  5462.805     4.247     2.129
  5462.906     4.399     2.180
  5463.006     4.451     2.180
  5463.107     4.451     2.280
  5463.209     4.502     2.331
  5463.309     4.603     2.431
  5463.411     4.655     2.481
  5465.823     4.655     2.481
  5465.925     4.858     2.582
  5466.024     4.909     2.632
  5466.328     4.909     2.632
  5466.428     5.011     2.683
  5466.529     5.011     2.733
  5466.630     5.062     2.733
  5466.831     5.062     2.733
  5466.931     5.113     2.733
  5470.251     5.113     2.733
  5470.351     5.062     2.632
  5470.452     5.062     2.582
  5470.552     4.960     2.431
  5470.652     4.960     2.381
  5473.169     4.960     2.381
  5473.270     4.858     2.331
  5477.597     4.858     2.331
  5477.698     4.858     2.381
  5477.899     4.858     2.381
  5478.000     4.858     2.532
  5478.100     4.909     2.532
  5478.504     4.909     2.532
  5478.605     5.011     2.532
  5488.582     5.011     2.532
  5488.681     4.909     2.532
  5488.782     4.756     2.532
  5488.884     4.655     2.481
  5488.985     4.603     2.381
  5489.086     4.603     2.331
  5489.186     4.603     2.280
  5493.611     4.603     2.280
  5493.713     4.603     2.230
  5493.914     4.603     2.230
  5494.015     4.705     2.230
  5494.116     4.807     2.129
  5494.217     4.858     2.129
  5579.976     4.858     2.129
