     3.030    19.877    21.011
   115.930    19.877    21.011
   116.030    20.079    21.112
   116.130    20.079    21.162
   116.230    19.981    21.162
   116.330    19.981    21.162
   116.430    19.981    21.262
   116.530    19.981    21.313
   116.630    19.981    21.313
   116.730    20.079    21.413
   117.340    20.079    21.413
   117.440    20.079    21.463
   117.540    20.079    21.463
   117.640    20.079    21.513
   117.740    20.027    21.614
   117.840    20.027    21.614
   117.940    20.027    21.714
   118.040    20.027    21.815
   118.140    19.981    22.016
   118.240    19.981    22.116
   118.340    19.981    22.321
   118.440    20.027    22.422
   118.540    20.027    22.422
   118.640    20.131    22.422
   118.740    20.235    22.422
   119.150    20.235    22.422
   119.250    20.079    22.472
   119.350    20.079    22.472
   119.450    20.131    22.623
   119.550    20.235    22.623
   119.650    20.235    22.572
   119.750    20.235    22.522
   119.850    20.235    22.522
   119.950    20.235    22.372
   120.050    20.235    22.221
   120.150    20.235    22.221
   120.250    20.235    22.116
   120.350    20.281    21.965
   120.450    20.281    21.965
   120.550    20.333    21.965
   120.660    20.437    21.965
   120.760    20.535    21.965
   120.860    20.587    21.965
   121.160    20.587    21.965
   121.260    20.742    22.116
   121.360    20.742    22.221
   121.460    20.893    22.422
   121.560    21.094    22.522
   121.660    21.198    22.673
   121.760    21.302    22.823
   121.860    21.556    22.974
   121.960    21.810    23.376
   122.060    21.960    23.476
   122.160    22.012    23.577
   122.270    22.214    23.627
   122.360    22.468    24.028
   122.470    22.468    24.129
   122.570    22.468    24.179
   122.670    22.468    24.229
   122.770    22.468    24.280
   122.870    22.468    24.430
   122.970    22.468    24.531
   123.070    22.468    24.782
   123.170    22.370    25.033
   123.270    22.318    25.234
   123.370    22.214    25.384
   123.470    22.214    25.384
   123.570    22.116    25.384
   123.670    22.064    25.434
   123.770    22.012    25.535
   123.870    22.012    25.535
   123.980    21.960    25.635
   124.580    21.960    25.635
   124.680    21.862    25.685
   124.780    21.810    25.736
   125.790    21.810    25.736
   125.890    21.504    25.736
   126.290    21.504    25.736
   126.390    21.452    25.736
   126.490    21.302    25.786
   126.590    21.146    25.886
   126.690    20.841    26.092
   126.790    20.691    26.192
   126.890    20.489    26.343
   127.290    20.489    26.343
   127.390    20.131    26.594
   127.500    20.079    26.644
   131.120    20.079    26.644
   131.220    20.027    26.644
   131.320    20.027    26.644
   131.420    19.981    26.594
   131.520    19.519    26.543
   131.620    19.369    26.543
   131.820    19.369    26.543
   131.920    19.421    26.543
   132.020    19.467    26.543
   132.120    19.675    26.543
   132.220    19.675    26.543
   132.320    19.675    26.443
   132.420    19.623    26.393
   133.730    19.623    26.393
   133.830    19.213    26.343
   134.540    19.213    26.343
   134.640    19.115    26.493
   134.740    18.960    26.744
   134.840    18.706    26.845
   134.940    18.706    26.895
   135.140    18.706    26.895
   135.240    18.706    26.995
   136.850    18.706    26.995
   136.950    19.369    26.644
   137.150    19.369    26.644
   137.250    19.467    26.343
   137.350    19.467    26.292
   137.450    19.467    26.292
   137.560    19.467    26.142
   137.660    19.467    25.936
   137.760    19.519    25.886
   137.860    19.519    25.836
   138.060    19.519    25.836
   138.160    19.519    25.685
   138.460    19.519    25.685
   138.560    19.519    25.736
   138.660    19.467    25.836
   141.080    19.467    25.836
   141.180    19.317    26.041
   141.380    19.317    26.041
   141.480    19.265    26.242
   141.580    19.213    26.343
   141.680    19.063    26.594
   141.780    18.758    26.795
   141.880    18.706    26.795
   142.080    18.706    26.795
   142.180    18.706    26.895
   142.280    18.654    26.945
   142.680    18.654    26.945
   142.790    18.556    27.046
   142.990    18.556    27.046
   143.090    18.504    27.096
   143.190    18.452    27.096
   143.290    18.452    27.096
   143.390    18.250    27.196
   143.490    18.198    27.246
   143.590    17.996    27.447
   143.690    17.794    27.698
   143.790    17.690    27.899
   143.890    17.586    28.050
   143.990    17.586    28.150
   144.090    17.586    28.200
   144.190    17.586    28.200
   144.290    17.586    28.251
   144.400    17.586    28.301
   144.500    17.586    28.301
   144.600    17.540    28.401
   144.700    17.540    28.401
   144.800    17.436    28.451
   146.110    17.436    28.451
   146.210    17.333    28.552
   146.410    17.333    28.552
   146.510    17.234    28.652
   146.610    17.079    28.803
   146.710    17.033    28.903
   146.810    16.981    29.154
   146.910    16.981    29.355
   147.010    16.981    29.456
   147.110    16.981    29.506
   147.210    16.981    29.556
   147.520    16.981    29.556
   147.620    17.234    29.104
   147.720    17.234    29.054
   147.820    17.234    29.054
   147.920    16.877    29.305
   148.020    16.825    29.506
   148.120    16.825    29.707
   148.220    16.825    30.012
   148.320    16.825    30.113
   148.420    16.981    30.163
   148.520    17.033    30.163
   148.620    17.079    30.163
   148.720    17.079    30.012
   149.130    17.079    30.012
   149.230    17.079    29.862
   149.330    17.079    29.707
   149.430    17.079    29.405
   149.530    17.079    29.255
   149.630    17.079    29.205
   149.730    17.079    29.205
   149.830    17.079    29.104
   149.930    17.131    29.004
   150.130    17.131    29.004
   150.230    17.131    28.903
   150.540    17.131    28.903
   150.640    17.234    28.903
   151.040    17.234    28.903
   151.140    17.384    28.903
   161.910    17.384    28.903
   162.010    17.234    28.803
   162.110    16.981    28.602
   162.210    16.825    28.150
   162.310    16.825    27.648
   162.410    16.825    27.246
   162.510    16.825    26.995
   162.610    16.773    26.795
   162.710    16.773    26.744
   162.810    16.773    26.594
   162.910    16.773    26.343
   163.010    16.825    26.192
   163.110    16.825    26.142
   163.310    16.825    26.142
   163.410    16.825    26.041
   163.510    16.825    25.991
   163.720    16.825    25.991
   163.820    16.825    25.836
   164.520    16.825    25.836
   164.620    16.825    25.635
   164.720    16.825    25.384
   164.820    16.825    25.234
   164.930    16.825    25.033
   165.030    16.825    24.782
   165.130    16.825    24.380
   165.230    16.825    24.280
   165.330    16.929    24.280
   165.430    16.981    24.280
   165.530    16.929    24.129
   165.630    16.929    23.928
   165.730    17.033    23.727
   165.830    17.131    23.677
   165.930    17.183    23.577
   166.030    17.183    23.526
   166.640    17.183    23.526
   166.740    17.183    23.376
   167.740    17.183    23.376
   167.840    16.929    23.175
   167.940    16.929    23.175
   168.040    16.929    23.125
   168.140    16.877    22.874
   168.240    16.877    22.874
   168.340    16.877    22.673
   168.440    16.675    22.271
   169.050    16.675    22.271
   169.150    16.421    22.066
   169.250    16.369    22.016
   169.350    16.265    21.865
   169.450    16.265    21.714
   169.550    16.265    21.664
   169.750    16.265    21.664
   169.850    16.219    21.564
   169.960    16.219    21.463
   170.060    16.219    21.463
   170.160    16.167    21.413
   170.260    16.115    21.363
   170.960    16.115    21.363
   171.060    16.115    21.513
   171.160    16.115    21.564
   171.260    16.167    21.614
   171.370    16.219    21.664
   171.470    16.265    21.664
   171.570    16.369    21.664
   171.970    16.369    21.664
   172.070    16.369    21.614
   172.170    16.473    21.413
   172.270    16.571    21.363
   172.370    16.571    21.363
   172.470    16.773    21.363
   172.570    16.825    21.363
   172.680    16.877    21.313
   172.780    17.033    21.212
   172.880    17.131    21.062
   172.980    17.286    20.911
   173.080    17.286    20.760
   173.180    17.436    20.610
   173.280    17.586    20.459
   173.380    18.048    20.308
   173.480    18.198    20.258
   173.580    18.452    20.108
   173.680    18.654    19.957
   173.780    18.810    19.706
   173.880    18.960    19.405
   173.990    19.115    19.254
   174.090    19.421    19.053
   174.190    19.571    18.852
   174.290    19.773    18.852
   174.390    20.131    18.551
   174.490    20.131    18.501
   174.590    20.385    18.095
   174.690    20.385    17.994
   175.490    20.385    17.994
   175.600    20.281    17.994
   175.700    20.235    17.894
   175.800    20.333    17.844
   175.900    20.333    17.844
   176.000    20.489    17.693
   176.100    20.535    17.693
   176.300    20.535    17.693
   176.400    20.535    17.793
   176.500    20.587    17.793
   176.600    20.639    17.793
   176.700    20.841    17.844
   177.000    20.841    17.844
   177.100    20.841    17.693
   177.310    20.841    17.693
   177.400    20.742    17.593
   177.510    20.639    17.492
   177.610    20.639    17.442
   177.710    20.639    17.392
   178.010    20.639    17.392
   178.110    20.587    17.392
   178.310    20.587    17.392
   178.410    20.691    17.392
   178.810    20.691    17.392
   178.910    20.742    17.241
   179.010    20.742    17.241
   179.120    20.742    17.191
   179.220    20.742    17.141
   179.320    20.742    17.091
   179.420    20.691    17.091
   179.720    20.691    17.091
   179.820    20.691    17.241
   180.220    20.691    17.241
   180.320    20.742    17.291
   180.630    20.742    17.291
   180.730    20.794    17.291
   181.030    20.794    17.291
   181.130    20.794    17.342
   184.350    20.794    17.342
   184.450    20.944    17.342
   184.750    20.944    17.342
   184.850    20.944    17.392
   243.430    20.944    17.392
   243.530    20.996    17.492
   244.030    20.996    17.492
   244.130    21.048    17.492
   245.440    21.048    17.492
   245.540    21.094    17.492
   257.210    21.094    17.492
   257.310    21.146    17.492
   257.410    21.146    17.492
   257.510    21.198    17.492
   257.610    21.250    17.492
   257.720    21.250    17.542
   258.120    21.250    17.542
   258.220    21.250    17.442
   258.320    21.250    17.342
   264.260    21.250    17.342
   264.360    21.348    17.342
   314.780    21.348    17.342
   314.880    21.348    17.291
   314.980    21.348    17.241
   315.380    21.348    17.241
   315.480    21.400    17.241
   315.580    21.452    17.241
   317.490    21.452    17.241
   317.590    21.504    17.241
   317.690    21.504    17.191
   317.800    21.556    17.191
   318.000    21.556    17.191
   318.100    21.654    17.141
   318.200    21.654    17.091
   334.220    21.654    17.091
   334.320    21.706    16.990
   345.080    21.706    16.990
   345.180    21.810    16.940
   345.590    21.810    16.940
   345.700    21.862    16.890
   345.800    21.960    16.890
   345.900    21.960    16.890
   346.000    22.012    16.840
   346.100    22.116    16.840
   347.100    22.116    16.840
   347.210    22.064    16.789
   368.040    22.064    16.789
   368.140    22.064    16.739
   368.340    22.064    16.739
   368.440    22.162    16.739
   368.540    22.162    16.739
   368.640    22.266    16.739
   368.740    22.318    16.739
   368.840    22.520    16.739
   394.200    22.520    16.739
   394.300    22.520    16.639
   394.400    22.572    16.639
   394.500    22.572    16.639
   394.600    22.623    16.538
   394.700    22.623    16.438
   394.800    22.623    16.438
   394.900    22.623    16.337
   401.340    22.623    16.337
   401.440    22.675    16.337
   401.640    22.675    16.337
   401.740    22.722    16.388
   401.840    22.773    16.388
   401.940    22.773    16.388
   402.050    22.825    16.388
   402.250    22.825    16.388
   402.350    22.877    16.388
   402.550    22.877    16.388
   402.650    22.929    16.388
   402.750    22.929    16.388
   402.850    23.027    16.388
   402.950    23.027    16.388
   403.050    23.079    16.388
   403.150    23.079    16.287
   403.450    23.079    16.287
   403.550    23.027    16.287
   403.650    23.027    16.237
   404.860    23.027    16.237
   404.960    23.131    16.187
   406.170    23.131    16.187
   406.270    23.131    16.086
   407.380    23.131    16.086
   407.480    23.183    16.086
   407.680    23.183    16.086
   407.780    23.229    15.986
   408.480    23.229    15.986
   408.580    23.183    15.986
   410.190    23.183    15.986
   410.290    23.333    15.986
   410.390    23.333    15.936
   410.600    23.333    15.936
   410.700    23.333    15.886
   410.800    23.333    15.886
   410.900    23.333    15.835
   411.910    23.333    15.835
   412.010    23.333    15.886
   412.110    23.281    15.936
   412.810    23.281    15.936
   412.910    23.281    16.036
   414.820    23.281    16.036
   414.930    23.229    16.086
   415.230    23.229    16.086
   415.330    23.183    16.086
   416.640    23.183    16.086
   416.740    23.183    15.986
   416.840    23.183    15.886
   416.940    23.229    15.735
   417.040    23.229    15.685
   417.740    23.229    15.685
   417.840    23.281    15.484
   418.050    23.281    15.484
   418.150    23.333    15.484
   418.250    23.333    15.484
   418.350    23.385    15.484
   418.550    23.385    15.484
   418.650    23.437    15.434
   418.850    23.437    15.434
   418.950    23.587    15.383
   421.870    23.587    15.383
   421.970    23.587    15.333
   422.070    23.587    15.283
   422.370    23.587    15.283
   422.470    23.691    15.283
   422.570    23.691    15.283
   422.670    23.743    15.283
   422.770    23.743    15.183
   422.880    23.841    15.183
   422.980    23.841    15.183
   423.080    23.945    15.183
   423.180    23.997    15.082
   423.280    24.043    15.032
   423.380    24.043    14.932
   424.490    24.043    14.932
   424.590    24.043    14.881
   424.690    24.095    14.881
   424.790    24.095    14.881
   424.890    24.199    14.881
   425.390    24.199    14.881
   425.490    24.199    14.831
   425.690    24.199    14.831
   425.790    24.251    14.831
   425.900    24.251    14.831
   426.000    24.401    14.831
   426.100    24.556    14.831
   426.200    24.654    14.831
   426.300    24.758    14.831
   426.400    24.810    14.831
   427.000    24.810    14.831
   427.100    24.960    14.881
   427.200    25.012    14.881
   427.300    25.012    14.881
   427.400    25.012    15.032
   427.510    25.064    15.082
   427.610    25.064    15.183
   429.320    25.064    15.183
   429.420    25.064    15.283
   429.520    25.064    15.333
   429.620    25.064    15.383
   429.920    25.064    15.383
   430.020    25.012    15.434
   431.030    25.012    15.434
   431.130    25.012    15.484
   431.430    25.012    15.484
   431.530    25.012    15.534
   431.730    25.012    15.534
   431.830    25.012    15.584
   432.030    25.012    15.584
   432.130    24.960    15.584
   432.230    24.908    15.584
   432.330    24.810    15.584
   432.430    24.758    15.584
   435.350    24.758    15.584
   435.450    24.810    15.484
   435.550    24.810    15.484
   435.650    24.856    15.484
   435.760    24.908    15.484
   435.960    24.908    15.484
   436.060    24.908    15.434
   436.160    24.908    15.383
   437.060    24.908    15.383
   437.160    24.908    15.333
   437.260    24.908    15.283
   438.880    24.908    15.283
   438.980    24.856    15.283
   440.080    24.856    15.283
   440.180    24.810    15.283
   545.730    24.810    15.283
   545.830    24.706    15.283
   689.660    24.706    15.283
   689.770    24.654    15.082
   689.870    24.556    15.032
   689.970    24.556    14.932
   690.070    24.401    14.932
   690.170    24.297    14.932
   690.270    24.251    14.781
   690.370    24.251    14.681
   690.470    24.251    14.630
   690.570    24.251    14.630
   690.670    24.251    14.475
   691.070    24.251    14.475
   691.170    24.251    14.580
   691.270    24.251    14.681
   691.370    24.297    14.731
   691.480    24.349    14.781
   691.580    24.349    14.781
   691.680    24.349    14.831
   691.780    24.504    14.881
   691.880    24.504    14.982
   691.980    24.556    15.082
   692.080    24.556    15.233
   692.180    24.654    15.283
   692.280    24.706    15.333
   692.380    24.706    15.383
   692.480    24.810    15.383
   692.880    24.810    15.383
   692.980    24.758    15.383
   693.080    24.706    15.383
   693.590    24.706    15.383
   693.690    24.810    15.383
   693.790    24.908    15.383
   693.890    24.960    15.434
   693.990    24.960    15.584
   694.090    25.064    15.685
   694.190    25.064    15.735
   694.390    25.064    15.735
   694.490    25.110    15.835
   694.600    25.110    15.936
   694.800    25.110    15.936
   694.900    25.064    16.036
   695.000    25.012    16.237
   695.600    25.012    16.237
   695.700    25.064    16.237
   695.800    25.064    16.337
   695.900    25.064    16.388
   696.000    25.064    16.488
   696.200    25.064    16.488
   696.300    25.162    16.488
   696.810    25.162    16.488
   696.910    25.214    16.538
   697.010    25.214    16.538
   697.110    25.214    16.588
   697.210    25.214    16.689
   697.310    25.214    16.739
   697.410    25.214    16.789
   697.510    25.214    16.840
   697.610    25.214    16.940
   698.320    25.214    16.940
   698.420    25.266    16.990
   698.520    25.266    17.040
   698.620    25.266    17.141
   698.720    25.266    17.191
   699.020    25.266    17.191
   699.120    25.318    17.191
   699.220    25.468    17.191
   700.430    25.468    17.191
   700.530    25.416    17.091
   701.040    25.416    17.091
   701.140    25.520    17.141
   702.240    25.520    17.141
   702.340    25.520    17.191
   702.440    25.520    17.191
   702.540    25.520    17.241
   702.650    25.572    17.241
   702.750    25.624    17.241
   702.850    25.624    17.291
   702.950    25.624    17.342
   703.650    25.624    17.342
   703.750    25.468    17.442
   703.950    25.468    17.442
   704.050    25.416    17.442
   704.150    25.416    17.442
   704.260    25.572    17.392
   704.360    25.572    17.291
   704.460    25.572    17.191
   704.560    25.572    17.040
   704.760    25.572    17.040
   704.860    25.572    17.091
   704.960    25.468    17.141
   705.060    25.416    17.241
   705.260    25.416    17.241
   705.360    25.416    17.291
   705.560    25.416    17.291
   705.660    25.416    17.191
   705.760    25.416    17.091
   705.860    25.416    16.990
   705.970    25.416    16.890
   706.060    25.416    16.890
   706.160    25.364    16.739
   706.270    25.214    16.689
   706.370    25.064    16.639
   706.470    24.810    16.639
   706.570    24.706    16.639
   706.670    24.706    16.488
   706.770    24.758    16.438
   706.870    24.810    16.438
   708.280    24.810    16.438
   708.380    24.758    16.337
   708.480    24.706    16.287
   709.990    24.706    16.287
   710.090    24.603    16.287
   710.290    24.603    16.287
   710.390    24.504    16.438
   710.690    24.504    16.438
   710.790    24.504    16.488
   710.900    24.556    16.588
   710.990    24.654    16.639
   711.500    24.654    16.639
   711.600    24.556    16.739
   711.700    24.504    16.789
   711.900    24.504    16.789
   712.000    24.504    16.840
   712.100    24.504    16.890
   712.400    24.504    16.890
   712.500    24.504    17.091
   712.610    24.504    17.141
   715.020    24.504    17.141
   715.120    24.504    17.191
   715.520    24.504    17.191
   715.620    24.556    17.191
   715.730    24.603    17.191
   716.030    24.603    17.191
   716.130    24.706    17.191
   716.330    24.706    17.191
   716.430    24.706    17.091
   716.530    24.706    17.040
   716.630    24.706    16.990
   716.730    24.706    16.990
   716.830    24.706    17.040
   717.030    24.706    17.040
   717.130    24.758    16.940
   717.230    24.810    16.840
   717.330    24.758    16.789
   717.440    24.758    16.689
   717.540    24.758    16.639
   717.640    24.758    16.588
   717.740    24.758    16.488
   717.840    24.810    16.287
   718.040    24.810    16.287
   718.140    24.810    16.036
   718.240    24.810    15.936
   718.340    24.810    15.835
   718.440    24.810    15.835
   718.540    24.810    15.735
   718.640    24.810    15.735
   718.750    24.810    15.635
   718.850    24.758    15.484
   718.950    24.758    15.383
   719.050    24.706    15.383
   719.150    24.654    15.233
   719.250    24.654    14.982
   719.350    24.654    14.932
   722.090    24.654    14.932
   722.190    24.349    14.881
   722.290    24.297    14.881
   722.390    24.297    14.881
   722.490    24.095    14.881
   724.400    24.095    14.881
   724.500    24.147    14.982
   724.600    24.147    15.032
   724.700    24.147    15.082
   724.800    24.147    15.183
   725.010    24.147    15.183
   725.110    24.147    15.132
   725.210    24.147    15.082
   725.310    24.147    15.032
   725.410    24.147    15.032
   725.510    24.251    15.132
   725.810    24.251    15.132
   725.910    24.401    15.132
   726.010    24.504    15.132
   726.110    24.504    15.132
   726.210    24.556    15.183
   726.310    24.603    15.183
   726.920    24.603    15.183
   727.020    24.654    15.183
   727.120    24.706    15.283
   731.140    24.706    15.283
   731.250    24.654    15.183
   731.350    24.654    15.132
   731.450    24.603    15.082
   731.550    24.504    15.082
   731.650    24.452    15.082
   731.750    24.349    15.032
   731.850    24.199    14.982
   731.950    24.095    14.932
   732.650    24.095    14.932
   732.750    24.147    14.982
   732.850    24.199    15.082
   732.960    24.199    15.132
   733.760    24.199    15.132
   733.860    24.251    15.132
   734.770    24.251    15.132
   734.870    24.199    15.082
   734.970    24.147    15.082
   735.170    24.147    15.082
   735.270    24.095    15.082
   735.570    24.095    15.082
   735.670    24.095    15.132
   738.490    24.095    15.132
   738.590    23.997    15.132
   742.110    23.997    15.132
   742.210    23.841    15.082
   742.610    23.841    15.082
   742.720    23.691    15.082
   742.820    23.639    15.032
   743.520    23.639    15.032
   743.620    23.639    14.982
   743.820    23.639    14.982
   743.920    23.587    14.932
   744.020    23.535    14.881
   747.640    23.535    14.881
   747.750    23.535    14.831
   747.850    23.535    14.831
   747.950    23.535    14.731
   748.050    23.639    14.731
   748.150    23.841    14.781
   748.250    23.841    14.781
   748.350    23.945    14.781
   748.450    23.997    14.781
   750.160    23.997    14.781
   750.260    23.945    14.781
   750.560    23.945    14.781
   750.660    23.893    14.781
   750.760    23.893    14.781
   750.860    23.841    14.781
   750.970    23.841    14.781
   751.070    23.789    14.781
   751.170    23.789    14.781
   751.270    23.743    14.781
   751.970    23.743    14.781
   752.070    23.639    14.781
   764.760    23.639    14.781
   764.860    23.639    14.731
   765.760    23.639    14.731
   765.860    23.639    14.681
   766.170    23.639    14.681
   766.270    23.743    14.681
   766.370    23.789    14.681
   766.470    23.893    14.681
   766.570    23.997    14.681
   766.670    23.997    14.681
   766.770    24.043    14.681
   766.870    24.043    14.681
   766.970    24.095    14.681
   767.070    24.147    14.681
   767.270    24.147    14.681
   767.370    24.199    14.681
   767.470    24.251    14.681
   767.570    24.251    14.681
   767.670    24.297    14.681
   768.680    24.297    14.681
   768.780    24.349    14.681
   768.880    24.401    14.681
   770.490    24.401    14.681
   770.590    24.349    14.681
   770.790    24.349    14.681
   770.890    24.401    14.681
   771.300    24.401    14.681
   771.390    24.401    14.731
   771.500    24.401    14.781
   771.600    24.349    14.781
   771.700    24.251    14.781
   772.700    24.251    14.781
   772.800    24.251    14.831
   774.410    24.251    14.831
   774.510    24.251    14.881
   776.220    24.251    14.881
   776.320    24.251    14.781
   776.420    24.251    14.781
   776.520    24.251    14.731
   776.830    24.251    14.731
   776.930    24.251    14.781
   778.640    24.251    14.781
   778.740    24.251    14.831
   778.840    24.251    14.831
   778.940    24.297    14.831
   779.340    24.297    14.831
   779.440    24.349    14.831
   779.540    24.401    14.831
   780.450    24.401    14.831
   780.550    24.452    14.831
   782.360    24.452    14.831
   782.460    24.452    14.881
   784.370    24.452    14.881
   784.470    24.452    14.932
   784.570    24.401    14.932
   784.670    24.401    14.932
   784.770    24.297    14.932
   786.380    24.297    14.932
   786.480    24.251    14.932
   786.580    24.199    14.932
   786.680    24.043    14.932
   786.790    23.945    14.982
   786.890    23.841    14.982
   786.990    23.789    14.982
   787.490    23.789    14.982
   787.590    23.841    14.932
   787.690    23.893    14.932
   787.790    23.893    14.881
   787.890    23.893    14.831
   787.990    23.789    14.781
   788.090    23.743    14.781
   788.600    23.743    14.781
   788.700    23.743    14.731
   795.140    23.743    14.731
   795.240    23.691    14.731
   795.940    23.691    14.731
   796.040    23.639    14.681
   796.140    23.639    14.630
   796.250    23.639    14.630
   796.350    23.691    14.580
   796.450    23.691    14.580
   796.550    23.691    14.525
   796.650    23.743    14.525
   796.950    23.743    14.525
   797.050    23.789    14.525
   803.290    23.789    14.525
   803.390    23.691    14.525
   803.590    23.691    14.525
   803.690    23.639    14.525
   803.890    23.639    14.525
   803.990    23.587    14.525
   804.090    23.535    14.525
   804.190    23.437    14.525
   804.300    23.333    14.525
   804.390    23.183    14.525
   804.500    23.183    14.525
   804.600    23.131    14.525
   814.960    23.131    14.525
   815.060    22.975    14.525
   815.160    22.877    14.525
   815.560    22.877    14.525
   815.660    22.975    14.525
   815.760    23.079    14.525
   815.870    23.183    14.525
   815.970    23.183    14.475
   816.070    23.183    14.325
   816.170    23.183    14.224
   816.670    23.183    14.224
   816.770    23.183    14.174
   816.870    23.183    14.124
   816.970    23.183    14.073
   817.070    23.183    14.023
   817.170    23.183    14.023
   817.270    23.183    13.973
   817.380    23.229    13.973
   817.780    23.229    13.973
   817.880    23.281    13.973
   818.080    23.281    13.973
   818.180    23.333    13.973
   818.380    23.333    13.973
   818.480    23.333    13.873
   818.580    23.333    13.873
   818.680    23.333    13.822
   819.290    23.333    13.822
   819.390    23.281    13.822
   819.690    23.281    13.822
   819.790    23.281    13.873
   819.890    23.281    13.873
   819.990    23.385    13.873
   820.090    23.483    13.923
   823.310    23.483    13.923
   823.410    23.483    13.973
   824.620    23.483    13.973
   824.720    23.483    14.023
   825.020    23.483    14.023
   825.120    23.483    14.073
   825.830    23.483    14.073
   825.930    23.437    14.073
   826.630    23.437    14.073
   826.730    23.535    14.073
   828.850    23.535    14.073
   828.950    23.535    14.023
   829.250    23.535    14.023
   829.350    23.483    14.023
   829.450    23.437    13.973
   829.550    23.333    13.923
   829.650    23.333    13.923
   829.750    23.385    13.873
   830.050    23.385    13.873
   830.160    23.385    13.822
   830.260    23.333    13.822
   831.360    23.333    13.822
   831.460    23.385    13.822
   832.370    23.385    13.822
   832.470    23.437    13.822
   832.570    23.483    13.822
   832.970    23.483    13.822
   833.070    23.535    13.822
   833.170    23.535    13.822
   833.270    23.483    13.772
   834.980    23.483    13.772
   835.090    23.437    13.772
   837.100    23.437    13.772
   837.200    23.385    13.722
   837.300    23.385    13.672
   837.400    23.385    13.672
   837.500    23.385    13.571
   837.600    23.385    13.571
   837.700    23.333    13.571
   838.300    23.333    13.571
   838.410    23.079    13.571
   838.510    22.877    13.571
   838.610    22.877    13.571
   838.710    22.825    13.571
   838.910    22.825    13.571
   839.010    22.722    13.571
   839.820    22.722    13.571
   839.920    22.572    13.571
   840.020    22.520    13.622
   840.220    22.520    13.622
   840.320    22.468    13.722
   840.420    22.370    13.873
   840.620    22.370    13.873
   840.720    22.266    13.873
   840.820    22.162    13.973
   840.920    22.162    14.023
   841.220    22.162    14.023
   841.330    22.116    14.124
   841.420    22.116    14.274
   841.630    22.116    14.274
   841.730    22.214    14.274
   843.540    22.214    14.274
   843.640    22.064    14.224
   844.240    22.064    14.224
   844.340    22.064    14.174
   844.440    22.116    14.174
   846.050    22.116    14.174
   846.150    22.116    14.224
   848.070    22.116    14.224
   848.170    22.064    14.274
   848.270    21.960    14.274
   848.370    21.908    14.274
   848.870    21.908    14.274
   848.970    21.960    14.274
   849.070    22.064    14.274
   849.170    22.266    14.274
   849.270    22.468    14.274
   849.370    22.520    14.274
   849.680    22.520    14.274
   849.780    22.623    14.274
   849.980    22.623    14.274
   850.080    22.722    14.274
   850.180    22.877    14.224
   850.280    22.975    14.224
   850.480    22.975    14.224
   850.580    22.975    14.174
   850.780    22.975    14.174
   850.880    22.975    14.124
   861.150    22.975    14.124
   861.250    23.027    14.124
   861.350    23.079    14.124
   861.450    23.131    14.124
   861.550    23.183    14.073
   861.750    23.183    14.073
   861.850    23.183    14.023
   861.950    23.183    13.973
   864.060    23.183    13.973
   864.170    23.079    13.923
   864.270    23.027    13.923
   865.880    23.027    13.923
   865.980    23.131    13.923
   866.080    23.131    13.923
   866.180    23.183    13.822
   869.000    23.183    13.822
   869.100    23.281    13.822
   869.200    23.333    13.822
   869.300    23.333    13.822
   869.400    23.385    13.822
   869.600    23.385    13.822
   869.700    23.385    13.772
   870.100    23.385    13.772
   870.200    23.385    13.722
   871.220    23.385    13.722
   871.320    23.385    13.772
   871.420    23.437    13.722
   871.520    23.483    13.722
   871.920    23.483    13.722
   872.020    23.587    13.722
   872.130    23.639    13.722
   872.230    23.691    13.722
   872.330    23.743    13.722
   874.540    23.743    13.722
   874.640    23.743    13.622
   874.740    23.743    13.521
   874.840    23.743    13.521
   874.940    23.789    13.521
   875.240    23.789    13.521
   875.340    23.893    13.521
   875.440    23.945    13.521
   875.540    23.945    13.371
   875.640    23.945    13.270
   876.450    23.945    13.270
   876.550    23.997    13.270
   876.650    23.997    13.170
   876.750    24.043    13.170
   876.850    24.043    13.069
   876.950    24.043    13.019
   877.050    24.043    12.969
   879.870    24.043    12.969
   879.970    24.043    12.919
   880.070    23.945    12.919
   880.170    23.841    12.969
   880.570    23.841    12.969
   880.680    23.841    13.019
   880.780    23.841    13.019
   880.880    23.841    13.069
   912.360    23.841    13.069
   912.470    23.841    13.120
   912.870    23.841    13.120
   912.970    23.945    13.170
   913.070    23.945    13.170
   913.170    23.945    13.220
   913.370    23.945    13.220
   913.470    23.945    13.270
   920.610    23.945    13.270
   920.720    23.945    13.371
   921.120    23.945    13.371
   921.220    23.945    13.421
   921.320    23.945    13.471
   923.030    23.945    13.471
   923.130    23.893    13.471
   923.530    23.893    13.471
   923.630    23.841    13.471
   923.730    23.789    13.471
   924.040    23.789    13.471
   924.140    23.789    13.371
   930.370    23.789    13.371
   930.470    23.789    13.421
   930.780    23.789    13.421
   930.880    23.789    13.521
   931.080    23.789    13.521
   931.180    23.789    13.622
   933.290    23.789    13.622
   933.390    23.789    13.571
   934.920    23.789    13.571
   935.020    23.743    13.622
   935.220    23.743    13.622
   935.320    23.691    13.672
   935.430    23.639    13.672
   936.130    23.639    13.672
   936.230    23.587    13.722
   936.330    23.437    13.772
   936.430    23.333    13.772
   936.530    23.281    13.772
   936.630    23.281    13.772
   936.730    23.281    13.822
   937.140    23.281    13.822
   937.240    23.281    13.923
   937.340    23.281    14.023
   937.440    23.281    14.023
   937.540    23.281    14.124
   937.640    23.281    14.174
   937.740    23.281    14.224
   937.940    23.281    14.224
   938.040    23.281    14.274
   938.140    23.229    14.325
   938.240    23.229    14.425
   938.340    23.229    14.425
   938.440    23.229    14.475
   938.540    23.183    14.630
   938.640    23.131    14.731
   938.750    23.079    14.781
   939.650    23.079    14.781
   939.750    23.183    14.881
   939.850    23.183    14.932
   939.950    23.229    15.032
   940.050    23.229    15.132
   940.160    23.229    15.183
   940.560    23.229    15.183
   940.660    23.229    15.233
   944.380    23.229    15.233
   944.480    23.333    15.383
   946.400    23.333    15.383
   946.500    23.385    15.383
   947.010    23.385    15.383
   947.110    23.385    15.434
   947.620    23.385    15.434
   947.720    23.385    15.484
   949.530    23.385    15.484
   949.630    23.385    15.534
   952.850    23.385    15.534
   952.950    23.333    15.534
   953.760    23.333    15.534
   953.860    23.483    15.534
   953.960    23.535    15.534
   954.060    23.587    15.534
   954.870    23.587    15.534
   954.970    23.535    15.534
   955.070    23.535    15.534
   955.170    23.535    15.635
   955.270    23.535    15.735
   955.370    23.535    15.835
   955.470    23.535    15.936
   955.570    23.535    16.086
   955.670    23.483    16.187
   955.770    23.483    16.287
   955.870    23.483    16.337
   955.970    23.483    16.388
   956.070    23.483    16.488
   956.580    23.483    16.488
   956.680    23.483    16.538
   956.780    23.483    16.639
   956.880    23.483    16.689
   957.280    23.483    16.689
   957.380    23.483    16.588
   957.480    23.483    16.538
   959.800    23.483    16.538
   959.900    23.437    16.538
   960.100    23.437    16.538
   960.200    23.437    16.488
   960.700    23.437    16.488
   960.800    23.483    16.438
   962.510    23.483    16.438
   962.610    23.483    16.287
   962.710    23.483    16.237
   962.810    23.483    16.187
   962.920    23.483    16.187
   963.020    23.483    16.137
   963.120    23.535    16.137
   963.220    23.743    16.036
   964.120    23.743    16.036
   964.220    23.743    15.986
   964.320    23.743    15.936
   964.630    23.743    15.936
   964.730    23.691    15.936
   964.830    23.639    15.936
  1114.680    23.639    15.936
  1114.780    23.691    15.785
  1115.080    23.691    15.785
  1115.180    23.743    15.785
  1115.990    23.743    15.785
  1116.090    23.743    15.735
  1116.390    23.743    15.735
  1116.490    23.743    15.685
  1117.190    23.743    15.685
  1117.290    23.743    15.584
  1117.390    23.743    15.484
  1119.000    23.743    15.484
  1119.100    23.743    15.333
  1119.300    23.743    15.333
  1119.400    23.743    15.283
  1119.510    23.743    15.283
  1119.610    23.789    15.233
  1120.910    23.789    15.233
  1121.010    23.789    15.183
  1213.480    23.789    15.183
  1213.580    24.147    15.032
  1213.680    24.147    15.032
  1213.790    24.147    14.831
  1213.890    24.147    14.781
  1213.990    24.147    14.731
  1214.090    24.147    14.731
  1214.190    24.199    14.731
  1214.490    24.199    14.731
  1214.590    24.251    14.731
  1214.690    24.297    14.731
  1214.990    24.297    14.731
  1215.090    24.297    14.681
  1215.190    24.297    14.681
  1215.290    24.297    14.630
  1215.390    24.297    14.630
  1215.500    24.297    14.681
  1215.800    24.297    14.681
  1215.900    24.297    14.580
  1216.000    24.297    14.580
  1216.100    24.349    14.580
  1216.200    24.349    14.525
  1216.300    24.349    14.475
  1216.400    24.349    14.425
  1216.500    24.349    14.375
  1216.600    24.452    14.375
  1216.700    24.452    14.325
  1216.800    24.504    14.325
  1217.100    24.504    14.325
  1217.210    24.556    14.274
  1217.310    24.556    14.124
  1218.820    24.556    14.124
  1218.920    24.603    14.124
  1219.020    24.556    14.073
  1219.120    24.556    13.973
  1219.420    24.556    13.973
  1219.520    24.556    13.923
  1219.620    24.556    13.873
  1220.230    24.556    13.873
  1220.330    24.556    13.822
  1220.430    24.556    13.722
  1220.630    24.556    13.722
  1220.730    24.654    13.672
  1220.930    24.654    13.672
  1221.030    24.654    13.622
  1221.130    24.654    13.571
  1221.230    24.654    13.471
  1221.330    24.654    13.421
  1221.430    24.654    13.320
  1221.530    24.654    13.270
  1221.730    24.654    13.270
  1221.840    24.758    13.220
  1221.940    24.810    13.170
  1222.040    24.810    13.170
  1222.140    24.810    13.120
  1222.240    24.810    13.120
  1222.340    24.810    13.069
  1222.440    24.810    13.069
  1222.540    24.810    13.019
  1223.140    24.810    13.019
  1223.240    24.810    12.919
  1223.350    24.810    12.868
  1223.440    24.810    12.768
  1223.550    24.810    12.718
  1223.650    24.810    12.668
  1224.250    24.810    12.668
  1224.350    24.810    12.718
  1224.650    24.810    12.718
  1224.750    24.810    12.768
  1224.850    24.810    12.768
  1224.950    24.810    12.868
  1225.050    24.810    12.969
  1225.160    24.810    13.019
  1225.260    24.810    13.019
  1225.360    24.810    13.069
  1225.760    24.810    13.069
  1225.860    24.810    13.120
  1226.560    24.810    13.120
  1226.660    24.856    12.969
  1226.760    24.856    12.969
  1226.860    24.856    12.919
  1226.970    24.856    12.868
  1227.370    24.856    12.868
  1227.470    24.856    12.768
  1227.670    24.856    12.768
  1227.770    24.856    12.718
  1229.080    24.856    12.718
  1229.180    24.856    12.768
  1229.280    24.856    12.768
  1229.380    24.856    12.818
  1229.480    24.856    12.919
  1229.580    24.856    12.969
  1229.680    24.960    13.120
  1229.780    25.012    13.220
  1229.880    25.012    13.270
  1230.590    25.012    13.270
  1230.690    25.012    13.220
  1230.790    25.064    13.170
  1230.990    25.064    13.170
  1231.090    25.064    13.019
  1231.490    25.064    13.019
  1231.590    25.064    12.969
  1231.690    25.064    12.919
  1231.800    25.064    12.818
  1232.100    25.064    12.818
  1232.200    25.110    12.818
  1232.300    25.110    12.818
  1232.400    25.162    12.818
  1232.800    25.162    12.818
  1232.900    25.162    12.718
  1233.610    25.162    12.718
  1233.710    25.162    12.818
  1233.810    25.162    12.868
  1233.910    25.162    12.919
  1234.010    25.162    12.919
  1234.110    25.162    12.969
  1234.210    25.162    13.120
  1234.310    25.162    13.120
  1234.410    25.162    13.220
  1234.510    25.162    13.371
  1234.610    25.162    13.521
  1234.710    25.162    13.622
  1234.810    25.162    13.722
  1234.910    25.162    13.923
  1235.010    25.162    14.124
  1235.120    25.162    14.325
  1235.220    25.162    14.525
  1235.320    25.162    14.731
  1235.420    25.162    14.932
  1235.520    25.162    14.932
  1235.620    25.110    15.132
  1235.720    25.110    15.434
  1235.820    25.110    15.635
  1235.920    25.064    15.785
  1236.020    24.960    15.986
  1236.120    24.908    16.187
  1236.220    24.908    16.388
  1236.320    24.856    16.488
  1236.420    24.856    16.689
  1236.520    24.856    16.840
  1236.620    24.856    17.040
  1236.720    24.810    17.191
  1236.830    24.810    17.241
  1236.930    24.654    17.342
  1237.030    24.349    17.593
  1237.130    24.251    17.793
  1237.230    24.095    17.994
  1237.330    23.945    18.095
  1237.430    23.945    18.195
  1237.530    23.945    18.195
  1237.630    23.743    18.296
  1237.730    23.691    18.346
  1237.830    23.691    18.346
  1237.930    23.483    18.451
  1238.030    23.437    18.451
  1238.130    23.385    18.451
  1238.240    23.333    18.451
  1238.340    22.975    18.551
  1238.440    22.975    18.551
  1238.540    22.929    18.601
  1238.740    22.929    18.601
  1238.840    22.877    18.601
  1239.140    22.877    18.601
  1239.240    22.877    18.652
  1239.540    22.877    18.652
  1239.640    22.877    18.702
  1239.850    22.877    18.702
  1239.950    22.825    18.752
  1240.050    22.825    18.852
  1240.150    22.825    18.903
  1241.960    22.825    18.903
  1242.060    21.810    19.053
  1242.160    21.654    19.053
  1242.260    21.654    19.053
  1242.360    21.758    19.053
  1242.460    21.862    19.053
  1242.560    22.012    19.103
  1242.660    22.214    19.304
  1242.760    22.468    19.405
  1243.070    22.468    19.405
  1243.170    22.520    19.405
  1243.270    22.520    19.405
  1243.370    22.623    19.405
  1243.470    22.675    19.405
  1243.570    22.773    19.405
  1243.670    22.877    19.405
  1243.770    22.929    19.455
  1243.870    23.079    19.555
  1244.370    23.079    19.555
  1244.470    22.975    19.606
  1245.580    22.975    19.606
  1245.680    22.929    19.606
  1247.190    22.929    19.606
  1247.290    23.027    19.606
  1247.390    23.131    19.606
  1247.490    23.333    19.606
  1247.590    23.437    19.656
  1248.000    23.437    19.656
  1248.100    23.333    19.706
  1248.200    23.333    19.706
  1248.300    23.333    19.806
  1248.400    23.333    19.857
  1248.500    23.333    19.907
  1249.400    23.333    19.907
  1249.510    23.333    19.706
  1249.610    23.333    19.706
  1249.710    23.333    19.606
  1249.810    23.333    19.455
  1249.910    23.437    19.355
  1250.010    23.483    19.355
  1250.610    23.483    19.355
  1250.710    23.281    19.355
  1250.810    23.281    19.355
  1250.920    23.183    19.355
  1251.620    23.183    19.355
  1251.720    23.183    19.455
  1251.820    23.229    19.555
  1251.920    23.229    19.606
  1252.020    23.281    19.756
  1252.120    23.281    19.806
  1252.220    23.281    19.857
  1255.440    23.281    19.857
  1255.540    23.281    19.505
  1255.740    23.281    19.505
  1255.850    23.281    19.405
  1255.950    23.281    19.204
  1256.050    23.281    19.103
  1256.150    23.281    19.103
  1256.250    23.437    19.103
  1256.350    23.483    19.103
  1256.450    23.483    19.103
  1256.550    23.587    19.103
  1256.650    23.639    19.053
  1256.750    23.691    18.953
  1256.950    23.691    18.953
  1257.050    23.789    18.903
  1257.760    23.789    18.903
  1257.860    23.841    18.802
  1257.960    23.841    18.702
  1258.060    23.841    18.601
  1258.160    23.841    18.501
  1258.360    23.841    18.501
  1258.460    23.841    18.451
  1258.960    23.841    18.451
  1259.060    23.893    18.451
  1259.260    23.893    18.451
  1259.360    23.893    18.601
  1261.980    23.893    18.601
  1262.080    23.945    18.601
  1262.590    23.945    18.601
  1262.690    23.893    18.551
  1262.790    23.789    18.501
  1262.890    23.639    18.451
  1262.990    23.535    18.346
  1263.090    23.385    18.245
  1263.190    23.333    18.145
  1263.290    23.333    18.045
  1263.390    23.183    17.793
  1263.490    23.079    17.643
  1263.590    22.975    17.643
  1265.500    22.975    17.643
  1265.600    23.079    17.643
  1265.700    23.079    17.643
  1265.800    23.079    17.492
  1265.910    23.131    17.442
  1266.010    23.229    17.442
  1266.310    23.229    17.442
  1266.410    23.333    17.593
  1267.010    23.333    17.593
  1267.110    23.333    17.492
  1267.210    23.333    17.492
  1267.310    23.587    17.342
  1267.410    23.639    17.342
  1270.030    23.639    17.342
  1270.130    23.639    17.392
  1272.350    23.639    17.392
  1272.450    23.639    17.492
  1272.650    23.639    17.492
  1272.750    23.639    17.593
  1272.850    23.483    17.643
  1272.950    23.281    17.793
  1273.050    23.183    17.994
  1273.150    23.131    18.095
  1273.250    23.027    18.145
  1273.350    22.975    18.195
  1273.450    22.877    18.346
  1273.550    22.825    18.501
  1273.650    22.825    18.501
  1273.750    22.773    18.601
  1274.050    22.773    18.601
  1274.160    22.877    18.601
  1275.560    22.877    18.601
  1275.660    22.929    18.501
  1275.760    22.929    18.451
  1275.870    22.929    18.451
  1275.970    22.975    18.401
  1276.070    23.027    18.401
  1276.170    23.027    18.346
  1276.270    23.027    18.296
  1276.370    23.027    18.195
  1276.570    23.027    18.195
  1276.670    23.027    18.145
  1286.930    23.027    18.145
  1287.040    23.079    18.045
  1287.140    23.079    18.045
  1287.240    23.079    17.994
  1287.340    23.079    17.894
  1288.440    23.079    17.894
  1288.540    23.131    18.045
  1291.760    23.131    18.045
  1291.870    23.183    18.095
  1291.970    23.229    18.095
  1292.170    23.229    18.095
  1292.270    23.229    18.195
  1292.870    23.229    18.195
  1292.970    23.229    18.245
  1299.810    23.229    18.245
  1299.920    23.333    18.296
  1301.630    23.333    18.296
  1301.730    23.281    18.195
  1301.830    23.229    18.195
  1301.930    23.229    18.195
  1302.030    23.183    18.195
  1302.130    23.183    18.195
  1302.230    23.183    18.095
  1303.140    23.183    18.095
  1303.240    23.131    18.095
  1306.360    23.131    18.095
  1306.460    23.079    17.994
  1318.330    23.079    17.994
  1318.430    23.027    17.994
  1319.030    23.027    17.994
  1319.130    23.079    18.045
  1319.230    23.079    18.095
  1319.740    23.079    18.095
  1319.840    23.027    18.095
  1319.940    23.027    18.095
  1320.040    22.975    18.095
  1320.140    22.877    18.095
  1320.240    22.877    18.095
  1320.340    22.825    18.095
  1320.440    22.825    18.095
  1320.540    22.722    18.095
  1320.740    22.722    18.095
  1320.850    22.773    18.095
  1320.940    22.825    18.095
  1321.050    22.825    18.095
  1321.150    22.825    17.994
  1321.450    22.825    17.994
  1321.550    22.773    17.944
  1321.650    22.773    17.944
  1321.750    22.722    17.994
  1323.660    22.722    17.994
  1323.760    22.929    17.994
  1323.860    22.929    17.994
  1323.960    22.975    17.994
  1324.060    23.027    17.994
  1324.170    23.079    17.994
  1324.570    23.079    17.994
  1324.670    23.079    17.944
  1324.770    23.079    17.944
  1324.870    23.079    17.894
  1324.970    23.027    17.894
  1325.070    23.027    17.894
  1325.170    22.877    17.844
  1325.370    22.877    17.844
  1325.470    22.877    17.743
  1325.570    22.877    17.743
  1325.670    22.929    17.743
  1325.770    23.027    17.743
  1326.080    23.027    17.743
  1326.180    23.079    17.743
  1326.280    23.079    17.743
  1326.380    23.229    17.743
  1326.480    23.437    17.743
  1326.580    23.483    17.743
  1326.680    23.483    17.743
  1326.780    23.483    17.693
  1327.080    23.483    17.693
  1327.180    23.535    17.693
  1327.380    23.535    17.693
  1327.480    23.535    17.643
  1330.910    23.535    17.643
  1331.010    23.535    17.542
  1331.210    23.535    17.542
  1331.310    23.535    17.442
  1331.410    23.535    17.342
  1331.510    23.535    17.241
  1331.610    23.587    17.241
  1331.910    23.587    17.241
  1332.010    23.691    17.241
  1332.110    23.893    17.241
  1332.210    23.945    17.241
  1332.620    23.945    17.241
  1332.720    23.945    17.392
  1332.820    23.997    17.392
  1333.320    23.997    17.392
  1333.420    23.841    17.492
  1333.520    23.841    17.492
  1333.620    23.691    17.542
  1333.720    23.535    17.693
  1333.820    23.535    17.743
  1334.030    23.535    17.743
  1334.130    23.385    17.894
  1334.230    23.385    17.894
  1334.330    23.385    17.994
  1334.430    23.385    18.095
  1334.530    23.385    18.145
  1334.730    23.385    18.145
  1334.830    23.483    18.145
  1335.030    23.483    18.145
  1335.130    23.587    18.145
  1335.230    23.691    18.145
  1335.330    23.691    18.145
  1335.430    23.691    18.045
  1335.530    23.743    17.944
  1335.640    23.789    17.844
  1335.740    23.691    17.743
  1335.840    23.691    17.743
  1335.940    23.639    17.593
  1336.040    23.587    17.593
  1336.140    23.535    17.593
  1336.240    23.437    17.542
  1336.340    23.385    17.542
  1336.440    23.281    17.542
  1336.540    23.229    17.542
  1336.840    23.229    17.542
  1336.940    23.183    17.492
  1337.040    23.079    17.492
  1337.140    23.079    17.492
  1337.250    23.027    17.492
  1337.350    22.929    17.542
  1337.450    22.825    17.542
  1337.550    22.825    17.542
  1337.650    22.773    17.492
  1337.750    22.722    17.492
  1337.950    22.722    17.492
  1338.050    22.722    17.392
  1338.150    22.722    17.342
  1340.670    22.722    17.342
  1340.770    22.520    17.291
  1341.070    22.520    17.291
  1341.170    22.416    17.291
  1341.470    22.416    17.291
  1341.570    22.416    17.191
  1341.770    22.416    17.191
  1341.870    22.318    17.040
  1341.970    22.214    17.040
  1342.080    22.116    16.990
  1342.180    22.116    16.990
  1342.280    21.960    16.940
  1342.380    21.758    16.890
  1342.480    21.654    16.789
  1342.580    21.556    16.789
  1342.680    21.452    16.689
  1342.780    21.198    16.588
  1342.880    20.841    16.237
  1342.980    20.639    16.036
  1343.080    20.587    15.785
  1343.180    20.535    15.735
  1343.380    20.535    15.735
  1343.480    20.587    15.735
  1344.590    20.587    15.735
  1344.690    20.489    15.735
  1344.790    20.131    15.735
  1344.890    19.981    15.484
  1344.990    19.877    15.283
  1345.090    19.825    15.183
  1345.190    19.675    15.032
  1345.290    19.467    14.881
  1345.390    19.265    14.831
  1345.600    19.265    14.831
  1345.700    19.063    14.731
  1349.120    19.063    14.731
  1349.220    18.758    14.731
  1349.420    18.758    14.731
  1349.520    18.452    14.681
  1349.620    18.250    14.681
  1349.720    18.146    14.681
  1349.820    18.100    14.681
  1349.920    17.892    14.681
  1350.020    17.586    14.681
  1350.120    17.436    14.681
  1350.220    17.131    14.681
  1350.330    16.773    14.630
  1350.430    16.473    14.630
  1350.530    16.317    14.630
  1350.630    16.317    14.630
  1350.730    16.265    14.580
  1350.830    16.115    14.580
  1350.930    15.965    14.580
  1351.030    15.809    14.580
  1351.130    15.503    14.580
  1351.230    15.250    14.580
  1351.330    14.794    14.630
  1351.430    14.488    14.831
  1351.530    14.286    14.982
  1351.630    13.980    15.183
  1351.730    13.778    15.283
  1351.830    13.524    15.534
  1351.930    13.115    15.835
  1352.040    13.115    15.886
  1352.140    13.115    15.936
  1352.240    13.017    16.086
  1352.340    12.965    16.287
  1352.440    12.913    16.588
  1352.540    12.659    16.940
  1352.640    12.659    16.990
  1352.740    12.659    17.091
  1352.840    12.659    17.091
  1352.940    12.659    17.191
  1353.040    12.659    17.342
  1353.540    12.659    17.342
  1353.640    12.711    17.241
  1353.950    12.711    17.241
  1354.050    12.353    17.241
  1354.150    12.353    17.241
  1354.250    12.301    17.241
  1354.350    12.301    17.241
  1354.450    12.249    17.241
  1354.550    12.249    17.191
  1354.650    12.301    17.191
  1354.750    12.405    16.940
  1354.850    12.607    16.840
  1354.950    12.607    16.840
  1355.080    12.659    16.840
  1355.160    12.659    16.538
  1355.360    12.659    16.538
  1355.460    12.659    16.990
  1355.560    12.711    17.191
  1355.960    12.711    17.191
  1356.060    12.757    17.241
  1356.160    12.757    17.492
  1356.260    12.757    17.643
  1356.360    12.809    17.994
  1356.460    12.861    18.296
  1356.560    12.861    18.752
  1356.660    13.063    18.953
  1356.760    13.219    19.003
  1356.860    13.317    19.103
  1356.970    13.421    19.405
  1357.070    13.421    19.756
  1357.170    13.421    19.806
  1357.270    13.421    20.057
  1357.370    13.473    20.258
  1357.470    13.571    20.610
  1357.570    13.674    20.861
  1357.670    13.623    21.212
  1357.770    13.623    21.463
  1357.870    13.674    21.815
  1357.970    13.674    21.815
  1358.070    13.623    21.965
  1358.170    13.473    22.321
  1358.270    13.219    22.723
  1358.370    13.167    22.924
  1358.480    13.115    23.376
  1358.580    12.965    23.727
  1358.680    12.757    23.978
  1361.700    12.757    23.978
  1361.800    12.757    24.129
  1361.900    12.711    24.280
  1362.000    12.711    24.430
  1362.100    12.711    24.581
  1362.200    12.757    24.932
  1363.100    12.757    24.932
  1363.210    12.757    24.731
  1363.310    12.809    24.581
  1364.510    12.809    24.581
  1364.610    12.913    24.581
  1364.710    12.913    24.581
  1364.810    12.965    24.731
  1364.920    12.965    24.882
  1366.020    12.965    24.882
  1366.120    12.965    24.982
  1366.220    12.965    25.083
  1366.320    12.965    25.133
  1366.430    12.965    25.334
  1366.830    12.965    25.334
  1366.930    12.965    25.234
  1367.730    12.965    25.234
  1367.840    12.913    25.384
  1367.940    12.913    25.485
  1368.040    12.913    25.635
  1368.140    12.913    25.736
  1368.240    12.913    25.886
  1368.340    12.913    25.991
  1369.040    12.913    25.991
  1369.140    12.965    26.041
  1369.240    13.271    26.092
  1369.350    13.271    26.192
  1369.440    13.271    26.192
  1369.550    13.369    26.192
  1369.750    13.369    26.192
  1369.850    13.473    26.242
  1369.950    13.524    26.242
  1371.260    13.524    26.242
  1371.360    13.623    26.393
  1371.960    13.623    26.393
  1372.060    13.524    26.192
  1372.870    13.524    26.192
  1372.970    13.317    26.142
  1373.070    13.317    26.142
  1373.170    13.317    26.092
  1373.270    13.167    25.936
  1373.370    13.017    25.836
  1373.470    12.965    25.736
  1374.080    12.965    25.736
  1374.180    12.965    25.685
  1374.480    12.965    25.685
  1374.580    12.913    25.635
  1374.680    12.913    25.635
  1374.780    12.861    25.635
  1374.880    12.809    25.635
  1374.980    12.809    25.635
  1375.080    12.757    25.635
  1380.620    12.757    25.635
  1380.720    12.607    25.535
  1380.820    12.555    25.535
  1380.920    12.555    25.535
  1381.020    12.405    25.485
  1381.120    12.301    25.384
  1381.220    12.301    25.284
  1381.320    12.249    25.234
  1381.420    12.203    25.133
  1381.520    12.151    25.083
  1381.720    12.151    25.083
  1381.820    12.203    25.133
  1381.920    12.249    25.133
  1382.130    12.249    25.133
  1382.230    12.151    25.133
  1382.330    12.099    25.133
  1382.430    12.099    25.133
  1382.530    11.995    25.133
  1382.630    11.897    25.133
  1382.730    11.794    25.133
  1383.030    11.794    25.133
  1383.130    11.742    25.083
  1383.230    11.488    25.083
  1383.330    11.338    25.083
  1383.430    11.182    25.083
  1383.530    11.136    25.083
  1383.630    11.084    25.083
  1384.740    11.084    25.083
  1384.840    10.876    25.083
  1384.940    10.830    25.083
  1385.850    10.830    25.083
  1385.950    10.778    25.083
  1386.150    10.778    25.083
  1386.250    10.674    25.083
  1386.550    10.674    25.083
  1386.650    10.778    25.083
  1386.750    10.778    25.083
  1386.850    10.830    24.982
  1386.950    10.876    24.832
  1387.050    10.980    24.832
  1387.160    11.032    24.832
  1387.560    11.032    24.832
  1387.660    10.876    24.882
  1387.860    10.876    24.882
  1387.960    10.622    25.033
  1388.060    10.524    25.083
  1388.160    10.420    25.133
  1389.270    10.420    25.133
  1389.370    10.472    25.133
  1390.980    10.472    25.133
  1391.080    10.576    25.183
  1391.680    10.576    25.183
  1391.780    10.576    25.133
  1391.890    10.576    25.083
  1391.990    10.576    25.033
  1392.390    10.576    25.033
  1392.490    10.420    25.234
  1392.590    10.368    25.284
  1393.600    10.368    25.284
  1393.700    10.270    25.284
  1393.800    10.063    25.384
  1394.100    10.063    25.384
  1394.200     9.913    25.384
  1394.300     9.913    25.384
  1394.400     9.861    25.384
  1395.810     9.861    25.384
  1395.910     9.913    25.334
  1396.010    10.016    25.334
  1396.110    10.016    25.284
  1396.210    10.016    25.234
  1396.310    10.016    25.183
  1396.820    10.016    25.183
  1396.920    10.016    25.284
  1397.120    10.016    25.284
  1397.220    10.016    25.334
  1397.320    10.016    25.434
  1397.420    10.016    25.585
  1397.620    10.016    25.585
  1397.720    10.016    25.685
  1398.320    10.016    25.685
  1398.420    10.016    25.786
  1398.530    10.016    25.786
  1398.630    10.016    25.836
  1399.330    10.016    25.836
  1399.430    10.063    25.836
  1399.530    10.063    25.836
  1399.630    10.114    25.836
  1399.730    10.166    25.836
  1399.830    10.218    25.886
  1399.930    10.270    25.936
  1400.040    10.368    25.936
  1400.140    10.420    25.991
  1400.240    10.524    26.041
  1400.340    10.576    26.041
  1400.440    10.674    26.041
  1400.540    10.726    26.041
  1400.640    10.726    26.092
  1400.740    10.726    26.242
  1400.940    10.726    26.242
  1401.040    10.830    26.292
  1401.140    10.876    26.343
  1401.240    10.876    26.343
  1401.340    10.980    26.393
  1401.440    11.084    26.443
  1401.550    11.084    26.443
  1401.640    11.182    26.493
  1401.750    11.338    26.543
  1401.850    11.390    26.543
  1401.950    11.390    26.543
  1402.050    11.540    26.694
  1402.250    11.540    26.694
  1402.350    11.690    26.744
  1402.450    11.690    26.744
  1402.550    11.794    26.744
  1402.650    11.897    26.744
  1402.750    11.897    26.744
  1402.850    11.944    26.744
  1402.950    12.047    26.744
  1403.150    12.047    26.744
  1403.250    12.099    26.744
  1403.350    12.099    26.694
  1403.860    12.099    26.694
  1403.960    12.249    26.694
  1404.060    12.503    26.644
  1404.260    12.503    26.644
  1404.360    12.555    26.644
  1404.860    12.555    26.644
  1404.960    12.757    26.644
  1405.270    12.757    26.644
  1405.370    12.913    26.694
  1405.470    12.913    26.694
  1405.570    13.063    26.795
  1405.670    13.219    26.795
  1405.770    13.219    26.795
  1405.870    13.219    26.845
  1406.170    13.219    26.845
  1406.270    13.219    26.744
  1406.370    13.219    26.694
  1406.470    13.271    26.694
  1406.570    13.317    26.694
  1406.680    13.317    26.694
  1406.780    13.421    26.694
  1407.180    13.421    26.694
  1407.280    13.571    26.694
  1407.480    13.571    26.694
  1407.580    13.674    26.694
  1407.680    13.726    26.694
  1407.780    13.824    26.694
  1407.890    13.824    26.694
  1407.990    13.876    26.694
  1408.890    13.876    26.694
  1408.990    13.980    26.694
  1409.090    14.084    26.694
  1409.190    14.084    26.694
  1409.290    14.130    26.694
  1409.390    14.234    26.694
  1409.490    14.234    26.694
  1409.600    14.384    26.694
  1409.700    14.488    26.694
  1409.800    14.540    26.694
  1409.900    14.540    26.895
  1410.000    14.592    26.945
  1410.100    14.794    27.046
  1410.200    14.944    27.046
  1410.300    14.996    27.096
  1410.400    15.100    27.096
  1410.800    15.100    27.096
  1410.900    15.405    27.146
  1411.000    15.405    27.146
  1411.100    15.405    27.347
  1411.210    15.405    27.397
  1411.300    15.555    27.397
  1411.410    16.011    27.196
  1412.410    16.011    27.196
  1412.510    16.265    27.246
  1415.030    16.265    27.246
  1415.130    16.265    27.447
  1415.230    16.265    27.447
  1415.330    16.265    27.548
  1415.430    16.265    27.598
  1415.530    16.265    27.648
  1416.440    16.265    27.648
  1416.540    16.317    27.648
  1416.640    16.317    27.648
  1416.740    16.421    27.749
  1416.840    16.421    27.799
  1416.940    16.421    27.799
  1417.040    16.519    27.799
  1417.140    16.519    27.799
  1417.240    16.773    28.000
  1417.340    16.773    28.000
  1417.440    16.773    28.050
  1417.540    16.877    28.050
  1417.640    16.981    28.050
  1417.840    16.981    28.050
  1417.950    17.131    28.150
  1418.250    17.131    28.150
  1418.350    17.079    28.351
  1418.450    17.079    28.351
  1418.550    17.079    28.401
  1418.650    17.079    28.401
  1418.750    17.079    28.451
  1418.850    17.079    28.502
  1418.950    17.079    28.602
  1419.960    17.079    28.602
  1420.060    17.079    28.652
  1420.260    17.079    28.652
  1420.360    17.079    28.702
  1420.560    17.079    28.702
  1420.660    17.079    28.803
  1420.760    17.079    28.853
  1421.170    17.079    28.853
  1421.270    17.131    28.853
  1421.570    17.131    28.853
  1421.670    17.131    28.903
  1421.770    17.131    28.954
  1421.870    17.131    28.954
  1421.980    17.131    29.004
  1422.080    17.131    29.054
  1422.180    17.183    29.104
  1422.280    17.183    29.205
  1422.380    17.183    29.205
  1422.480    17.234    29.255
  1422.580    17.234    29.255
  1422.680    17.333    29.305
  1422.780    17.333    29.305
  1422.890    17.333    29.355
  1423.090    17.333    29.355
  1423.190    17.384    29.355
  1423.290    17.436    29.355
  1423.590    17.436    29.355
  1423.690    17.488    29.456
  1423.790    17.488    29.456
  1423.890    17.540    29.506
  1423.990    17.540    29.556
  1424.090    17.540    29.556
  1424.190    17.638    29.556
  1424.290    17.638    29.606
  1424.390    17.690    29.757
  1424.490    17.742    29.812
  1424.600    17.794    29.912
  1424.700    17.846    29.912
  1424.800    17.846    29.912
  1424.900    17.846    29.962
  1425.000    17.846    30.063
  1425.200    17.846    30.063
  1425.300    17.892    30.063
  1425.400    17.892    30.063
  1425.500    17.944    30.113
  1425.900    17.944    30.113
  1426.000    17.996    30.213
  1429.020    17.996    30.213
  1429.120    18.146    30.063
