     2.960     3.560    13.622
   339.040     3.560    13.622
   339.140     3.710    13.571
   339.240     3.710    13.571
   339.340     3.762    13.622
   339.440     3.762    13.622
   339.550     3.814    13.622
   339.650     3.866    13.471
   340.350     3.866    13.471
   340.450     3.866    13.421
   340.550     3.710    13.421
   340.850     3.710    13.421
   340.950     3.612    13.421
   341.050     3.508    13.421
   341.860     3.508    13.421
   341.960     3.508    13.371
   342.260     3.508    13.371
   342.360     3.456    13.371
   342.860     3.456    13.371
   342.960     3.254    13.421
   343.370     3.254    13.421
   343.470     3.000    13.471
   344.270     3.000    13.471
   344.370     2.896    13.521
   344.570     2.896    13.521
   344.680     2.896    13.622
   344.780     2.896    13.622
   344.880     2.896    13.722
   344.980     2.896    13.772
   345.180     2.896    13.772
   345.280     2.896    13.822
   345.380     2.948    13.873
   345.480     2.948    13.873
   345.580     2.948    13.923
   345.680     2.948    13.923
   345.780     3.052    13.973
   345.880     3.150    13.973
   345.980     3.150    14.023
   346.080     3.150    14.023
   346.180     3.202    14.023
   347.800     3.202    14.023
   347.900     3.202    14.073
   348.000     3.098    14.124
   351.120     3.098    14.124
   351.220     3.150    14.124
   351.620     3.150    14.124
   351.720     3.202    14.124
   351.820     3.202    14.124
   351.920     3.254    14.124
   352.020     3.306    14.174
   352.620     3.306    14.174
   352.730     3.254    14.124
   352.830     3.150    14.073
   352.930     3.098    14.073
   353.030     2.948    13.873
   353.130     2.798    13.521
   353.230     2.746    13.320
   353.330     2.591    13.220
   353.430     2.544    13.220
   356.250     2.544    13.220
   356.350     2.544    13.270
   356.450     2.544    13.320
   356.550     2.544    13.371
   356.650     2.544    13.471
   356.750     2.591    13.471
   356.850     2.591    13.471
   356.950     2.695    13.471
   357.050     2.746    13.471
   357.150     2.845    13.471
   357.260     2.948    13.471
   357.360     3.000    13.521
   357.560     3.000    13.521
   357.660     3.000    13.672
   357.760     3.000    13.722
   357.860     3.000    13.722
   357.960     3.000    13.772
   358.160     3.000    13.772
   358.260     3.052    13.772
   358.360     3.098    13.772
   358.460     3.254    13.822
   358.560     3.306    13.822
   358.660     3.306    13.822
   358.760     3.306    13.873
   366.010     3.306    13.873
   366.110     3.202    13.873
   367.320     3.202    13.873
   367.420     3.202    13.923
   367.520     3.202    13.973
   367.620     3.352    14.023
   367.720     3.456    14.023
   368.020     3.456    14.023
   368.120     3.560    14.023
   368.420     3.560    14.023
   368.520     3.658    14.023
   368.830     3.658    14.023
   368.930     3.814    14.023
   369.030     3.814    14.023
   369.130     3.866    14.023
   369.230     3.912    14.023
   369.330     3.912    14.023
   369.430     4.016    14.023
   369.530     4.166    14.023
   369.630     4.218    14.023
   369.730     4.218    14.023
   369.830     4.575    14.073
   369.930     4.679    14.073
   370.030     4.777    14.124
   370.330     4.777    14.124
   370.440     4.829    14.174
   377.980     4.829    14.174
   378.080     4.881    14.224
   385.120     4.881    14.224
   385.220     4.933    14.224
   385.320     4.933    14.224
   385.430     5.031    14.224
   385.530     5.135    14.224
   385.830     5.135    14.224
   385.930     5.135    14.124
   395.590     5.135    14.124
   395.690     5.187    14.124
   395.790     5.187    14.124
   395.890     5.233    14.124
   396.190     5.233    14.124
   396.290     5.233    14.174
   396.490     5.233    14.174
   396.600     5.233    14.124
   396.800     5.233    14.124
   396.900     5.233    14.023
   397.200     5.233    14.023
   397.300     5.233    13.973
   397.500     5.233    13.973
   397.600     5.233    13.923
   397.800     5.233    13.923
   397.900     5.337    13.923
   422.960     5.337    13.923
   423.060     5.389    13.923
   423.160     5.441    13.923
   423.260     5.441    13.923
   423.360     5.539    13.923
   423.460     5.591    13.923
   442.780     5.591    13.923
   442.880     5.591    13.873
   443.280     5.591    13.873
   443.380     5.539    13.873
   443.890     5.539    13.873
   443.990     5.493    13.873
   470.150     5.493    13.873
   470.250     5.493    13.923
   470.550     5.493    13.923
   470.650     5.539    13.973
   470.750     5.539    14.023
   504.160     5.539    14.023
   504.260     5.591    14.023
   504.460     5.591    14.023
   504.560     5.643    14.073
   504.660     5.643    14.073
   504.760     5.643    14.124
   504.960     5.643    14.124
   505.060     5.643    14.174
   505.160     5.643    14.174
   505.260     5.695    14.174
   505.770     5.695    14.174
   505.870     5.747    14.224
   506.570     5.747    14.224
   506.670     5.747    14.274
   506.770     5.747    14.325
   506.870     5.747    14.375
   506.980     5.747    14.425
   507.080     5.747    14.425
   507.180     5.747    14.475
   507.280     5.897    14.681
   507.380     6.047    14.831
   507.480     6.047    14.881
   507.580     6.151    15.082
   507.680     6.151    15.082
   507.780     6.203    15.082
   507.880     6.254    15.082
   507.980     6.353    15.082
   508.080     6.456    15.082
   508.180     6.658    15.283
   508.280     6.762    15.484
   508.380     6.814    15.635
   508.490     6.912    15.735
   508.590     7.166    15.835
   508.690     7.322    15.986
   508.990     7.322    15.986
   509.090     7.374    16.086
   509.190     7.472    16.337
   509.290     7.576    16.588
   509.390     7.628    16.789
   509.490     7.778    16.990
   509.590     7.928    17.191
   509.690     7.980    17.291
   509.790     8.084    17.342
   509.890     8.285    17.442
   509.990     8.337    17.442
   510.090     8.539    17.693
   510.200     8.741    17.743
   510.300     8.741    17.844
   510.400     8.897    17.894
   510.500     8.897    18.045
   510.600     8.949    18.195
   510.700     8.995    18.451
   510.800     9.047    18.601
   510.900     9.047    18.752
   511.000     9.151    19.103
   511.100     9.151    19.455
   511.200     9.151    19.505
   513.320     9.151    19.505
   513.420     9.255    19.455
   513.520     9.255    19.455
   513.620     9.457    19.455
   513.720     9.763    19.505
   513.820     9.763    19.505
   513.920     9.861    19.505
   514.620     9.861    19.505
   514.720     9.913    19.505
   514.820    10.218    19.505
   515.230    10.218    19.505
   515.330    10.166    19.555
   516.640    10.166    19.555
   516.740    10.063    19.706
   516.840    10.063    19.806
   516.940    10.063    19.907
   517.040     9.964    19.957
   517.140     9.913    20.007
   517.240     9.809    20.208
   517.340     9.607    20.509
   517.440     9.607    20.710
   517.540     9.607    20.861
   517.640     9.607    20.961
   517.840     9.607    20.961
   517.940     9.607    21.011
   518.050     9.509    21.212
   518.150     9.509    21.363
   518.250     9.203    21.614
   518.350     9.099    21.865
   518.450     9.099    22.116
   518.550     8.897    22.422
   518.650     8.695    22.572
   518.750     8.643    22.673
   518.850     8.539    22.773
   518.950     8.487    22.823
   519.050     8.441    22.974
   519.150     8.337    23.175
   519.250     8.337    23.275
   520.060     8.337    23.275
   520.160     8.337    23.376
   520.260     8.337    23.526
   520.360     8.337    23.627
   520.460     8.337    23.677
   520.560     8.337    23.828
   520.660     8.441    24.179
   520.760     8.441    24.480
   520.860     8.487    24.731
   520.960     8.793    24.982
   521.060     8.995    25.133
   521.160     9.047    25.183
   521.270     9.255    25.234
   521.370     9.509    25.234
   521.470     9.964    25.284
   521.570    10.114    25.384
   521.670    10.114    25.585
   521.770    10.166    25.786
   521.870    10.420    25.886
   521.970    10.622    25.991
   522.070    10.830    25.991
   522.170    10.928    26.041
   522.270    10.928    26.092
   522.370    10.928    26.192
   522.470    11.032    26.192
   522.570    11.234    26.242
   522.670    11.436    26.242
   522.770    11.488    26.292
   522.980    11.488    26.292
   523.070    11.540    26.292
   524.180    11.540    26.292
   524.280    11.540    26.343
   524.990    11.540    26.343
   525.090    11.643    26.343
   525.190    11.690    26.343
   525.290    11.794    26.343
   525.390    11.794    26.343
   525.490    11.897    26.343
   525.590    11.897    26.343
   525.690    12.203    26.343
   525.790    12.249    26.343
   525.890    12.503    26.343
   525.990    13.063    26.443
   526.090    13.317    26.443
   526.190    13.421    26.443
   526.300    13.571    26.443
   526.400    13.674    26.443
   526.500    13.726    26.443
   527.200    13.726    26.443
   527.300    13.876    26.443
   527.500    13.876    26.443
   527.600    14.130    26.443
   527.700    14.690    26.443
   527.800    15.302    26.443
   527.910    16.011    26.493
   528.010    16.167    26.594
   528.110    16.519    26.594
   528.310    16.519    26.594
   528.410    16.675    26.543
   528.710    16.675    26.543
   528.810    16.675    26.493
   529.110    16.675    26.493
   529.210    16.675    26.443
   529.820    16.675    26.443
   529.920    16.727    26.443
   530.020    17.033    26.443
   530.120    17.033    26.443
   530.220    17.131    26.443
   530.320    17.540    26.393
   530.420    17.742    26.292
   530.520    17.846    26.192
   530.620    17.944    26.192
   530.720    18.048    26.192
   530.820    18.250    26.142
   530.920    18.556    25.886
   531.020    18.608    25.836
   531.120    18.810    25.836
   531.220    19.063    25.936
   531.330    19.167    25.991
   531.530    19.167    25.991
   531.630    19.467    26.041
   531.730    19.571    26.041
   531.830    19.571    26.041
   531.930    19.623    26.041
   532.030    20.131    26.041
   532.230    20.131    26.041
   532.330    20.437    26.041
   532.530    20.437    26.041
   532.630    20.691    26.142
   532.740    20.944    26.242
   532.830    21.048    26.242
   533.940    21.048    26.242
   534.040    21.556    26.292
   534.140    21.758    26.292
   534.240    22.012    26.292
   534.340    22.318    26.292
   534.450    22.520    26.292
   534.550    22.572    26.292
   534.650    22.572    26.292
   534.750    22.825    26.292
   534.850    22.929    26.292
   534.950    22.929    26.292
   535.050    23.281    26.292
   535.150    23.587    26.292
   535.250    23.691    26.292
   535.350    23.743    26.343
   535.450    23.743    26.343
   535.550    23.893    26.443
   536.160    23.893    26.443
   536.260    23.997    26.443
   536.360    23.997    26.443
   536.460    24.199    26.443
   536.560    24.251    26.443
   536.660    24.349    26.443
   536.760    24.556    26.443
   536.960    24.556    26.443
   537.060    24.810    26.443
   537.360    24.810    26.443
   537.460    25.266    26.443
   537.560    25.774    26.443
   537.660    25.976    26.493
   537.770    26.282    26.543
   537.870    26.432    26.594
   537.970    26.691    26.694
   538.070    26.789    26.694
   538.170    27.297    26.694
   538.270    27.909    26.744
   538.370    28.312    26.795
   538.470    28.416    26.845
   538.570    28.572    26.895
   538.670    28.774    26.895
   538.770    29.282    26.895
   538.870    29.536    26.895
   538.970    29.893    26.895
   539.070    30.349    26.895
   539.170    30.401    26.895
   539.780    30.401    26.895
   539.880    30.245    26.795
   539.980    30.147    26.795
   540.080    30.095    26.795
   540.180    30.095    26.795
   540.280    30.043    26.795
   540.380    29.893    26.744
   540.480    29.686    26.644
   540.580    29.386    26.443
   540.680    29.386    26.443
   540.780    29.484    26.292
   540.890    29.536    26.192
   540.990    29.386    26.192
   541.690    29.386    26.192
   541.790    29.386    26.092
   541.890    29.282    25.991
   541.990    29.282    25.936
   542.090    29.282    25.736
   542.190    29.282    25.736
   542.290    29.282    25.635
   542.390    29.282    25.585
   542.490    29.282    25.585
   542.590    29.080    25.936
   543.000    29.080    25.936
   543.100    28.924    26.041
   543.200    28.722    26.142
   543.300    28.618    26.292
   543.400    28.572    26.292
   543.500    28.468    26.343
   543.600    28.468    26.343
   543.700    28.364    26.343
   543.800    28.059    26.343
   543.900    28.059    26.343
   544.000    27.857    26.393
   544.100    27.655    26.393
   544.810    27.655    26.393
   544.910    27.759    26.393
   547.220    27.759    26.393
   547.320    27.603    26.393
   547.420    27.603    26.393
   547.530    27.505    26.393
   547.630    27.199    26.393
   547.730    27.147    26.393
   547.830    27.095    26.393
   548.130    27.095    26.393
   548.230    26.789    26.393
   548.330    26.535    26.393
   548.630    26.535    26.393
   548.730    26.385    26.493
   548.830    26.132    26.493
   548.930    26.080    26.493
   549.030    25.924    26.543
   549.130    25.826    26.543
   549.240    25.572    26.543
   549.340    25.520    26.543
   549.440    25.266    26.543
   549.540    25.214    26.543
   549.640    24.960    26.543
   549.740    24.810    26.594
   549.840    24.556    26.594
   549.940    24.297    26.644
   550.140    24.297    26.644
   550.240    24.043    26.644
   550.340    23.789    26.644
   550.440    23.385    26.644
   550.540    23.229    26.644
   550.650    23.027    26.644
   550.750    22.975    26.644
   550.850    22.675    26.694
   550.950    22.675    26.694
   551.050    22.572    26.694
   551.150    22.214    26.694
   551.250    21.862    26.694
   551.350    21.400    26.694
   551.450    21.094    26.694
   553.680    21.094    26.694
   553.780    21.094    26.744
   553.880    21.048    26.795
   554.380    21.048    26.795
   554.480    20.944    26.845
   555.090    20.944    26.845
   555.190    20.893    26.895
   555.290    20.893    26.945
   555.590    20.893    26.945
   555.690    20.841    26.945
   555.790    20.841    26.945
   555.890    20.742    26.945
   555.990    20.691    26.945
   556.290    20.691    26.945
   556.400    20.691    26.995
   556.500    20.639    26.995
   556.700    20.639    26.995
   556.800    20.587    26.995
   556.900    20.535    26.995
   557.300    20.535    26.995
   557.400    20.535    27.046
   559.110    20.535    27.046
   559.210    20.333    27.146
   559.410    20.333    27.146
   559.510    20.183    27.146
   559.620    19.981    27.146
   559.720    19.825    27.146
   560.020    19.825    27.146
   560.120    19.773    27.146
   560.220    19.773    27.146
   560.320    19.773    27.196
   560.420    19.675    27.196
   560.520    19.369    27.297
   560.620    19.369    27.297
   560.720    19.265    27.397
   560.820    19.167    27.447
   560.920    19.063    27.447
   561.020    19.063    27.497
   561.430    19.063    27.497
   561.530    19.063    27.598
   562.530    19.063    27.598
   562.630    18.810    27.698
   563.740    18.810    27.698
   563.840    18.706    27.698
   564.040    18.706    27.698
   564.140    18.504    27.899
   564.240    18.504    27.899
   564.340    18.400    27.949
   564.850    18.400    27.949
   564.950    18.302    28.050
   565.050    18.198    28.150
   565.250    18.198    28.150
   565.350    18.198    28.200
   566.050    18.198    28.200
   566.150    18.198    28.251
   566.250    18.198    28.251
   566.350    17.742    28.502
   566.450    17.690    28.602
   566.560    17.690    28.652
   566.660    17.690    28.652
   566.760    17.586    28.803
   566.860    17.540    29.004
   566.960    17.540    29.054
   567.060    17.540    29.104
   567.260    17.540    29.104
   567.360    17.540    29.154
   567.860    17.540    29.154
   567.960    17.690    29.154
   568.060    17.690    29.305
   568.160    17.690    29.405
   568.270    17.690    29.506
   568.370    17.690    29.506
   568.470    17.794    29.506
   568.570    17.794    29.506
   568.670    17.794    29.656
   568.770    17.794    29.656
   568.870    17.690    29.757
   568.970    17.690    29.862
