     3.175    27.062    21.504
   131.602    27.062    21.504
   131.703    27.163    21.504
   131.804    27.214    21.504
   131.905    27.265    21.504
   132.005    27.265    21.504
   132.105    27.265    21.403
   132.207    27.265    21.353
   133.414    27.265    21.353
   133.514    27.265    21.252
   133.616    27.316    21.252
   138.246    27.316    21.252
   138.346    27.520    21.202
   138.447    27.621    21.202
   138.550    27.723    21.202
   138.751    27.723    21.202
   138.852    27.723    21.101
   138.952    27.723    21.051
   139.253    27.723    21.051
   139.353    27.774    21.051
   139.455    27.825    21.051
   139.555    27.825    21.051
   139.656    27.876    21.051
   142.174    27.876    21.051
   142.274    27.978    20.950
   142.374    28.080    20.950
   142.475    28.131    20.950
   142.677    28.131    20.950
   142.777    28.233    20.950
   142.878    28.233    20.950
   142.979    28.284    20.900
   146.300    28.284    20.900
   146.400    28.284    20.950
   146.501    28.284    21.051
   146.601    28.284    21.202
   150.832    28.284    21.202
   150.931    28.334    21.202
   151.033    28.385    21.202
   151.133    28.385    21.202
   151.234    28.589    21.202
   151.334    28.691    21.202
   151.438    28.742    21.202
   151.538    28.793    21.202
   151.740    28.793    21.202
   151.840    28.844    21.202
   151.940    28.895    21.202
   152.042    28.895    21.202
   152.142    28.945    21.152
   152.243    28.945    21.101
   152.343    28.996    20.950
   152.443    28.996    20.800
   152.544    28.996    20.699
   152.645    29.048    20.497
   152.746    29.098    20.397
   152.847    29.200    20.296
   152.948    29.251    20.246
   153.249    29.251    20.246
   153.349    29.302    20.246
   153.954    29.302    20.246
   154.055    29.302    20.296
   156.169    29.302    20.296
   156.269    29.302    20.397
   196.241    29.302    20.397
   196.342    29.098    20.649
   197.450    29.098    20.649
   197.550    29.098    20.749
   198.556    29.098    20.749
   198.657    29.149    20.900
   198.757    29.149    20.950
   198.858    29.149    21.001
   198.959    29.149    21.202
   199.059    29.149    21.252
   201.877    29.149    21.252
   201.977    29.149    21.303
   202.078    29.149    21.303
   202.180    29.251    21.303
   202.279    29.302    21.303
   202.381    29.455    21.303
   202.481    29.506    21.303
   202.582    29.556    21.303
   203.588    29.556    21.303
   203.688    29.404    21.403
   203.789    29.404    21.555
   203.990    29.404    21.555
   204.091    29.353    21.555
   204.190    29.302    21.655
   204.291    29.302    21.705
   204.392    29.251    21.705
   204.797    29.251    21.705
   204.898    29.200    21.705
   206.104    29.200    21.705
   206.204    29.149    21.806
   206.306    29.098    21.906
   207.514    29.098    21.906
   207.614    29.098    22.007
   207.816    29.098    22.007
   207.918    29.098    22.108
   208.017    29.098    22.209
   208.118    29.098    22.309
   208.219    29.098    22.309
   208.319    28.996    22.561
   217.076    28.996    22.561
   217.177    28.895    22.561
   217.277    28.844    22.561
   217.378    28.844    22.561
   217.478    28.793    22.561
   217.579    28.793    22.611
   217.881    28.793    22.611
   217.981    28.793    22.661
   218.082    28.793    22.712
   218.384    28.793    22.712
   218.484    28.640    22.762
   220.396    28.640    22.762
   220.497    28.589    22.661
   220.598    28.538    22.561
   220.698    28.538    22.460
   220.799    28.487    22.460
   224.421    28.487    22.460
   224.521    28.487    22.410
   224.623    28.538    22.259
   224.723    28.538    22.259
   224.824    28.589    22.259
   224.925    28.691    22.108
   225.024    28.742    22.007
   225.125    28.742    22.007
   225.225    28.742    21.906
   225.830    28.742    21.906
   225.931    28.844    21.906
   226.635    28.844    21.906
   226.735    28.844    21.856
   226.836    28.844    21.806
   227.843    28.844    21.806
   227.943    28.895    21.806
   228.043    28.945    21.756
   234.988    28.945    21.756
   235.089    28.844    21.756
   235.188    28.742    21.756
   235.390    28.742    21.756
   235.491    28.538    21.756
   235.592    28.437    21.756
   235.692    28.334    21.756
   236.798    28.334    21.756
   236.899    28.233    21.756
   236.999    28.233    21.756
   237.100    28.080    21.756
   237.201    27.978    21.756
   237.805    27.978    21.756
   237.905    27.978    22.007
   238.810    27.978    22.007
   238.911    27.927    22.007
   239.012    27.876    22.007
   239.111    27.825    22.007
   239.213    27.723    22.007
   239.313    27.673    22.007
   239.414    27.621    22.007
   239.514    27.520    22.007
   239.615    27.265    22.007
   239.716    27.265    22.007
   239.816    27.265    22.158
   239.917    27.265    22.209
   240.017    27.265    22.259
   258.057    27.265    22.259
   258.157    27.570    22.058
   258.258    27.825    22.058
   258.662    27.825    22.058
   258.764    27.825    22.007
   258.863    27.825    21.957
   258.964    27.825    21.906
   263.293    27.825    21.906
   263.393    27.774    21.906
   263.495    27.723    21.906
   273.663    27.723    21.906
   273.765    27.621    21.806
   273.865    27.621    21.705
   273.966    27.621    21.655
   274.066    27.621    21.605
   274.167    27.621    21.605
   274.267    27.774    21.555
   274.368    28.029    21.403
   442.860    28.029    21.403
   442.960    28.029    21.655
   443.062    28.029    21.655
   443.163    27.978    21.756
   443.263    27.927    21.856
   443.364    27.876    22.007
   443.464    27.825    22.108
   443.565    27.825    22.209
   443.665    27.825    22.259
   443.766    27.825    22.309
   444.772    27.825    22.309
   444.873    27.825    22.360
   444.974    27.825    22.410
   455.240    27.825    22.410
   455.340    27.723    22.410
   455.540    27.723    22.410
   455.643    27.673    22.410
   456.045    27.673    22.410
   456.146    27.621    22.410
   456.348    27.621    22.410
   456.449    27.621    22.360
   459.568    27.621    22.360
   459.667    27.520    22.360
   459.769    27.367    22.460
   459.870    27.265    22.510
   459.969    27.214    22.561
   460.071    27.163    22.561
   460.374    27.163    22.561
   460.473    27.112    22.561
   460.574    27.062    22.561
   461.380    27.062    22.561
   461.480    27.010    22.561
   463.393    27.010    22.561
   463.493    27.010    22.611
   463.593    26.909    22.611
   463.694    26.807    22.661
   467.116    26.807    22.661
   467.216    26.807    22.964
   467.317    26.807    23.014
   477.997    26.807    23.014
   478.097    26.705    23.014
   478.199    26.654    23.014
   478.299    26.654    23.014
   478.399    26.603    23.014
   478.500    26.552    23.014
   478.601    26.552    23.014
   478.702    26.501    23.014
   478.802    26.450    23.014
   478.904    26.450    23.014
   479.004    26.399    23.064
   479.105    26.348    23.114
   479.206    26.298    23.114
   483.935    26.298    23.114
   484.060    26.246    23.114
   484.135    26.246    23.114
   484.237    26.195    23.114
   484.337    26.145    23.114
   484.438    26.093    23.114
   484.538    26.042    23.114
   485.746    26.042    23.114
   485.845    25.992    23.114
   485.947    25.890    23.114
   486.046    25.737    23.114
   486.148    25.686    23.114
   486.451    25.686    23.114
   486.551    25.686    23.064
   486.652    25.788    23.064
   486.751    25.788    23.064
   486.852    25.839    23.064
   487.054    25.839    23.064
   487.155    25.839    23.014
   487.255    25.890    23.014
   487.456    25.890    23.014
   487.556    25.890    22.964
   487.658    25.890    22.964
   487.757    25.890    22.913
   490.978    25.890    22.913
   491.079    25.890    22.863
   491.179    25.737    22.863
   491.280    25.585    22.863
   491.380    25.482    22.863
   491.482    25.381    22.863
   491.583    25.330    22.863
   491.683    25.279    22.813
   491.784    25.279    22.813
   491.884    25.228    22.813
   492.085    25.228    22.813
   492.186    25.177    22.762
   492.287    25.075    22.762
   492.388    25.024    22.762
   492.488    25.024    22.762
   492.588    24.871    22.762
   492.689    24.668    22.762
   492.790    24.515    22.762
   492.890    24.464    22.762
   492.991    24.413    22.762
   493.091    24.413    22.762
   493.192    24.311    22.762
   493.292    24.260    22.762
   493.896    24.260    22.762
   493.998    24.210    22.762
   494.098    24.159    22.813
   494.199    24.159    22.813
   494.300    24.057    22.913
   494.399    23.904    23.064
   494.500    23.904    23.064
   494.601    23.751    23.114
   494.702    23.599    23.265
   494.802    23.548    23.265
   496.916    23.548    23.265
   497.016    23.548    23.165
   497.117    23.548    23.165
   497.217    23.548    23.114
   497.318    23.548    23.114
   497.417    23.548    23.165
   497.518    23.700    23.467
   497.621    23.700    23.517
   498.927    23.700    23.517
   499.028    23.548    23.416
   499.128    23.496    23.416
   499.229    23.395    23.366
   499.330    23.344    23.265
   499.430    23.293    23.215
   499.532    23.293    23.114
   499.631    23.293    23.014
   499.733    23.293    22.964
   499.834    23.293    22.813
   499.934    23.293    22.712
   500.035    23.293    22.661
   501.242    23.293    22.661
   501.342    23.242    22.661
   501.747    23.242    22.661
   501.847    23.344    22.661
   501.948    23.496    22.661
   502.048    23.853    22.661
   502.149    24.107    22.661
   503.255    24.107    22.661
   503.356    24.107    22.712
   507.986    24.107    22.712
   508.086    24.159    22.712
   508.188    24.210    22.712
   508.289    24.260    22.712
   508.389    24.362    22.712
   509.698    24.362    22.712
   509.798    24.413    22.712
   509.899    24.464    22.712
   509.999    24.464    22.712
   510.100    24.668    22.712
   510.201    24.719    22.712
   510.301    24.770    22.712
   510.603    24.770    22.712
   510.703    24.871    22.712
   510.803    24.871    22.712
   510.904    24.974    22.712
   511.105    24.974    22.712
   511.207    25.177    22.712
   511.307    25.228    22.712
   511.408    25.279    22.712
   511.508    25.381    22.712
   511.608    25.432    22.712
   511.708    25.534    22.712
   511.809    25.635    22.712
   511.910    25.737    22.712
   512.010    25.737    22.712
   512.112    25.788    22.712
   512.212    25.890    22.712
   512.313    25.941    22.712
   512.414    25.992    22.712
   528.730    25.992    22.712
   528.830    26.093    22.712
   528.931    26.145    22.712
   529.032    26.195    22.712
   529.132    26.298    22.712
   529.233    26.399    22.712
   529.335    26.399    22.661
   529.436    26.399    22.661
   529.537    26.450    22.661
   529.637    26.501    22.661
   529.737    26.603    22.611
   529.838    26.705    22.510
   529.939    26.756    22.510
   530.040    26.857    22.510
   530.140    26.959    22.510
   530.241    27.062    22.510
   530.342    27.112    22.410
   530.443    27.112    22.158
   530.542    27.112    22.108
   530.643    27.163    21.957
   530.744    27.316    21.957
   530.843    27.469    21.906
   530.945    27.673    21.906
   531.045    27.774    21.906
   531.146    27.825    21.806
   531.247    27.978    21.655
   531.348    28.029    21.605
   531.449    28.131    21.555
   531.549    28.233    21.555
   531.649    28.284    21.504
   531.850    28.284    21.504
   531.952    28.284    21.454
   532.052    28.284    21.454
   532.153    28.334    21.454
   532.253    28.385    21.454
   532.354    28.437    21.454
   532.479    28.437    21.454
   532.555    28.487    21.454
   532.656    28.487    21.403
   532.756    28.538    21.403
   532.857    28.589    21.403
   532.958    28.640    21.403
   533.058    28.691    21.403
   533.159    28.742    21.403
   533.259    28.793    21.403
   533.963    28.793    21.403
   534.064    28.895    21.202
   534.165    28.895    21.051
   534.266    28.895    20.950
   534.367    28.945    20.850
   534.466    28.945    20.749
   534.568    28.945    20.497
   534.668    29.048    20.346
   534.768    29.098    20.296
   534.869    29.098    20.246
   534.969    29.098    20.196
   535.069    29.098    20.145
   535.170    29.098    20.095
   535.272    29.098    19.944
   535.373    29.149    19.894
   535.473    29.200    19.843
   535.975    29.200    19.843
   536.076    29.404    19.843
   538.692    29.404    19.843
   538.793    29.251    19.692
   538.893    28.996    19.491
   538.994    28.996    19.441
   539.095    28.895    19.290
   539.195    28.793    19.240
   539.295    28.742    19.139
   539.396    28.742    19.139
   539.496    28.691    19.038
   539.600    28.691    19.038
   539.701    28.691    18.988
   539.801    28.691    18.937
   539.901    28.640    18.837
   540.001    28.487    18.787
   540.103    28.334    18.686
   540.204    28.233    18.636
   540.304    27.927    18.485
   540.404    27.876    18.434
   540.504    27.825    18.434
   540.605    27.825    18.434
   540.706    27.774    18.384
   540.806    27.723    18.333
   540.907    27.673    18.283
   541.007    27.673    18.183
   541.108    27.673    18.183
   541.210    27.570    18.032
   541.310    27.520    17.931
   541.411    27.469    17.830
   541.510    27.367    17.780
   541.611    27.265    17.780
   541.711    27.163    17.730
   541.812    27.010    17.730
   541.913    26.909    17.730
   542.013    26.807    17.730
   542.115    26.756    17.730
   542.216    26.705    17.730
   542.619    26.705    17.730
   542.719    26.705    17.629
   542.820    26.705    17.579
   542.920    26.654    17.428
   543.022    26.603    17.327
   543.123    26.450    17.277
   543.524    26.450    17.277
   543.625    26.450    17.176
   543.725    26.450    17.025
   543.826    26.450    16.874
   543.926    26.450    16.623
   544.027    26.450    16.421
   544.127    26.450    16.270
   544.229    26.450    16.119
   544.329    26.450    16.019
   544.431    26.450    15.968
   544.532    26.450    15.818
   544.633    26.450    15.767
   546.342    26.450    15.767
   546.443    26.450    15.666
   551.575    26.450    15.666
   551.674    26.399    15.767
   551.775    26.399    15.818
   555.700    26.399    15.818
   555.800    26.348    15.818
   555.902    26.348    15.818
   556.001    26.298    15.717
   556.103    26.298    15.717
   556.204    26.246    15.717
   556.304    26.246    15.666
   556.405    26.246    15.616
   556.505    26.246    15.566
   556.605    26.246    15.515
   559.937    26.246    15.515
   560.038    26.145    15.415
   560.138    26.093    15.314
   560.239    26.042    15.264
   560.339    25.992    15.063
   560.440    25.992    14.912
   560.541    25.941    14.912
   560.641    25.788    14.861
   560.743    25.737    14.861
   560.842    25.686    14.861
   560.944    25.585    14.861
   561.044    25.585    14.811
   561.145    25.534    14.760
   561.246    25.534    14.710
   561.346    25.482    14.610
   561.447    25.482    14.459
   561.547    25.482    14.409
   562.050    25.482    14.409
   562.151    25.381    14.308
   562.252    25.177    14.308
   562.352    24.871    14.257
   562.452    24.871    14.257
   562.552    24.821    14.257
   562.654    24.821    14.157
   562.754    24.821    14.157
   562.854    24.770    14.106
   562.956    24.719    14.005
   563.056    24.668    13.955
   563.158    24.566    13.855
   563.258    24.515    13.855
   563.359    24.362    13.804
   563.460    24.260    13.804
   563.560    24.210    13.804
   563.661    24.107    13.754
   563.761    23.904    13.754
   563.862    23.700    13.553
   563.962    23.649    13.553
   564.063    23.548    13.452
   564.164    23.548    13.351
   564.264    23.496    13.351
   564.365    23.446    13.251
   564.465    23.395    13.100
   564.566    23.344    12.949
   564.667    23.038    12.748
   564.766    22.631    12.446
   564.867    22.529    12.345
   565.069    22.529    12.345
   565.169    22.478    12.245
   565.270    22.376    12.144
   565.371    22.325    12.093
   565.472    22.325    12.093
   565.572    22.325    12.043
   565.673    22.325    12.043
   565.774    22.325    11.993
   565.875    22.325    11.993
   565.976    22.325    11.942
   566.076    22.325    11.892
   574.627    22.325    11.892
   574.728    22.325    11.741
   574.829    22.325    11.641
   574.929    22.325    11.590
   575.031    22.325    11.540
   575.130    22.325    11.439
   575.232    22.325    11.389
   575.633    22.325    11.389
   575.734    22.325    11.288
   578.149    22.325    11.288
   578.251    22.274    11.187
   578.350    22.224    11.087
   578.451    22.224    11.037
   578.552    22.224    10.986
   579.056    22.224    10.986
   579.156    22.325    11.087
   579.256    22.325    11.187
   579.357    22.376    11.238
   579.459    22.376    11.288
   579.560    22.529    11.389
   579.660    22.580    11.490
   579.761    22.631    11.490
   581.070    22.631    11.490
   581.170    22.580    11.490
   582.378    22.580    11.490
   582.478    22.733    11.791
   582.579    22.733    11.942
   582.679    22.835    12.144
   582.780    22.988    12.345
   582.880    22.988    12.446
   583.585    22.988    12.446
   583.685    22.885    12.446
   585.094    22.885    12.446
   585.195    22.682    12.596
   585.295    22.478    12.647
   585.396    22.427    12.697
   585.496    22.325    12.848
   585.597    22.071    12.949
   585.697    21.867    13.050
   585.898    21.867    13.050
   586.000    21.663    13.301
   586.101    21.561    13.351
   586.202    21.460    13.402
   587.005    21.460    13.402
   587.107    21.103    13.754
   587.208    20.747    14.106
   587.308    20.543    14.207
   587.409    20.492    14.207
   592.740    20.492    14.207
   592.841    20.339    14.207
   592.941    20.288    14.207
   593.043    20.238    14.207
   593.143    20.136    14.207
   593.746    20.136    14.207
   593.847    20.033    14.207
   593.948    19.830    14.207
   594.048    19.779    14.207
   596.060    19.779    14.207
   596.161    19.728    14.207
   596.261    19.677    14.207
   596.363    19.575    14.207
   596.462    19.422    14.207
   596.563    19.219    14.308
   597.469    19.219    14.308
   597.570    19.321    14.308
   597.669    19.372    14.308
   598.375    19.372    14.308
   598.475    19.372    14.257
   598.576    19.372    14.207
   598.676    19.372    14.157
   598.777    19.372    14.005
   598.878    19.372    13.905
   598.978    19.321    13.905
   599.080    19.270    13.754
   599.180    19.168    13.754
   599.281    19.015    13.704
   599.382    18.913    13.704
   599.483    18.811    13.704
   599.583    18.761    13.704
   599.682    18.710    13.654
   599.783    18.608    13.654
   599.883    18.506    13.603
   599.985    18.302    13.603
   600.086    18.150    13.603
   600.187    17.895    13.603
   600.287    17.742    13.402
   600.387    17.589    13.200
   600.488    17.386    12.999
   600.587    17.335    12.899
   600.689    17.283    12.798
   600.789    17.182    12.748
   600.889    16.978    12.748
   600.991    16.775    12.647
   601.091    16.723    12.647
   601.192    16.723    12.596
   601.293    16.672    12.546
   601.395    16.520    12.446
   601.496    16.418    12.345
   601.595    16.316    12.345
   601.697    16.265    12.345
   601.797    16.214    12.345
   601.898    16.164    12.295
   601.999    16.112    12.295
   602.099    16.061    12.245
   602.200    16.061    12.245
   602.301    15.960    12.245
   602.402    15.960    12.194
   603.709    15.960    12.194
   603.809    15.909    12.144
   603.911    15.858    12.093
   604.011    15.756    12.043
   604.112    15.654    12.043
   604.213    15.603    11.993
   604.313    15.348    11.993
   604.414    14.992    11.993
   604.514    14.737    11.942
   604.616    14.636    11.942
   604.714    14.585    11.942
   604.816    14.534    11.942
   604.917    14.534    11.942
   605.017    14.432    11.892
   605.118    14.279    11.842
   605.218    14.228    11.791
   605.320    14.177    11.741
   608.539    14.177    11.741
   608.638    13.923    11.540
   608.739    13.821    11.490
   608.839    13.770    11.490
   608.940    13.668    11.490
   609.041    13.566    11.490
   609.141    13.414    11.490
   609.244    13.362    11.490
   609.546    13.362    11.490
   609.645    13.312    11.490
   609.746    13.209    11.490
   609.846    13.108    11.490
   609.947    13.057    11.490
   610.048    12.904    11.490
   610.148    12.853    11.490
   610.250    12.751    11.490
   610.349    12.650    11.490
   611.155    12.650    11.490
   611.255    12.548    11.490
   611.355    12.395    11.490
   611.456    12.140    11.590
   611.556    11.937    11.842
   611.657    11.733    11.892
   611.758    11.580    12.043
   611.859    11.275    12.144
   611.960    11.071    12.245
   612.060    10.816    12.295
   612.162    10.612    12.446
   612.261    10.511    12.496
   612.367    10.460    12.496
   614.480    10.460    12.496
   614.581    10.358    12.446
   614.680    10.307    12.345
   615.789    10.307    12.345
   615.889    10.256    12.345
   615.990    10.205    12.345
   616.091    10.052    12.345
   616.192     9.951    12.295
   616.293     9.899    12.295
   616.392     9.849    12.194
   616.493     9.798    12.144
   616.593     9.747    12.093
   616.694     9.543    12.043
   616.795     9.390    12.043
   616.895     9.288    12.043
   616.996     9.136    12.043
   617.096     9.034    11.993
   617.198     8.932    11.993
   617.297     8.881    11.993
   617.398     8.626    11.993
   617.499     8.321    11.993
   617.599     8.117    11.993
   617.701     8.066    11.993
   617.800     7.965    11.993
   617.902     7.913    11.993
   618.002     7.863    11.993
   618.103     7.812    11.993
   618.204     7.710    11.993
   618.303     7.659    11.993
   618.404     7.608    11.993
   618.504     7.353    11.993
   618.605     7.302    11.993
   618.707     7.251    11.993
   618.806     7.200    11.993
   618.908     7.048    12.144
   619.007     6.691    12.345
   619.109     6.437    12.395
   619.210     6.233    12.596
   619.309     5.978    12.748
   619.410     5.724    12.848
   619.511     5.520    12.848
   619.611     5.469    12.848
   619.711     5.418    12.848
   619.813     5.316    12.899
   619.913     5.163    12.949
   620.013     4.858    13.251
   620.114     4.655    13.502
   620.215     4.603    13.502
   620.516     4.603    13.502
   620.617     4.451    13.654
   620.717     4.247    13.804
   620.819     4.247    13.905
   620.919     4.094    13.955
   621.019     3.891    14.106
   621.121     3.788    14.157
   622.027     3.788    14.157
   622.128     3.534    14.157
   622.228     3.177    14.207
   622.328     3.025    14.207
   622.429     2.821    14.207
   622.529     2.668    14.207
   622.629     2.516    14.207
   622.730     2.464    14.207
   622.832     2.414    14.207
   625.951     2.414    14.207
   626.051     2.414    14.358
   626.152     2.414    14.559
   626.253     2.210    14.811
   626.354     1.752    15.113
   626.455     1.548    15.214
   626.555     1.446    15.264
   628.468     1.446    15.264
   628.569     1.446    15.415
   628.670     1.446    15.515
   628.770     1.446    15.616
   628.872     1.446    15.717
   628.971     1.446    15.868
   629.073     1.446    15.968
   629.172     1.446    16.119
   629.298     1.446    16.270
   629.374     1.446    16.472
   629.475     1.446    16.724
   629.576     1.446    17.076
   629.675     1.446    17.277
   629.777     1.446    17.579
   629.877     1.446    17.629
   629.978     1.446    17.730
   630.079     1.446    17.780
   630.179     1.548    17.982
   630.280     1.548    18.183
   630.380     1.548    18.283
   630.480     1.548    18.485
   630.582     1.548    18.636
   630.682     1.599    18.736
   630.782     1.700    18.887
   630.882     1.700    18.988
   631.086     1.700    18.988
   631.186     1.700    19.088
   631.287     1.700    19.340
   631.387     1.700    19.692
   631.490     1.752    19.944
   631.589     1.752    20.145
   631.690     1.752    20.196
   631.791     1.752    20.246
   631.891     1.752    20.397
   631.992     1.752    20.447
   632.494     1.752    20.447
   632.595     1.752    20.598
   632.696     1.752    20.699
   632.796     1.752    20.749
   632.897     1.752    20.850
   632.998     1.752    20.900
   633.098     1.752    21.001
   633.903     1.752    21.001
   634.004     1.752    21.101
   634.104     1.700    21.152
   635.713     1.700    21.152
   635.815     1.548    21.152
   636.520     1.548    21.152
   636.620     1.548    21.202
   636.721     1.497    21.403
   636.822     1.497    21.555
   636.922     1.497    21.655
   637.023     1.497    21.906
   637.124     1.446    22.209
   637.225     1.395    22.410
   637.326     1.395    22.510
   637.426     1.395    22.712
   637.527     1.395    22.813
   637.627     1.395    22.863
   637.728     1.395    22.913
   637.829     1.395    23.014
   637.929     1.395    23.165
   638.030     1.395    23.366
   638.130     1.395    23.467
   638.231     1.395    23.517
   638.331     1.395    23.618
   638.433     1.395    23.718
   638.533     1.395    23.769
   638.634     1.395    23.769
   638.735     1.395    23.869
   638.837     1.395    24.020
   638.937     1.395    24.121
   639.039     1.395    24.322
   639.138     1.395    24.523
   639.240     1.395    24.775
   639.339     1.395    24.926
   639.440     1.395    25.178
   639.541     1.395    25.278
   639.641     1.395    25.329
   639.842     1.395    25.329
   639.943     1.395    25.429
   641.461     1.395    25.429
   641.561     1.395    25.681
   641.662     1.395    25.782
   641.762     1.395    25.832
   648.213     1.395    25.832
   648.314     1.395    25.882
   648.415     1.497    26.083
   648.515     1.599    26.285
   648.616     1.650    26.335
   648.716     1.650    26.386
   648.818     1.752    26.436
   648.918     1.752    26.436
   649.020     1.802    26.436
   655.258     1.802    26.436
   655.359     1.955    26.436
   655.459     2.057    26.436
   655.560     2.159    26.436
   655.661     2.261    26.436
   655.761     2.414    26.537
   655.862     2.516    26.637
   655.963     2.516    26.637
   656.064     2.719    26.738
   656.165     2.872    26.738
   656.767     2.872    26.738
   656.868     2.923    26.738
   656.968     2.974    26.738
   657.070     3.075    26.738
   657.171     3.228    26.738
   657.271     3.330    26.738
   657.371     3.381    26.738
   657.471     3.432    26.738
   657.573     3.483    26.738
   657.672     3.585    26.738
   657.773     3.687    26.788
   657.874     3.738    26.788
   657.974     3.839    26.788
   658.077     3.941    26.788
   658.177     4.094    26.788
   658.278     4.145    26.788
   658.379     4.247    26.788
   658.478     4.298    26.788
   658.579     4.349    26.788
   658.679     4.399    26.788
   659.082     4.399    26.788
   659.184     4.502    26.788
   659.384     4.502    26.788
   659.485     4.552    26.838
   659.586     4.603    26.838
   659.687     4.705    26.838
   659.787     4.756    26.838
   659.888     4.909    26.838
   659.989     5.011    26.889
   660.089     5.163    26.889
   660.190     5.266    26.889
   660.290     5.316    26.889
   660.594     5.316    26.889
   660.694     5.418    26.889
   660.795     5.520    26.889
   660.897     5.571    26.889
   660.998     5.673    26.889
   661.098     5.724    26.889
   661.298     5.724    26.889
   661.400     5.978    26.838
   662.104     5.978    26.838
   662.205     6.233    26.838
   662.305     6.335    26.838
   662.406     6.488    26.838
   663.615     6.488    26.838
   663.715     6.640    26.838
   663.816     6.691    26.889
   663.918     6.793    26.889
   665.126     6.793    26.889
   665.226     6.844    26.989
   665.327     6.844    27.040
   665.930     6.844    27.040
   666.031     6.895    27.040
   666.232     6.895    27.040
   666.333     6.945    27.040
   666.533     6.945    27.040
   666.634     7.048    27.040
   666.735     7.149    27.090
   668.445     7.149    27.090
   668.546     7.251    27.090
   668.646     7.302    27.090
   668.748     7.455    27.090
   668.848     7.557    27.090
   668.948     7.659    27.141
   670.660     7.659    27.141
   670.759     7.761    27.141
   677.805     7.761    27.141
   677.905     7.608    27.141
   678.007     7.455    27.141
   678.108     7.353    27.141
   678.209     7.200    27.141
   678.309     7.200    27.141
   678.409     7.098    27.141
   678.509     7.048    27.141
   679.717     7.048    27.141
   679.818     6.997    27.141
   679.919     6.997    27.141
   680.019     6.945    27.141
   680.120     6.844    27.141
   680.221     6.691    27.141
   680.322     6.538    27.141
   680.825     6.538    27.141
   680.926     6.488    26.939
   681.027     6.488    26.939
   681.127     6.437    26.838
   681.227     6.284    26.788
   681.328     6.284    26.738
   681.529     6.284    26.738
   681.630     6.233    26.738
   681.730     6.131    26.738
   681.832     6.080    26.738
   681.931     6.029    26.788
   682.234     6.029    26.788
   682.335     6.131    26.788
   682.435     6.233    26.788
   682.536     6.284    26.788
   682.636     6.385    26.738
   682.737     6.488    26.687
   682.838     6.640    26.486
   682.938     6.640    26.436
   684.849     6.640    26.436
   684.952     6.640    26.486
   688.372     6.640    26.486
   688.471     6.640    26.386
   688.572     6.640    26.386
   688.672     6.691    26.386
   688.975     6.691    26.386
   689.076     6.742    26.386
   689.176     6.742    26.386
   689.276     6.895    26.285
   689.378     6.895    26.234
   689.478     6.945    26.234
   689.579     7.048    26.234
   689.678     7.302    26.234
   689.780     7.302    26.234
   689.881     7.353    26.234
   689.981     7.404    26.234
   690.084     7.506    26.134
   690.184     7.557    26.083
   690.485     7.557    26.083
   690.586     7.659    26.083
   690.990     7.659    26.083
   691.090     7.761    26.083
   691.191     7.812    26.033
   691.292     7.812    26.033
   691.392     7.965    26.033
   691.492     8.066    26.033
   691.592     8.219    26.033
   692.197     8.219    26.033
   692.298     8.219    25.983
   692.399     8.372    25.782
   692.500     8.474    25.681
   692.600     8.728    25.580
   692.700     8.983    25.429
   692.801     9.085    25.429
   692.901     9.237    25.379
   693.003     9.340    25.379
   693.103     9.441    25.278
   693.204     9.594    25.228
   693.304     9.798    25.128
   693.405     9.849    25.077
   693.505     9.849    25.027
   693.707     9.849    25.027
   693.807     9.849    24.926
   693.907     9.951    24.926
   694.210     9.951    24.926
   694.310    10.001    24.926
   694.411    10.104    24.926
   694.510    10.154    24.926
   694.612    10.256    24.926
   694.713    10.358    24.876
   694.813    10.511    24.775
   694.915    10.612    24.775
   695.016    10.715    24.674
   695.117    10.816    24.674
   695.217    10.867    24.674
   695.318    10.969    24.674
   695.419    11.071    24.674
   696.625    11.071    24.674
   696.725    11.223    24.674
   696.826    11.223    24.674
   696.927    11.326    24.674
   697.028    11.326    24.674
   697.129    11.427    24.574
   697.229    11.427    24.574
   697.330    11.478    24.523
   697.431    11.631    24.523
   697.532    11.733    24.523
   697.632    11.886    24.523
   697.733    12.038    24.523
   697.834    12.089    24.523
   697.934    12.191    24.523
   698.035    12.293    24.574
   698.135    12.446    24.574
   698.236    12.497    24.574
   698.337    12.650    24.674
   698.437    12.904    24.775
   698.537    13.006    24.926
   699.242    13.006    24.926
   699.342    13.057    24.926
   704.785    13.057    24.926
   704.886    13.108    24.926
   704.987    13.108    24.926
   705.088    13.209    24.926
   705.188    13.209    24.926
   705.289    13.312    24.926
   706.496    13.312    24.926
   706.596    13.414    24.977
   710.219    13.414    24.977
   710.320    13.566    25.027
   714.547    13.566    25.027
   714.647    13.668    25.027
   714.748    13.821    25.027
   714.848    13.973    25.027
   714.949    14.025    25.027
   715.049    14.075    25.027
   715.151    14.075    25.027
   715.251    14.126    25.027
   715.350    14.228    25.027
   715.452    14.330    25.027
   715.552    14.381    25.027
   715.653    14.381    24.977
   715.754    14.381    24.926
   715.854    14.432    24.926
   715.955    14.483    24.926
   716.055    14.585    24.926
   716.158    14.686    24.926
   717.263    14.686    24.926
   717.364    14.737    24.926
   717.565    14.737    24.926
   717.666    14.839    24.926
   717.766    14.992    24.926
   717.867    15.043    24.926
   718.673    15.043    24.926
   718.775    15.094    24.926
   718.875    15.400    24.926
   719.378    15.400    24.926
   719.478    15.705    24.926
   719.579    15.705    24.926
   719.679    15.807    24.926
   719.781    15.858    24.926
   720.083    15.858    24.926
   720.184    16.011    24.926
   720.285    16.265    24.926
   720.384    16.265    24.926
   720.485    16.367    24.926
   720.587    16.469    24.926
   721.392    16.469    24.926
   721.493    16.367    24.876
   721.593    16.214    24.775
   721.694    16.011    24.775
   721.796    16.011    24.775
   721.896    16.011    24.674
   721.996    15.960    24.574
   722.096    15.960    24.523
   722.198    15.960    24.473
   722.801    15.960    24.473
   722.901    16.011    24.473
   723.002    16.061    24.574
   723.103    16.112    24.775
   723.204    16.164    25.027
   723.303    16.214    25.077
   723.405    16.265    25.228
   723.506    16.367    25.329
   723.606    16.367    25.379
   723.707    16.418    25.379
   726.524    16.418    25.379
   726.625    16.469    25.379
   726.725    16.469    25.278
   726.826    16.571    25.178
   726.927    16.622    24.977
   727.028    16.672    24.977
   727.329    16.672    24.977
   727.429    16.775    25.228
   727.530    16.775    25.329
   727.631    16.775    25.379
   727.833    16.775    25.379
   727.933    16.775    25.429
   728.234    16.775    25.429
   728.337    16.775    25.530
   728.436    16.775    25.580
   728.537    16.775    25.631
   728.637    16.775    25.782
   728.739    16.775    25.983
   728.840    16.825    26.184
   731.555    16.825    26.184
   731.656    16.825    26.134
   735.882    16.825    26.134
   735.983    16.825    26.083
   736.085    16.723    25.933
   736.185    16.723    25.832
   736.285    16.723    25.731
   736.385    16.723    25.631
   736.487    16.723    25.580
   737.292    16.723    25.580
   737.392    16.723    25.681
   737.493    16.723    25.933
   737.592    16.723    26.083
   737.694    16.723    26.234
   737.795    16.723    26.335
   737.895    16.825    26.436
   737.996    16.825    26.537
   738.096    16.876    26.587
   738.198    16.927    26.637
   738.298    17.131    26.939
   738.398    17.131    27.040
   738.499    17.131    27.141
   738.600    17.131    27.342
   738.700    17.131    27.644
   738.800    17.131    27.946
   738.902    17.131    28.046
   739.003    17.131    28.247
   739.103    17.131    28.550
   739.204    17.131    28.600
   739.304    17.131    28.650
   739.405    17.335    28.701
   741.619    17.335    28.701
   741.719    17.335    28.751
   741.819    17.335    28.851
   741.921    17.335    29.053
   742.021    17.335    29.204
   746.047    17.335    29.204
   746.147    17.335    29.254
   746.248    17.335    29.305
   746.348    17.335    29.405
   746.952    17.335    29.405
   747.053    17.283    29.405
   747.154    17.283    29.405
   747.255    17.182    29.405
   747.372    17.131    29.506
   747.974    17.131    29.506
   748.075    17.131    29.556
   749.585    17.131    29.556
   749.685    17.131    29.656
   749.786    17.131    29.656
   749.886    17.131    29.757
   756.830    17.131    29.757
   756.929    17.131    29.808
   758.640    17.131    29.808
   758.741    17.131    29.858
   758.841    17.131    29.959
   758.942    17.131    30.009
   760.150    17.131    30.009
   760.252    17.131    30.110
   760.352    17.131    30.210
   760.452    17.131    30.311
   760.552    17.131    30.411
   763.973    17.131    30.411
   764.075    17.131    30.311
   764.175    17.131    30.311
   764.276    17.080    30.160
   764.376    17.080    30.059
   764.476    17.080    29.959
   764.578    17.080    29.908
   764.677    17.080    29.858
   764.778    17.080    29.808
   764.879    17.080    29.757
   765.180    17.080    29.757
   765.282    17.080    29.606
   765.382    17.080    29.506
   765.482    17.080    29.506
   765.584    17.080    29.455
   765.684    17.080    29.355
   765.784    17.080    29.305
   765.885    17.080    29.204
   765.986    17.080    29.204
   766.087    17.080    29.103
   766.187    17.080    29.103
   766.287    17.080    29.053
   766.388    17.080    29.002
   766.489    17.080    28.902
   766.590    17.080    28.902
   766.689    17.080    28.751
   766.791    17.080    28.701
   766.890    17.080    28.650
   766.992    17.131    28.550
   767.093    17.131    28.499
   768.301    17.131    28.499
   768.402    17.233    28.348
   768.503    17.283    28.096
   768.602    17.283    28.046
   768.704    17.283    27.946
   768.804    17.283    27.744
   768.905    17.335    27.442
   769.006    17.386    27.291
   769.609    17.386    27.291
   769.709    17.131    27.040
   769.809    17.131    26.939
   769.911    17.436    26.788
   770.011    17.793    26.537
   770.112    17.793    26.285
   770.213    17.793    25.983
   770.917    17.793    25.983
   771.017    17.742    25.983
   771.118    17.640    25.983
   774.136    17.640    25.983
   774.238    17.589    25.983
   774.339    17.539    25.983
   774.439    17.436    25.983
   774.741    17.436    25.983
   774.841    17.182    25.983
   774.942    17.029    25.983
   775.043    16.927    25.983
   775.143    16.876    25.983
   775.545    16.876    25.983
   775.646    16.825    25.983
   775.747    16.672    25.983
   775.847    16.520    25.933
   775.948    16.469    25.933
   777.166    16.469    25.933
   777.266    16.418    25.933
   778.776    16.418    25.933
   778.877    16.367    25.933
   779.079    16.367    25.933
   779.178    16.316    25.933
   779.279    16.214    25.933
   779.380    16.112    25.933
   779.479    15.807    25.933
   779.581    15.654    25.933
   779.681    15.552    25.933
   779.782    15.400    25.933
   779.883    14.992    25.882
   779.984    14.483    25.882
   780.084    14.381    25.882
   780.184    14.279    25.882
   780.687    14.279    25.882
   780.788    14.228    25.782
   780.888    14.075    25.631
   780.989    13.973    25.480
   781.090    13.872    25.379
   781.190    13.821    25.178
   781.291    13.515    24.977
   781.391    13.108    24.674
   781.492    12.955    24.523
   781.995    12.955    24.523
   782.095    12.802    24.322
   782.197    12.802    24.222
   782.297    12.751    24.070
   782.397    12.701    23.919
   782.498    12.344    23.668
   782.598    11.987    23.567
   782.699    11.733    23.265
   782.800    11.427    22.913
   782.900    11.223    22.762
   783.002    10.969    22.661
   783.102    10.918    22.611
   793.672    10.918    22.611
   793.772    10.612    22.309
   794.075    10.612    22.309
   794.176    10.460    22.158
   794.275    10.358    21.906
   794.376    10.154    21.555
   794.476    10.154    21.403
   794.578    10.104    21.303
   794.677    10.001    21.101
   794.778     9.849    20.900
   794.880     9.696    20.699
   794.980     9.492    20.447
   795.082     9.187    20.246
   795.181     8.728    19.944
   795.283     8.474    19.894
   795.383     8.117    19.793
   795.484     7.965    19.743
   795.585     7.863    19.692
   795.684     7.710    19.592
   795.786     7.659    19.491
   806.051     7.659    19.491
   806.152     7.608    19.340
   806.254     7.455    19.088
   806.352     7.455    18.837
   806.453     7.455    18.333
   806.554     7.353    18.032
   806.655     7.048    17.982
   806.756     6.945    17.931
   806.856     6.945    17.780
   806.957     6.895    17.629
   807.057     6.895    17.478
   807.158     6.844    17.377
   807.259     6.793    17.277
   807.359     6.793    17.126
   807.460     6.793    17.076
   807.762     6.793    17.076
   807.862     6.742    17.025
   807.964     6.691    16.975
   808.969     6.691    16.975
   809.070     6.691    16.924
   809.171     6.691    16.874
   855.977     6.691    16.874
   856.078     6.590    16.623
   856.179     6.538    16.522
   856.278     6.538    16.421
   856.380     6.488    16.169
   856.480     6.385    15.918
   856.580     6.385    15.767
   856.681     6.385    15.666
   856.782     6.233    15.616
   856.883     6.029    15.515
   856.984     5.927    15.515
   857.687     5.927    15.515
   857.788     5.927    15.314
   857.889     5.927    15.214
   857.990     5.927    15.113
   858.090     5.927    14.962
   858.191     5.927    14.861
   858.291     5.927    14.861
   858.390     5.927    14.760
   860.605     5.927    14.760
   860.707     5.927    14.559
   860.806     5.927    14.559
   860.907     5.927    14.358
   861.008     5.877    14.257
   861.109     5.826    14.106
   861.410     5.826    14.106
   861.511     5.826    14.056
   861.612     5.774    14.005
   861.713     5.774    14.005
   861.813     5.774    13.955
   866.039     5.774    13.955
   866.140     5.774    13.855
   866.241     5.774    13.754
   866.442     5.774    13.754
   866.543     5.774    13.553
   866.643     5.774    13.553
   866.744     5.774    13.452
   866.845     5.774    13.402
   866.946     5.774    13.402
   867.046     5.774    13.301
   867.550     5.774    13.301
   867.649     5.774    13.251
   882.140     5.774    13.251
   882.242     5.673    13.150
   882.342     5.571    13.050
   882.442     5.520    12.899
   882.543     5.469    12.848
   883.549     5.469    12.848
   883.649     5.316    12.848
   883.750     4.960    13.100
   884.757     4.960    13.100
   884.858     5.062    13.050
   897.138     5.062    13.050
   897.239     5.113    13.050
   897.340     5.113    13.050
   897.440     5.163    13.050
   897.541     5.163    13.050
   897.641     5.163    12.949
   897.743     5.163    12.899
   897.843     5.214    12.899
   897.944     5.316    12.848
   974.157     5.316    12.848
   974.258     5.316    12.798
   974.358     5.316    12.647
   974.458     5.316    12.647
   974.559     5.266    12.596
   974.659     5.163    12.546
   974.761     5.113    12.546
   974.861     5.062    12.546
   974.962     5.062    12.546
   975.062     5.011    12.546
   975.162     4.960    12.546
   975.264     4.960    12.446
   975.364     4.960    12.295
   976.772     4.960    12.295
   976.873     4.909    12.295
   976.973     4.807    12.295
   977.277     4.807    12.295
   977.377     4.705    12.295
   977.477     4.603    12.194
   981.303     4.603    12.194
   981.404     4.502    12.295
   981.505     4.502    12.395
   981.908     4.502    12.395
   982.009     4.502    12.596
  1138.467     4.502    12.596
  1138.567     4.705    12.596
  1138.669     4.756    12.596
  1138.769     4.858    12.596
  1138.871     4.858    12.596
  1138.972     4.960    12.596
  1139.072     4.960    12.647
  1139.172     4.960    12.798
  1139.273     4.960    12.798
  1139.373     5.062    12.798
  1139.473     5.113    12.798
  1139.575     5.163    12.798
  1139.676     5.214    12.848
  1139.776     5.266    12.848
  1139.877     5.316    12.848
  1140.581     5.316    12.848
  1140.681     5.367    12.899
  1140.782     5.367    12.999
  1141.385     5.367    12.999
  1141.486     5.418    13.100
  1149.237     5.418    13.100
  1149.336     5.266    13.100
  1149.438     5.214    13.100
  1149.740     5.214    13.100
  1149.841     5.163    13.100
  1149.941     5.062    13.100
  1150.043     5.062    13.100
  1150.143     4.960    13.100
  1150.344     4.960    13.100
  1150.446     4.909    13.100
  1150.546     4.858    13.150
  1150.646     4.756    13.301
  1150.748     4.756    13.351
  1154.369     4.756    13.351
  1154.469     5.163    13.251
  1154.570     5.367    13.150
  1155.273     5.367    13.150
  1155.376     5.367    13.050
  1155.677     5.367    13.050
  1155.778     5.469    13.050
  1168.455     5.469    13.050
  1168.556     5.469    12.999
  1168.657     5.469    12.949
  1168.758     5.469    12.848
  1180.333     5.469    12.848
  1180.432     5.469    12.546
  1180.534     5.418    12.546
  1180.635     5.418    12.446
  1180.735     5.418    12.345
  1180.836     5.418    12.295
  1213.350     5.418    12.295
  1213.452     5.571    12.194
  1269.902     5.571    12.194
  1270.003     5.469    11.993
  1285.805     5.469    11.993
  1285.905     5.469    11.842
  1286.006     5.469    11.791
  1287.817     5.469    11.791
  1287.918     5.571    11.791
  1288.623     5.571    11.791
  1288.723     5.724    11.791
  1295.972     5.724    11.791
  1296.071     5.622    11.791
  1296.172     5.571    11.791
  1296.271     5.520    11.791
  1305.327     5.520    11.791
  1305.428     5.673    11.641
  1305.528     5.724    11.641
  1311.970     5.724    11.641
  1312.070     5.774    11.540
  1312.472     5.774    11.540
  1312.574     5.826    11.389
  1312.675     5.826    11.238
  1312.775     5.877    11.187
  1312.876     5.877    11.087
  1318.009     5.877    11.087
  1318.110     6.182    11.037
  1318.211     6.284    11.037
  1318.311     6.385    10.986
  1318.412     6.385    10.886
  1318.512     6.385    10.835
  1318.714     6.385    10.835
  1318.814     6.385    10.785
  1318.915     6.437    10.785
  1319.015     6.488    10.785
  1319.518     6.488    10.785
  1319.619     6.538    10.735
  1319.720     6.538    10.684
  1320.927     6.538    10.684
  1321.028     6.488    10.835
  1321.129     6.488    10.886
  1321.229     6.488    10.986
  1321.330     6.437    11.037
  1321.833     6.437    11.037
  1321.934     6.437    11.087
  1322.035     6.437    11.087
  1322.135     6.437    11.137
  1322.235     6.437    11.187
  1322.336     6.437    11.238
  1322.435     6.335    11.288
  1322.537     6.284    11.389
  1334.812     6.284    11.389
  1334.914     6.488    11.490
  1335.014     6.590    11.641
  1335.114     6.590    11.691
  1350.815     6.590    11.691
  1350.918     6.742    11.490
  1351.118     6.742    11.490
  1351.218     6.793    11.490
  1351.319     6.793    11.490
  1351.420     6.895    11.439
  1351.923     6.895    11.439
  1352.023     6.945    11.439
  1352.223     6.945    11.439
  1352.325     7.048    11.439
  1352.627     7.048    11.439
  1352.727     7.200    11.338
  1352.828     7.251    11.288
  1352.929     7.302    11.288
  1353.935     7.302    11.288
  1354.037     7.353    11.238
  1354.338     7.353    11.238
  1354.438     7.455    11.238
  1354.538     7.506    11.238
  1354.640     7.659    11.087
  1354.740     7.761    11.087
  1354.841     7.812    11.087
  1364.099     7.812    11.087
  1364.198     8.321    10.986
  1364.500     8.321    10.986
  1364.600     8.372    10.936
  1365.103     8.372    10.936
  1365.204     8.372    10.835
  1365.305     8.372    10.785
  1374.867     8.372    10.785
  1374.967     8.372    10.735
  1375.068     8.321    10.785
  1376.980     8.321    10.785
  1377.081     8.321    10.835
  1378.087     8.321    10.835
  1378.186     8.270    10.886
  1378.287     8.117    10.986
  1378.389     8.066    10.986
  1378.488     7.965    11.087
  1378.592     7.913    11.087
  1379.598     7.913    11.087
  1379.697     7.863    11.087
  1379.799     7.812    11.087
  1380.000     7.812    11.087
  1380.100     7.710    11.037
  1380.200     7.608    11.037
  1380.302     7.608    11.037
  1380.401     7.557    11.037
  1381.107     7.557    11.037
  1381.207     7.404    11.037
  1381.611     7.404    11.037
  1381.712     7.251    11.037
  1384.340     7.251    11.037
  1384.440     7.251    11.087
  1384.541     7.302    11.137
  1384.641     7.353    11.137
  1384.742     7.455    11.238
  1384.843     7.506    11.238
  1384.942     7.506    11.288
  1385.044     7.608    11.338
  1387.156     7.608    11.338
  1387.257     7.557    11.338
  1387.358     7.506    11.338
  1387.459     7.506    11.338
  1387.559     7.455    11.338
  1389.874     7.455    11.338
  1389.975     7.557    11.338
  1390.075     7.557    11.338
  1390.176     7.608    11.338
  1390.275     7.659    11.338
  1390.981     7.659    11.338
  1391.082     7.761    11.338
  1391.183     7.863    11.338
  1392.289     7.863    11.338
  1392.391     8.015    11.338
  1401.244     8.015    11.338
  1401.345     8.270    11.338
  1401.445     8.321    11.338
  1402.359     8.321    11.338
  1402.460     8.524    11.338
  1402.560     8.524    11.338
  1402.662     8.677    11.338
  1402.764     8.728    11.338
  1403.064     8.728    11.338
  1403.165     8.779    11.338
  1406.688     8.779    11.338
  1406.789     8.728    11.338
  1406.891     8.677    11.338
  1406.991     8.576    11.389
  1407.091     8.474    11.540
  1407.191     8.423    11.540
  1408.198     8.423    11.540
  1408.299     8.372    11.540
  1408.399     8.321    11.540
  1408.702     8.321    11.540
  1408.803     8.219    11.540
  1409.003     8.219    11.540
  1409.104     8.168    11.540
  1413.130     8.168    11.540
  1413.230     8.219    11.590
  1413.432     8.219    11.590
  1413.532     8.372    11.590
  1413.634     8.372    11.641
  1413.734     8.524    11.641
  1413.835     8.524    11.641
  1413.935     8.779    11.741
  1414.036     8.779    11.791
  1414.237     8.779    11.791
  1414.338     8.830    11.791
  1414.438     8.932    11.741
  1414.538     9.034    11.691
  1414.639     9.136    11.691
  1414.740     9.288    11.691
  1414.841     9.340    11.691
  1416.149     9.340    11.691
  1416.249     9.441    11.691
  1416.351     9.543    11.691
  1416.853     9.543    11.691
  1416.953     9.543    11.741
  1477.841     9.543    11.741
  1477.941     9.594    11.741
  1478.042     9.645    11.741
  1478.143     9.645    11.741
  1478.244     9.645    11.641
  1478.344     9.645    11.590
  1478.444     9.645    11.540
  1643.335     9.645    11.540
  1643.437     9.645    11.490
  1643.738     9.645    11.490
  1643.840     9.747    11.490
  1643.939     9.798    11.490
  1644.040     9.849    11.490
  1645.045     9.849    11.490
  1645.147     9.849    11.389
  1645.247     9.849    11.288
  1645.348     9.849    11.288
  1645.448     9.849    11.238
  1645.550     9.849    11.187
  1645.649     9.849    11.137
  1645.952     9.849    11.137
  1646.052     9.899    11.087
  1646.152     9.899    11.037
  1646.253     9.951    11.037
  1679.331     9.951    11.037
  1679.430     9.951    10.936
  1679.531     9.951    10.886
  1679.632     9.951    10.835
  1679.732     9.951    10.735
  1679.833     9.951    10.634
  1680.035     9.951    10.634
  1680.134     9.951    10.584
  1680.235     9.951    10.533
  1715.781     9.951    10.533
  1715.882     9.951    10.735
  1715.982    10.052    10.735
  1716.087    10.154    10.835
  1716.186    10.154    10.886
  1716.287    10.154    10.886
  1716.387    10.256    10.886
  1717.393    10.256    10.886
  1717.495    10.358    10.886
  1717.595    10.358    10.735
  1717.696    10.358    10.584
  1717.797    10.358    10.432
  1717.897    10.358    10.382
  1718.099    10.358    10.382
  1718.199    10.409    10.382
  1718.300    10.460    10.533
  1718.400    10.460    10.684
  1718.903    10.460    10.684
  1719.004    10.460    10.584
  1719.104    10.460    10.483
  1719.205    10.562    10.382
  1719.304    10.562    10.282
  1719.406    10.562    10.231
  1722.022    10.562    10.231
  1722.123    10.511    10.231
  1722.223    10.460    10.231
  1722.324    10.460    10.231
  1722.425    10.409    10.231
  1722.524    10.409    10.231
  1722.626    10.358    10.282
  1722.726    10.307    10.332
  1722.828    10.205    10.432
  1722.928    10.205    10.483
  1723.934    10.205    10.483
  1724.036    10.104    10.533
  1724.135    10.052    10.634
  1724.237     9.899    10.835
  1724.338     9.798    11.087
  1724.437     9.543    11.389
  1724.841     9.543    11.389
  1724.941     9.492    11.490
  1726.148     9.492    11.490
  1726.250     9.390    11.540
  1726.349     9.340    11.540
  1726.451     9.237    11.590
  1726.561     9.085    11.641
  1726.662     9.034    11.741
  1726.762     8.932    11.842
  1726.864     8.881    11.942
  1727.265     8.881    11.942
  1727.367     8.830    12.043
  1727.467     8.728    12.144
  1728.172     8.728    12.144
  1728.271     8.728    12.295
  1728.373     8.728    12.395
  1728.574     8.728    12.395
  1728.676     8.728    12.496
  1728.776     8.728    12.546
  1728.877     8.728    12.596
  1729.680     8.728    12.596
  1729.782     8.677    12.697
  1729.883     8.626    12.748
  1729.982     8.626    12.899
  1730.083     8.474    13.200
  1730.183     8.423    13.351
  1730.284     8.423    13.452
  1730.485     8.423    13.452
  1730.588     8.423    13.502
  1730.688     8.423    13.553
  1730.789     8.423    13.654
  1732.398     8.423    13.654
  1732.499     8.066    13.603
  1732.598     8.015    13.603
  1733.705     8.015    13.603
  1733.805     8.117    13.603
  1734.109     8.117    13.603
  1734.210     8.270    13.603
  1734.309     8.321    13.603
  1734.510     8.321    13.603
  1734.612     8.423    13.603
  1734.813     8.423    13.603
  1734.914     8.474    13.654
  1735.014     8.474    13.704
  1735.115     8.524    13.754
  1738.334     8.524    13.754
  1738.434     8.524    13.654
  1738.535     8.524    13.452
  1738.637     8.524    13.351
  1738.738     8.524    13.351
  1738.839     8.524    13.301
  1739.441     8.524    13.301
  1739.542     8.626    12.999
  1739.642     8.626    12.999
  1739.744     8.677    12.848
  1739.844     8.830    12.798
  1739.945     8.932    12.748
  1740.046     8.983    12.748
  1740.145     9.034    12.596
  1740.246     9.136    12.496
  1740.346     9.340    12.446
  1743.066     9.340    12.446
  1743.166     9.340    12.395
  1743.266     9.340    12.345
  1743.367     9.340    12.194
  1743.468     9.340    12.144
  1744.375     9.340    12.144
  1744.475     9.390    12.245
  1747.502     9.390    12.245
  1747.601     9.441    12.295
  1747.703     9.543    12.446
  1747.803     9.594    12.546
  1747.904     9.645    12.596
  1748.005     9.696    12.596
  1748.105     9.696    12.596
  1748.206     9.798    12.596
  1748.305     9.798    12.596
  1748.406     9.849    12.546
  1748.508     9.899    12.496
  1748.608     9.899    12.345
  1748.709     9.899    12.345
  1748.809     9.899    12.295
  1748.910     9.899    12.245
  1749.010     9.899    12.093
  1749.111     9.899    12.043
  1749.212     9.899    11.942
  1755.957     9.899    11.942
  1756.057     9.951    11.942
  1756.159    10.001    11.942
  1763.603    10.001    11.942
  1763.703    10.001    12.043
  1763.803    10.001    12.093
  1765.717    10.001    12.093
  1765.816    10.001    12.144
  1776.195    10.001    12.144
  1776.296    10.052    12.245
  1777.704    10.052    12.245
  1777.804    10.052    12.295
  1777.905    10.052    12.295
  1778.006    10.052    12.446
  1778.106    10.052    12.546
  1778.207    10.104    12.748
  1778.912    10.104    12.748
  1779.013    10.104    12.798
  1779.113    10.104    12.899
  1779.213    10.104    12.999
  1779.313    10.104    13.050
  1779.717    10.104    13.050
  1779.817    10.104    13.100
  1779.918    10.104    13.150
  1780.219    10.104    13.150
  1780.319    10.205    13.150
  1865.481    10.205    13.150
  1865.583    10.715    13.251
  2011.904    10.715    13.251
  2012.004    10.663    13.251
  2012.107    10.663    13.251
  2012.205    10.612    13.251
  2012.307    10.562    13.251
  2021.264    10.562    13.251
  2021.363    10.562    13.351
  2021.464    10.562    13.402
  2021.565    10.562    13.553
  2021.666    10.562    13.704
  2021.766    10.612    13.704
  2021.867    10.765    13.905
  2021.967    10.765    13.955
  2022.068    10.765    13.955
  2022.169    10.816    14.157
  2023.789    10.816    14.157
  2023.889    10.867    14.257
  2023.989    10.969    14.409
  2024.091    11.020    14.660
  2024.191    11.122    14.962
  2024.291    11.122    15.163
  2024.392    11.173    15.314
  2024.492    11.275    15.364
  2024.593    11.275    15.364
  2024.695    11.326    15.415
  2024.795    11.478    15.415
  2024.897    11.631    15.415
  2024.997    11.682    15.465
  2025.097    11.733    15.515
  2025.198    11.733    15.666
  2025.299    11.834    15.767
  2025.400    11.834    15.868
  2025.500    11.886    15.868
  2025.601    11.937    16.019
  2025.701    11.937    16.169
  2025.803    12.089    16.371
  2025.903    12.242    16.572
  2026.003    12.446    16.824
  2026.105    12.548    16.975
  2026.204    12.548    16.975
  2026.306    12.548    17.076
  2026.405    12.548    17.076
  2026.506    12.598    17.076
  2026.607    12.650    17.076
  2026.707    12.650    17.126
  2026.808    12.650    17.126
  2026.908    12.701    17.126
  2028.722    12.701    17.126
  2028.821    12.751    17.126
  2029.527    12.751    17.126
  2029.627    12.802    17.277
  2031.740    12.802    17.277
  2031.840    12.802    17.377
  2031.942    12.853    17.377
  2032.042    12.955    17.478
  2032.142    13.006    17.579
  2032.243    13.108    17.629
  2032.343    13.209    17.629
  2032.444    13.312    17.679
  2034.154    13.312    17.679
  2034.254    13.261    17.679
  2034.355    13.209    17.679
  2035.160    13.209    17.679
  2035.261    13.159    17.679
  2039.735    13.159    17.679
  2039.837    13.515    17.679
  2039.939    13.566    17.679
  2040.140    13.566    17.679
  2040.240    13.566    17.629
  2040.340    13.566    17.629
  2040.440    13.566    17.579
  2040.541    13.566    17.579
  2040.642    13.668    17.579
  2040.742    13.821    17.579
  2040.843    13.923    17.579
  2040.943    14.025    17.579
  2041.045    14.075    17.579
  2041.144    14.126    17.528
  2041.245    14.228    17.428
  2041.347    14.279    17.327
  2042.150    14.279    17.327
  2042.252    14.330    17.327
  2043.057    14.330    17.327
  2043.156    14.432    17.327
  2043.358    14.432    17.327
  2043.458    14.483    17.327
  2043.559    14.534    17.327
  2043.659    14.585    17.327
  2043.759    14.585    17.327
  2043.861    14.636    17.327
  2043.962    14.636    17.327
  2044.062    14.686    17.327
  2044.162    14.737    17.277
  2044.263    14.737    17.227
  2044.364    14.839    17.176
  2046.377    14.839    17.176
  2046.478    14.789    17.176
  2046.578    14.737    17.227
  2046.679    14.686    17.277
  2047.081    14.686    17.277
  2047.183    14.585    17.277
  2047.281    14.432    17.277
  2047.384    14.381    17.277
  2047.485    14.330    17.277
  2054.339    14.330    17.277
  2054.440    14.177    17.277
  2054.539    14.126    17.277
  2054.640    14.075    17.277
  2054.740    14.025    17.277
  2055.649    14.025    17.277
  2055.748    13.973    17.277
  2056.051    13.973    17.277
  2056.151    13.872    17.377
  2056.251    13.770    17.428
  2059.270    13.770    17.428
  2059.371    13.719    17.478
  2060.075    13.719    17.478
  2060.176    13.668    17.528
  2060.276    13.566    17.579
  2060.377    13.464    17.579
  2060.477    13.464    17.579
  2060.580    13.414    17.579
  2061.694    13.414    17.579
  2061.795    13.362    17.679
  2061.896    13.209    17.730
  2061.997    13.108    17.730
  2062.098    13.006    17.730
  2062.499    13.006    17.730
  2062.600    12.904    17.730
  2062.902    12.904    17.730
  2063.003    12.853    17.730
  2063.105    12.802    17.730
  2076.697    12.802    17.730
  2076.798    12.751    17.780
  2076.900    12.650    17.830
  2077.000    12.598    17.881
  2077.100    12.446    17.881
  2077.200    12.395    17.931
  2077.502    12.395    17.931
  2077.603    12.344    17.982
  2077.703    12.293    17.982
  2077.804    12.293    17.982
  2077.904    12.293    18.082
  2078.005    12.293    18.132
  2078.408    12.293    18.132
  2078.509    12.344    18.233
  2078.609    12.395    18.333
  2078.710    12.395    18.434
  2078.811    12.395    18.485
  2078.911    12.446    18.485
  2079.013    12.497    18.535
  2079.112    12.650    18.636
  2079.214    12.650    18.686
  2079.315    12.701    18.736
  2079.415    12.751    18.787
  2079.515    12.904    18.988
  2079.615    13.006    19.088
  2079.716    13.006    19.139
  2079.816    13.006    19.189
  2080.723    13.006    19.189
  2080.823    13.108    19.189
  2080.925    13.108    19.189
  2081.024    13.159    19.240
  2081.125    13.209    19.290
  2127.431    13.209    19.290
  2127.531    13.209    19.189
  2127.632    13.209    19.139
  2127.732    13.209    19.088
  2127.833    13.209    19.038
  2127.934    13.209    18.988
  2128.235    13.209    18.988
  2128.336    13.209    18.887
  2128.438    13.209    18.837
  2128.538    13.209    18.787
  2145.754    13.209    18.787
  2145.855    13.312    18.585
  2154.911    13.312    18.585
  2155.011    13.159    18.585
  2155.111    13.057    18.585
  2155.212    12.955    18.585
  2155.315    12.904    18.585
  2169.803    12.904    18.585
  2169.903    12.751    18.485
  2170.004    12.701    18.384
  2170.106    12.701    18.384
  2170.206    12.650    18.384
  2170.307    12.650    18.384
  2170.408    12.598    18.384
  2170.609    12.598    18.384
  2170.709    12.548    18.384
  2170.810    12.446    18.333
  2170.910    12.344    18.333
  2171.313    12.344    18.333
  2171.414    12.395    18.333
  2171.514    12.446    18.333
  2171.614    12.497    18.333
  2171.715    12.497    18.233
  2171.816    12.497    18.233
  2171.916    12.548    18.233
  2172.017    12.751    18.233
  2173.729    12.751    18.233
  2173.828    12.751    18.132
  2174.030    12.751    18.132
  2174.131    12.802    18.132
  2175.237    12.802    18.132
  2175.338    12.955    18.132
  2175.439    13.006    18.132
  2175.539    13.006    18.032
  2175.640    13.057    17.982
  2175.741    13.057    17.881
  2176.345    13.057    17.881
  2176.445    13.006    17.881
  2176.546    12.955    18.032
  2176.647    12.853    18.183
  2176.747    12.802    18.233
  2177.854    12.802    18.233
  2177.954    12.853    18.384
  2178.055    12.955    18.384
  2178.155    13.108    18.384
  2178.257    13.261    18.283
  2178.365    13.261    18.132
  2178.458    13.312    18.132
  2179.664    13.312    18.132
  2179.766    13.312    18.233
  2179.866    13.312    18.233
  2179.967    13.312    18.283
  2188.824    13.312    18.283
  2188.925    13.108    18.283
  2189.026    13.057    18.283
  2189.126    12.955    18.283
  2189.830    12.955    18.283
  2189.931    12.904    18.283
  2190.234    12.904    18.283
  2190.334    12.853    18.283
  2190.434    12.802    18.283
  2211.477    12.802    18.283
  2211.577    12.751    18.283
  2211.677    12.598    18.283
  2212.081    12.598    18.283
  2212.182    12.497    18.283
  2212.283    12.497    18.183
  2212.383    12.497    18.132
  2212.483    12.497    18.032
  2212.584    12.497    17.982
  2264.374    12.497    17.982
  2264.474    12.344    17.982
  2264.574    12.344    17.982
  2264.675    12.293    17.982
  2264.776    12.293    18.082
  2264.877    12.242    18.082
  2336.649    12.242    18.082
  2336.748    12.089    18.132
  2336.849    11.886    18.183
  2336.952    11.784    18.233
  2338.963    11.784    18.233
  2339.064    11.733    18.233
  2339.164    11.733    18.183
  2339.265    11.733    18.132
  2339.366    11.733    18.082
  2339.466    11.834    18.032
  2339.568    11.987    17.982
  2339.668    11.987    17.931
  2339.769    12.038    17.830
  2339.869    12.089    17.679
  2339.969    12.089    17.528
  2340.071    12.089    17.428
  2340.474    12.089    17.428
  2340.574    12.242    17.428
  2340.675    12.293    17.428
  2342.888    12.293    17.428
  2342.990    12.293    17.327
  2343.090    12.293    17.227
  2343.694    12.293    17.227
  2343.793    12.293    17.176
  2343.894    12.293    17.126
  2343.994    12.293    17.025
  2344.096    12.293    16.975
  2344.196    12.293    16.924
  2344.296    12.293    16.824
  2344.397    12.293    16.774
  2344.498    12.293    16.673
  2344.599    12.293    16.572
  2344.700    12.293    16.472
  2344.800    12.293    16.421
  2344.901    12.242    16.421
  2346.007    12.242    16.421
  2346.108    12.242    16.321
  2350.939    12.242    16.321
  2351.039    12.140    16.270
  2351.140    12.140    16.169
  2351.241    12.140    16.069
  2351.543    12.140    16.069
  2351.644    11.987    15.968
  2351.744    11.987    15.968
  2351.845    11.937    15.968
  2353.356    11.937    15.968
  2353.455    11.733    15.968
  2359.191    11.733    15.968
  2359.291    11.784    15.968
  2359.392    11.834    15.968
  2369.657    11.834    15.968
  2369.758    11.834    15.918
  2369.859    11.784    15.918
  2369.959    11.682    15.918
  2370.060    11.580    15.868
  2370.161    11.529    15.868
  2370.261    11.478    15.818
  2381.432    11.478    15.818
  2381.532    11.427    15.818
  2381.734    11.427    15.818
  2381.833    11.376    15.818
  2664.419    11.376    15.818
  2664.520    11.122    15.818
  2665.023    11.122    15.818
  2665.123    11.071    15.818
  2665.223    11.071    15.767
  2684.746    11.071    15.767
  2684.847    11.020    15.717
  2684.947    10.969    15.566
  2685.048    10.918    15.364
  2685.149    10.918    15.113
  2685.248    10.918    14.962
  2685.350    10.918    14.912
  2692.300    10.918    14.912
  2692.402    10.816    14.710
  2692.503    10.816    14.710
  2692.604    10.765    14.610
  2692.703    10.663    14.610
  2692.804    10.663    14.559
  2692.904    10.612    14.459
  2693.005    10.612    14.409
  2694.414    10.612    14.409
  2694.515    10.562    14.358
  2694.614    10.511    14.308
  2698.138    10.511    14.308
  2698.238    10.511    14.409
  2699.244    10.511    14.409
  2699.346    10.612    14.459
  2699.648    10.612    14.459
  2699.750    10.816    14.459
  2699.951    10.816    14.459
  2700.052    10.867    14.459
  2702.265    10.867    14.459
  2702.364    10.969    14.459
  2702.466    11.071    14.459
  2705.283    11.071    14.459
  2705.384    11.173    14.660
  2705.484    11.223    14.760
  2705.585    11.223    14.760
  2705.686    11.223    14.811
  2716.252    11.223    14.811
  2716.353    11.223    14.962
  2716.755    11.223    14.962
  2716.857    11.223    15.012
  2748.575    11.223    15.012
  2748.676    11.071    15.063
  2748.978    11.071    15.063
  2749.078    11.020    15.113
  2820.733    11.020    15.113
  2820.833    11.020    15.264
  2820.934    11.020    15.364
  2821.034    11.020    15.515
  2821.135    11.020    15.666
  2821.236    11.122    15.767
  2821.437    11.122    15.767
  2821.537    11.122    15.818
  2821.639    11.173    15.818
  2842.570    11.173    15.818
  2842.672    11.223    15.918
  2842.872    11.223    15.918
  2842.974    11.275    15.918
  2843.074    11.275    15.918
  2843.174    11.326    15.918
  2847.602    11.326    15.918
  2847.701    11.122    15.767
  2847.802    11.071    15.767
  2848.306    11.071    15.767
  2848.406    11.020    15.717
  2849.211    11.020    15.717
  2849.312    10.969    15.717
  2849.412    10.918    15.717
  2854.142    10.918    15.717
  2854.242    10.816    15.666
  2854.343    10.765    15.616
  2854.645    10.765    15.616
  2854.744    10.663    15.566
  2858.067    10.663    15.566
  2858.167    10.663    15.515
  2858.268    10.663    15.465
  2858.469    10.663    15.465
  2858.571    10.663    15.415
  2863.401    10.663    15.415
  2863.501    10.663    15.616
  2863.601    10.663    15.666
  2863.701    10.663    15.767
  2863.802    10.663    15.968
  2869.035    10.663    15.968
  2869.137    10.663    16.069
  2869.438    10.663    16.069
  2869.538    10.663    16.169
  2894.032    10.663    16.169
  2894.134    10.765    16.220
  2894.234    11.020    16.270
  2898.662    11.020    16.270
  2898.763    11.122    16.371
  2898.863    11.173    16.371
  2901.480    11.173    16.371
  2901.581    11.223    16.421
  2901.682    11.223    16.522
  2902.083    11.223    16.522
  2902.184    11.275    16.522
  2902.284    11.275    16.572
  2940.920    11.275    16.572
  2941.021    11.376    16.623
  2941.120    11.376    16.673
  2941.725    11.376    16.673
  2941.824    11.529    16.673
  2955.218    11.529    16.673
  2955.318    11.427    16.673
  2955.419    11.376    16.673
  2955.520    11.275    16.572
  2955.620    11.223    16.472
  2955.721    11.173    16.421
  2955.820    11.122    16.371
  2955.922    11.071    16.270
  2958.034    11.071    16.270
  2958.136    11.020    16.270
  3437.827    11.020    16.270
  3437.929    10.969    16.270
  3438.030    10.969    16.270
  3438.129    10.867    16.270
  3438.230    10.816    16.270
  3438.330    10.765    16.270
  3776.783    10.765    16.270
  3776.883    10.765    16.220
  3776.984    10.765    16.220
  3777.085    10.765    16.169
  3777.186    10.715    16.169
  3777.286    10.663    16.119
  3779.398    10.663    16.119
  3779.499    10.663    16.069
  3779.601    10.612    16.069
  3779.701    10.612    16.069
  3779.801    10.612    16.019
  4092.612    10.612    16.019
  4092.713    10.256    16.019
  4092.814    10.205    16.069
  4092.914    10.001    16.069
  4093.015     9.951    16.069
  4093.216     9.951    16.069
  4093.316     9.951    16.169
  4093.416     9.951    16.220
  4095.529     9.951    16.220
  4095.629    10.052    16.321
  4095.731    10.052    16.371
  4095.831    10.154    16.522
  4095.932    10.154    16.724
  4096.032    10.154    16.824
  4096.133    10.307    16.975
  4096.233    10.358    17.126
  4096.334    10.358    17.126
  4096.435    10.409    17.176
  4096.737    10.409    17.176
  4096.837    10.358    17.176
  4096.939    10.307    17.076
  4097.039    10.205    16.924
  4097.140    10.154    16.874
  4097.239    10.104    16.824
  4103.479    10.104    16.824
  4103.580    10.104    16.975
  4103.680    10.104    17.025
  4103.783    10.154    17.025
  4103.882    10.154    17.126
  4103.984    10.205    17.126
  4104.084    10.256    17.126
  4104.788    10.256    17.126
  4104.888    10.256    17.025
  4104.989    10.256    16.975
  4105.089    10.256    16.924
  4105.190    10.154    16.874
  4105.290    10.104    16.874
  4105.391    10.104    16.824
  4105.490    10.104    16.774
  4105.794    10.104    16.774
  4105.895    10.104    16.724
  4105.995    10.104    16.673
  4106.096    10.001    16.673
  4106.196     9.951    16.623
  4106.297     9.899    16.522
  4106.398     9.899    16.522
  4106.497     9.849    16.522
  4106.801     9.849    16.522
  4106.902     9.849    16.472
  4107.103     9.849    16.472
  4107.204     9.849    16.421
  4108.310     9.849    16.421
  4108.411     9.849    16.371
  4110.121     9.849    16.371
  4110.222     9.899    16.371
  4110.337     9.899    16.371
  4110.438     9.899    16.522
  4110.538     9.899    16.623
  4110.639     9.899    16.724
  4110.740     9.899    16.824
  4111.041     9.899    16.824
  4111.143     9.899    16.924
  4111.242     9.899    16.975
  4111.444     9.899    16.975
  4111.544     9.849    16.924
  4111.645     9.798    16.824
  4111.745     9.798    16.774
  4111.846     9.747    16.724
  4111.947     9.747    16.623
  4112.047     9.747    16.522
  4112.149     9.696    16.421
  4112.249     9.696    16.371
  4112.351     9.696    16.321
  4112.450     9.696    16.220
  4115.517     9.696    16.220
  4115.617     9.696    16.069
  4115.717     9.696    15.968
  4115.819     9.696    15.968
  4115.918     9.696    15.918
  4116.020     9.798    15.868
  4116.120     9.899    15.767
  4116.221     9.899    15.666
  4116.322     9.899    15.616
  4116.422     9.899    15.566
  4116.522     9.899    15.566
  4116.623     9.899    15.515
  4118.133     9.899    15.515
  4118.234     9.951    15.515
  4118.343    10.001    15.465
  4118.746    10.001    15.465
  4118.846    10.001    15.415
  4120.155    10.001    15.415
  4120.256    10.052    15.415
  4120.357    10.104    15.415
  4120.457    10.154    15.415
  4120.558    10.154    15.364
  4120.659    10.154    15.314
  4120.758    10.154    15.264
  4124.691    10.154    15.264
  4124.791    10.154    15.163
  4124.892    10.205    15.113
  4125.094    10.205    15.113
  4125.194    10.256    15.113
  4125.294    10.256    15.063
  4125.396    10.256    15.012
  4125.496    10.256    15.012
  4125.598    10.256    14.962
  4128.617    10.256    14.962
  4128.717    10.256    14.861
  4132.441    10.256    14.861
  4132.541    10.256    14.760
  4132.642    10.154    14.660
  4135.861    10.154    14.660
  4135.961    10.052    14.660
  4136.063    10.001    14.811
  4136.164    10.001    14.811
  4136.263     9.951    14.912
  4136.364     9.899    15.063
  4136.464     9.849    15.163
  4136.665     9.849    15.163
  4136.766     9.849    15.214
  4137.973     9.849    15.214
  4138.074     9.899    15.214
  4145.320     9.899    15.214
  4145.420     9.951    15.214
  4161.430     9.951    15.214
  4161.532     9.951    15.264
  4162.238     9.951    15.264
  4162.337     9.951    15.314
  4162.437     9.951    15.364
  4162.538     9.951    15.515
  4162.639    10.001    15.666
  4162.764    10.001    15.818
  4162.840    10.001    15.868
  4162.941    10.001    15.968
  4163.544    10.001    15.968
  4163.644    10.001    16.119
  4163.745    10.052    16.220
  4163.846    10.052    16.220
  4163.947    10.052    16.321
  4164.047    10.154    16.421
  4164.652    10.154    16.421
  4164.753    10.154    16.472
  4164.854    10.256    16.572
  4164.955    10.307    16.673
  4165.056    10.358    16.774
  4165.156    10.358    16.824
  4170.489    10.358    16.824
  4170.588    10.205    16.724
  4170.690    10.104    16.572
  4170.790    10.104    16.522
  4170.891    10.104    16.522
  4170.992    10.104    16.421
  4171.092    10.104    16.371
  4178.742    10.104    16.371
  4178.841    10.104    16.270
  4178.942    10.104    16.220
  4179.042    10.104    16.169
  4187.798    10.104    16.169
  4187.898    10.104    16.019
  4187.999    10.104    15.968
  4188.100    10.104    15.968
  4188.201    10.104    15.868
  4188.301    10.154    15.818
  4188.402    10.154    15.767
  4188.501    10.154    15.666
  4188.602    10.154    15.666
  4188.704    10.154    15.566
  4188.804    10.154    15.566
  4188.905    10.154    15.465
  4189.005    10.154    15.415
  4189.106    10.154    15.314
  4190.113    10.154    15.314
  4190.213    10.256    15.314
  4202.906    10.256    15.314
  4203.005    10.358    15.314
  4203.106    10.358    15.314
  4203.207    10.511    15.314
  4231.126    10.511    15.314
  4231.226    10.409    15.264
  4231.327    10.307    15.264
  4231.427    10.307    15.264
  4231.528    10.205    15.264
  4231.729    10.205    15.264
  4231.831    10.154    15.264
  4231.931    10.104    15.214
  4232.031    10.052    15.163
  4232.132    10.052    15.113
  4232.232    10.052    15.113
  4232.333    10.001    15.113
  4232.735    10.001    15.113
  4232.837     9.951    15.063
  4233.542     9.951    15.063
  4233.642     9.951    15.012
  4233.743     9.899    15.012
  4236.861     9.899    15.012
  4236.962     9.899    14.962
  4237.063     9.849    14.962
  4237.364     9.849    14.962
  4237.466     9.798    14.962
  4237.566     9.747    14.962
  4241.090     9.747    14.962
  4241.189     9.696    14.962
  4241.290     9.645    14.962
  4244.609     9.645    14.962
  4244.710     9.645    14.912
  4246.219     9.645    14.912
  4246.320     9.645    14.861
  4246.421     9.594    14.861
  4246.723     9.594    14.861
  4246.824     9.543    14.811
  4246.925     9.492    14.811
  4247.025     9.492    14.760
  4247.125     9.441    14.760
  4247.226     9.390    14.760
  4248.233     9.390    14.760
  4248.335     9.390    14.710
  4248.434     9.390    14.660
  4254.573     9.390    14.660
  4254.674     9.340    14.610
  4254.773     9.340    14.559
  4256.385     9.340    14.559
  4256.486     9.288    14.559
  4256.587     9.288    14.610
  4256.687     9.237    14.610
  4256.788     9.237    14.660
  4256.889     9.187    14.660
  4257.189     9.187    14.660
  4257.290     9.187    14.710
  4257.391     9.187    14.760
  4258.197     9.187    14.760
  4258.297     9.136    14.760
  4258.398     8.983    14.811
  4258.499     8.830    14.811
  4258.599     8.779    14.811
  4258.700     8.728    14.811
  4258.801     8.626    14.811
  4258.902     8.626    14.811
  4259.002     8.524    14.811
  4259.103     8.321    14.861
  4259.204     8.117    14.962
  4259.303     8.066    15.063
  4259.404     8.015    15.113
  4259.505     8.015    15.113
  4259.605     7.965    15.113
  4261.719     7.965    15.113
  4261.819     8.015    15.113
  4261.920     8.117    15.113
  4262.021     8.168    15.113
  4262.322     8.168    15.113
  4262.422     8.321    15.113
  4262.523     8.423    15.113
  4262.825     8.423    15.113
  4262.926     8.524    15.113
  4263.026     8.576    15.113
  4265.642     8.576    15.113
  4265.743     8.524    15.113
  4265.844     8.423    15.113
  4265.944     8.372    15.113
  4268.766     8.372    15.113
  4268.867     8.423    15.113
  4268.967     8.524    15.113
  4269.068     8.626    15.113
  4275.517     8.626    15.113
  4275.619     8.677    15.113
  4275.720     8.677    15.113
  4275.820     8.779    15.113
  4277.228     8.779    15.113
  4277.329     8.779    15.214
  4277.429     8.779    15.264
  4277.530     8.779    15.314
  4277.631     8.779    15.364
  4277.731     8.779    15.465
  4277.833     8.779    15.616
  4277.933     8.779    15.717
  4278.034     8.779    15.818
  4278.134     8.779    15.818
  4278.234     8.779    15.918
  4278.335     8.779    15.918
  4278.435     8.881    16.069
  4278.537     8.932    16.119
  4280.047     8.932    16.119
  4280.147     8.932    16.169
  4280.551     8.932    16.169
  4280.651     8.932    16.270
  4280.762     8.932    16.321
  4280.863     8.932    16.371
  4280.964     8.932    16.472
  4281.064     8.932    16.522
  4283.984     8.932    16.522
  4284.084     8.830    16.421
  4284.185     8.677    16.421
  4284.285     8.576    16.421
  4284.386     8.524    16.421
  4284.790     8.524    16.421
  4284.890     8.423    16.421
  4285.494     8.423    16.421
  4285.595     8.372    16.472
  4286.500     8.372    16.472
  4286.600     8.270    16.572
  4286.701     8.219    16.572
  4286.802     8.117    16.572
  4286.902     8.015    16.673
  4287.003     7.863    16.824
  4287.102     7.812    16.874
  4288.412     7.812    16.874
  4288.512     7.812    17.025
  4289.016     7.812    17.025
  4289.117     7.812    17.126
  4289.520     7.812    17.126
  4289.621     7.710    17.227
  4290.023     7.710    17.227
  4290.124     7.608    17.277
  4290.224     7.608    17.327
  4290.325     7.608    17.377
  4291.332     7.608    17.377
  4291.431     7.506    17.478
  4291.532     7.404    17.629
  4291.633     7.302    17.780
  4291.733     7.302    17.931
  4291.834     7.302    17.982
  4292.138     7.302    17.982
  4292.237     7.302    18.132
  4292.338     7.302    18.233
  4293.746     7.302    18.233
  4293.846     7.302    18.283
  4293.948     7.302    18.333
  4294.048     7.251    18.384
  4294.149     7.098    18.434
  4294.250     7.048    18.434
  4294.450     7.048    18.434
  4294.553     7.048    18.485
  4294.654     6.997    18.636
  4294.754     6.945    18.636
  4295.055     6.945    18.636
  4295.156     6.945    18.787
  4295.258     6.895    18.787
  4295.660     6.895    18.787
  4295.761     6.895    18.837
  4295.861     6.895    18.887
  4295.962     6.895    18.937
  4296.062     6.844    19.038
  4296.163     6.793    19.189
  4296.263     6.793    19.240
  4296.364     6.793    19.240
  4296.465     6.793    19.290
  4297.471     6.793    19.290
  4297.572     6.742    19.391
  4297.673     6.742    19.441
  4297.773     6.742    19.692
  4297.874     6.742    19.793
  4297.974     6.742    19.843
  4298.075     6.742    19.994
  4298.176     6.742    20.045
  4298.377     6.742    20.045
  4298.477     6.742    20.095
  4298.578     6.742    20.145
  4298.679     6.742    20.246
  4298.779     6.742    20.346
  4298.880     6.742    20.447
  4298.980     6.742    20.598
  4299.081     6.742    20.649
  4299.181     6.742    20.699
  4299.282     6.742    20.800
  4299.685     6.742    20.800
  4299.788     6.691    20.950
  4299.888     6.691    21.001
  4299.988     6.691    21.051
  4300.088     6.691    21.252
  4300.189     6.691    21.353
  4304.516     6.691    21.353
  4304.617     6.742    21.403
  4304.718     6.742    21.454
  4305.019     6.742    21.454
  4305.121     6.742    21.504
  4305.221     6.844    21.605
  4305.321     6.895    21.705
  4305.422     6.895    21.705
  4305.522     6.945    21.806
  4305.623     7.048    21.856
  4305.724     7.098    21.957
  4305.825     7.098    21.957
  4305.926     7.098    22.007
  4306.025     7.098    22.108
  4306.127     7.098    22.158
  4306.226     7.098    22.259
  4306.327     7.149    22.259
  4306.428     7.200    22.259
  4306.528     7.200    22.360
  4306.629     7.302    22.460
  4306.729     7.353    22.510
  4306.832     7.404    22.510
  4309.549     7.404    22.510
  4309.649     7.506    22.510
  4309.751     7.506    22.510
  4309.851     7.659    22.510
  4309.952     7.710    22.611
  4310.052     7.863    22.712
  4310.152     7.913    22.712
  4310.354     7.913    22.712
  4310.454     7.913    22.762
  4310.554     8.015    22.863
  4310.656     8.015    22.913
  4310.757     8.066    23.014
  4310.857     8.117    23.165
  4310.957     8.168    23.265
  4311.058     8.270    23.316
  4311.159     8.474    23.366
  4311.259     8.677    23.366
  4311.360     8.779    23.416
  4311.460     8.932    23.416
  4311.560     9.034    23.416
  4311.662     9.085    23.517
  4311.763     9.187    23.517
  4311.864     9.288    23.567
  4311.965     9.390    23.718
  4312.065     9.492    23.769
  4312.165     9.594    23.819
  4312.266     9.696    23.919
  4312.366     9.798    23.919
  4312.467     9.899    23.919
  4312.567    10.001    23.970
  4312.669    10.104    23.970
  4312.769    10.205    23.970
  4312.869    10.256    23.970
  4313.373    10.256    23.970
  4313.473    10.307    23.970
  4314.179    10.307    23.970
  4314.279    10.409    23.970
  4314.381    10.409    24.020
  4315.688    10.409    24.020
  4315.789    10.460    24.020
  4315.889    10.511    24.020
  4315.990    10.511    24.070
  4316.090    10.562    24.121
  4316.190    10.612    24.121
  4316.291    10.765    24.121
  4316.391    10.816    24.121
  4316.492    10.867    24.121
  4316.595    10.918    24.171
  4316.695    11.020    24.222
  4316.796    11.020    24.222
  4316.896    11.071    24.272
  4319.108    11.071    24.272
  4319.210    10.969    24.272
  4319.310    10.918    24.272
  4319.411    10.816    24.272
  4319.915    10.816    24.272
  4320.015    10.969    24.272
  4320.115    11.071    24.373
  4320.216    11.122    24.423
  4320.316    11.223    24.473
  4320.418    11.223    24.523
  4320.921    11.223    24.523
  4321.021    11.275    24.523
  4321.122    11.275    24.574
  4321.827    11.275    24.574
  4321.928    11.478    24.574
  4322.028    11.580    24.624
  4322.129    11.682    24.624
  4322.329    11.682    24.624
  4322.430    11.733    24.624
  4322.732    11.733    24.624
  4322.833    11.784    24.674
  4322.933    11.784    24.725
  4323.134    11.784    24.725
  4323.234    11.784    24.775
  4323.336    11.784    24.825
  4323.436    11.886    24.825
  4323.638    11.886    24.825
  4323.738    11.937    24.825
  4323.839    11.937    24.825
  4323.939    12.089    24.926
  4324.040    12.089    24.977
  4324.139    12.191    24.977
  4324.241    12.344    25.027
  4324.341    12.548    25.027
  4324.443    12.598    25.027
  4325.248    12.598    25.027
  4325.348    12.548    25.027
  4325.448    12.446    25.027
  4325.550    12.293    25.027
  4325.650    12.242    25.027
  4327.664    12.242    25.027
  4327.764    12.089    24.876
  4327.865    11.886    24.725
  4327.966    11.733    24.725
  4328.066    11.682    24.725
  4328.167    11.631    24.725
  4328.266    11.631    24.725
  4328.368    11.631    24.674
  4328.469    11.580    24.624
  4328.569    11.580    24.624
  4328.670    11.478    24.624
  4329.475    11.478    24.624
  4329.576    11.478    24.674
  4329.677    11.478    24.674
  4329.777    11.478    24.725
  4330.079    11.478    24.725
  4330.180    11.427    24.725
  4330.280    11.326    24.624
  4330.380    11.223    24.574
  4330.481    11.173    24.523
  4330.582    11.122    24.423
  4330.682    11.122    24.272
  4330.784    11.122    24.171
  4330.885    11.122    24.121
  4331.186    11.122    24.121
  4331.285    11.122    24.070
  4331.991    11.122    24.070
  4332.092    11.122    24.121
  4332.494    11.122    24.121
  4332.595    11.122    24.171
  4333.198    11.122    24.171
  4333.299    11.020    24.272
  4333.398    10.969    24.322
  4333.903    10.969    24.322
  4334.004    10.918    24.322
  4334.405    10.918    24.322
  4334.508    10.918    24.272
  4334.608    10.918    24.222
  4334.709    10.918    24.121
  4334.809    10.918    24.070
  4335.012    10.918    24.070
  4335.110    10.918    23.970
  4335.212    10.918    23.869
  4335.312    10.918    23.769
  4335.413    10.918    23.718
  4335.514    10.918    23.668
  4335.614    10.867    23.567
  4335.716    10.715    23.567
  4335.815    10.663    23.567
  4335.916    10.663    23.517
  4336.017    10.612    23.467
  4336.117    10.562    23.467
  4336.218    10.511    23.467
  4336.721    10.511    23.467
  4336.821    10.562    23.517
  4337.929    10.562    23.517
  4338.028    10.562    23.618
  4338.229    10.562    23.618
  4338.330    10.562    23.668
  4338.430    10.663    23.668
  4340.041    10.663    23.668
  4340.141    10.715    23.668
  4341.751    10.715    23.668
  4341.851    10.765    23.668
  4342.355    10.765    23.668
  4342.456    10.663    23.819
  4342.556    10.612    23.919
  4344.570    10.612    23.919
  4344.671    10.612    23.869
  4344.871    10.612    23.869
  4344.972    10.612    23.819
  4345.173    10.612    23.819
  4345.273    10.612    23.718
  4345.375    10.612    23.618
  4345.475    10.612    23.517
  4345.576    10.612    23.467
  4345.676    10.612    23.416
  4350.215    10.612    23.416
  4350.316    10.460    23.416
  4350.418    10.409    23.416
  4350.517    10.256    23.416
  4350.619    10.052    23.316
  4350.720     9.899    23.316
  4350.820     9.798    23.215
  4350.921     9.747    23.064
  4351.122     9.747    23.064
  4351.222     9.747    23.014
  4351.323     9.696    23.014
  4351.423     9.645    22.964
  4351.624     9.645    22.964
  4351.725     9.645    22.913
  4351.826     9.645    22.863
  4351.927     9.543    22.813
  4352.027     9.237    22.762
  4352.128     9.085    22.712
  4352.228     8.983    22.712
  4352.731     8.983    22.712
  4352.834     8.881    22.712
  4352.934     8.779    22.712
  4353.035     8.626    22.712
  4353.136     8.524    22.712
  4353.235     8.524    22.661
  4353.337     8.321    22.661
  4353.437     8.168    22.611
  4353.538     8.066    22.611
  4353.639     8.015    22.561
  4353.739     7.965    22.561
  4353.839     7.863    22.460
  4353.941     7.659    22.309
  4354.041     7.455    22.209
  4354.141     7.302    22.158
  4354.241     7.200    22.058
  4354.343     7.200    22.007
  4354.442     7.149    22.007
  4354.745     7.149    22.007
  4354.846     7.149    21.957
  4354.946     7.149    21.906
  4355.048     7.149    21.906
  4355.147     7.098    21.906
  4355.247     7.098    21.856
  4355.348     7.048    21.806
  4355.450     6.997    21.756
  4355.551     6.997    21.705
  4355.650     6.945    21.655
  4355.751     6.895    21.605
  4355.852     6.844    21.555
  4355.952     6.793    21.555
  4356.054     6.640    21.555
  4356.154     6.437    21.555
  4356.255     6.284    21.454
  4356.355     6.182    21.403
  4356.456     6.131    21.303
  4356.556     6.029    21.303
  4356.657     6.029    21.252
  4356.758     5.978    21.252
  4356.960     5.978    21.252
  4357.059     5.927    21.252
  4357.160     5.877    21.252
  4357.260     5.774    21.202
  4357.361     5.673    21.152
  4357.462     5.673    21.101
  4357.562     5.673    20.900
  4357.663     5.673    20.800
  4357.764     5.622    20.800
  4357.864     5.571    20.800
  4357.966     5.469    20.800
  4358.065     5.418    20.800
  4358.166     5.418    20.800
  4358.267     5.367    20.800
  4358.368     5.316    20.800
  4358.469     5.266    20.699
  4358.568     5.214    20.649
  4358.670     5.163    20.548
  4358.770     5.163    20.497
  4358.871     5.113    20.447
  4358.972     5.062    20.296
  4359.071     4.960    20.246
  4359.173     4.909    20.196
  4359.273     4.807    20.196
  4359.374     4.756    20.196
  4359.473     4.705    20.196
  4359.574     4.655    20.196
  4359.676     4.552    20.196
  4359.776     4.552    20.196
  4359.877     4.502    20.145
  4360.681     4.502    20.145
  4360.782     4.451    20.145
  4360.883     4.399    20.145
  4362.190     4.399    20.145
  4362.291     4.349    20.145
  4362.391     4.349    20.095
  4362.492     4.349    20.045
  4362.593     4.247    20.045
  4362.694     4.196    19.944
  4362.796     4.145    19.894
  4363.500     4.145    19.894
  4363.599     4.145    19.843
  4363.701     4.145    19.743
  4363.802     4.145    19.642
  4363.902     4.043    19.541
  4364.003     3.992    19.441
  4364.103     3.941    19.391
  4364.204     3.941    19.340
  4364.305     3.941    19.290
  4364.405     3.891    19.189
  4364.506     3.788    19.189
  4364.606     3.687    19.189
  4365.210     3.687    19.189
  4365.310     3.687    19.038
  4365.411     3.687    18.887
  4365.512     3.687    18.787
  4365.612     3.687    18.686
  4365.713     3.687    18.535
  4368.028     3.687    18.535
  4368.129     3.687    18.333
  4368.228     3.687    18.283
  4368.329     3.687    18.233
  4368.431     3.687    18.183
  4369.940     3.687    18.183
  4370.041     3.687    18.082
  4370.140     3.687    17.982
  4370.242     3.687    17.881
  4370.343     3.687    17.730
  4370.443     3.687    17.629
  4370.545     3.687    17.579
  4370.644     3.687    17.579
  4370.746     3.687    17.478
  4371.248     3.687    17.478
  4371.348     3.687    17.428
  4371.449     3.687    17.327
  4371.551     3.687    17.227
  4371.651     3.687    17.025
  4374.066     3.687    17.025
  4374.166     3.687    16.824
  4376.482     3.687    16.824
  4376.583     3.585    16.472
  4376.682     3.534    16.421
  4376.784     3.483    16.119
  4376.885     3.483    15.868
  4376.985     3.483    15.767
  4377.086     3.483    15.666
  4377.186     3.483    15.465
  4377.287     3.483    15.314
  4377.388     3.483    15.163
  4377.488     3.483    15.063
  4377.590     3.432    15.012
  4377.690     3.432    14.912
  4377.792     3.432    14.811
  4377.892     3.381    14.760
  4377.993     3.381    14.660
  4378.094     3.280    14.610
  4378.193     3.280    14.509
  4378.294     3.228    14.509
  4378.696     3.228    14.509
  4378.798     3.177    14.409
  4378.897     3.127    14.409
  4378.999     3.127    14.358
  4379.098     3.127    14.308
  4380.105     3.127    14.308
  4380.205     3.075    14.207
  4380.307     3.075    14.106
  4380.406     3.025    14.005
  4380.510     2.923    13.905
  4380.609     2.821    13.704
  4380.710     2.770    13.603
  4380.811     2.770    13.553
  4380.912     2.770    13.502
  4381.012     2.770    13.452
  4381.213     2.770    13.452
  4381.313     2.770    13.402
  4381.415     2.770    13.351
  4381.515     2.770    13.351
  4381.616     2.719    13.301
  4381.717     2.668    13.251
  4381.817     2.617    13.200
  4381.918     2.566    13.100
  4382.017     2.566    12.999
  4382.118     2.566    12.899
  4382.220     2.566    12.848
  4382.320     2.566    12.798
  4382.420     2.566    12.596
  4382.521     2.516    12.496
  4382.622     2.464    12.395
  4382.723     2.464    12.345
  4382.822     2.464    12.345
  4382.923     2.414    12.345
  4383.023     2.363    12.345
  4383.124     2.312    12.345
  4384.935     2.312    12.345
  4385.035     2.210    12.194
  4385.137     2.210    12.144
  4385.236     2.159    11.993
  4385.337     2.159    11.842
  4385.438     2.159    11.691
  4385.539     2.159    11.540
  4385.639     2.159    11.490
  4385.740     2.159    11.439
  4386.042     2.159    11.439
  4386.141     2.159    11.338
  4394.192     2.159    11.338
  4394.293     2.159    11.288
  4394.494     2.159    11.288
  4394.595     2.159    11.238
  4394.695     2.159    11.238
  4394.796     2.159    11.137
  4394.895     2.108    11.087
  4394.996     2.057    11.087
  4395.098     2.006    11.037
  4395.197     1.955    10.986
  4395.299     1.955    10.936
  4395.399     1.955    10.835
  4395.500     1.955    10.634
  4395.600     1.904    10.634
  4395.701     1.904    10.584
  4395.802     1.904    10.533
  4395.902     1.904    10.382
  4396.002     1.904    10.282
  4396.103     1.904    10.231
  4396.203     1.904    10.131
  4396.707     1.904    10.131
  4396.807     1.904    10.030
  4396.907     1.853    10.030
  4397.008     1.853     9.929
  4397.108     1.853     9.879
  4397.209     1.853     9.829
  4401.954     1.853     9.829
  4402.054     1.853     9.778
  4402.256     1.853     9.778
  4402.356     1.853     9.627
  4402.457     1.853     9.577
  4403.362     1.853     9.577
  4403.463     1.955     9.577
  4403.563     2.006     9.577
  4403.664     2.057     9.577
  4403.966     2.057     9.577
  4404.067     2.210     9.577
  4404.169     2.261     9.577
  4404.268     2.261     9.577
  4404.369     2.261     9.527
  4404.470     2.261     9.527
  4404.571     2.414     9.527
  4404.671     2.516     9.477
  4404.772     2.566     9.477
  4404.873     2.668     9.426
  4404.973     2.719     9.426
  4405.073     2.821     9.426
  4405.174     2.872     9.426
  4405.274     2.923     9.376
  4405.777     2.923     9.376
  4405.878     2.974     9.376
  4405.978     3.025     9.376
  4406.079     3.075     9.376
  4407.588     3.075     9.376
  4407.688     3.177     9.275
  4407.790     3.177     9.275
  4407.890     3.177     9.225
  4412.819     3.177     9.225
  4412.921     3.127     9.225
  4413.524     3.127     9.225
  4413.624     3.127     9.124
  4413.726     3.127     9.124
  4413.826     3.127     9.074
  4414.532     3.127     9.074
  4414.633     3.075     9.023
  4414.733     3.025     9.023
  4414.833     2.923     9.023
  4416.041     2.923     9.023
  4416.141     2.872     9.023
  4416.241     2.872     9.023
  4416.342     2.821     9.023
  4427.414     2.821     9.023
  4427.515     2.821     8.822
  4427.615     2.872     8.772
  4427.716     2.923     8.772
  4427.816     3.025     8.722
  4427.917     3.075     8.722
  4428.016     3.075     8.722
  4428.117     3.127     8.722
  4428.218     3.127     8.671
  4428.318     3.177     8.621
  4431.437     3.177     8.621
  4431.539     3.483     8.621
  4431.641     3.483     8.621
  4431.741     3.432     8.621
  4431.842     3.381     8.621
  4439.289     3.381     8.621
  4439.389     3.483     8.520
  4439.490     3.483     8.520
  4439.591     3.534     8.470
  4439.691     3.585     8.470
  4439.792     3.687     8.470
  4439.892     3.687     8.420
  4439.994     3.788     8.420
  4519.712     3.788     8.420
  4519.812     3.788     8.319
  4519.913     3.738     8.319
  4520.013     3.738     8.218
  4520.113     3.738     8.118
  4520.214     3.687     8.068
  4520.314     3.585     8.017
  4520.415     3.534     7.967
  5350.188     3.534     7.967
  5350.290     3.636     8.017
  5350.390     3.941     8.118
  5350.490     3.992     8.118
  5352.000     3.992     8.118
  5352.100     3.992     8.269
  5352.200     3.992     8.470
  5352.301     3.992     8.470
  5352.401     3.992     8.722
  5352.804     3.992     8.722
  5352.904     3.992     8.772
  5353.005     3.992     8.772
  5353.106     3.992     8.873
  5353.609     3.992     8.873
  5353.709     3.992     8.923
  5353.810     3.992     8.973
  5354.011     3.992     8.973
  5354.112     3.992     9.074
  5354.212     3.891     9.074
  5354.313     3.839     9.074
  5354.413     3.839     9.124
  5354.513     3.839     9.124
  5354.614     3.839     9.225
  5354.715     3.839     9.275
  5358.037     3.839     9.275
  5358.138     3.839     9.326
  5492.080     3.839     9.326
  5492.181     3.687     9.275
  5492.282     3.636     9.275
  5492.381     3.636     9.275
  5492.482     3.585     9.225
  5579.976     3.585     9.225
