     0.076    39.013    13.080
     1.254    39.013    13.080
     1.366    41.021    14.262
     4.772    41.021    14.262
     4.888    40.867    14.309
     4.996    40.764    14.309
     5.107    40.713    14.309
     8.756    40.713    14.309
     8.890    40.661    14.072
    14.432    40.661    14.072
    14.540    40.661    14.120
    14.657    40.713    14.214
    19.063    40.713    14.214
    19.173    40.713    14.356
    19.293    40.713    14.403
    19.404    40.713    14.403
    19.511    40.661    14.451
    73.192    40.661    14.451
    73.302    40.713    14.451
    74.187    40.713    14.451
    74.306    40.919    14.356
    74.853    40.919    14.356
    74.966    40.919    14.167
    75.185    40.919    14.167
    75.292    40.919    14.214
    75.728    40.919    14.214
    75.836    40.919    14.262
    76.381    40.919    14.262
    76.491    40.919    14.309
    76.598    40.919    14.403
    85.913    40.919    14.403
    86.020    40.970    14.451
    86.135    41.125    14.498
    86.243    41.176    14.498
    89.387    41.176    14.498
    89.494    41.176    14.545
    90.284    41.176    14.545
    90.393    41.227    14.734
    90.503    41.279    14.828
    90.618    41.279    14.875
    90.723    41.279    14.970
    90.832    41.279    14.970
    90.950    41.382    15.064
    91.058    41.433    15.112
    91.168    41.537    15.206
    91.829    41.537    15.206
    91.938    41.537    15.254
    92.048    41.537    15.348
    92.156    41.537    15.395
    92.273    41.537    15.395
    92.414    41.639    15.442
    92.524    41.639    15.442
    92.629    41.692    15.442
    92.739    41.692    15.442
    92.846    41.692    15.678
    92.956    41.692    15.820
    93.076    41.692    15.820
    93.189    41.692    15.867
    94.279    41.692    15.867
    94.388    41.692    15.962
    94.497    41.692    16.103
    94.610    41.692    16.103
    94.719    41.692    16.151
    95.297    41.692    16.151
    95.405    41.639    16.151
    95.516    41.639    16.151
    95.629    41.588    16.151
    95.743    41.588    16.057
    95.859    41.588    15.962
    97.845    41.588    15.962
    97.954    41.433    15.962
    98.071    41.331    15.962
    98.178    41.331    15.915
    98.295    41.279    15.678
    98.402    41.279    15.584
    98.516    41.279    15.537
   141.141    41.279    15.537
   141.249    41.433    15.537
   141.364    41.588    15.537
   141.471    41.794    15.537
   143.140    41.794    15.537
   143.247    41.898    15.631
   143.355    41.949    15.726
   143.470    42.000    15.867
   143.709    42.000    15.867
   143.823    41.949    15.962
   148.327    41.949    15.962
   148.442    41.949    16.103
   148.562    41.846    16.292
   149.133    41.846    16.292
   149.258    41.692    16.387
   149.822    41.692    16.387
   149.931    41.692    16.434
   150.039    41.692    16.434
   150.164    41.794    16.434
   150.276    41.898    16.434
   155.384    41.898    16.434
   155.504    42.000    16.434
   163.359    42.000    16.434
   163.472    42.155    16.481
   163.580    42.361    16.529
   164.146    42.361    16.529
   164.253    42.361    16.481
   164.365    42.361    16.434
   164.474    42.361    16.434
   164.582    42.361    16.292
   164.700    42.258    16.151
   166.344    42.258    16.151
   166.450    42.155    16.103
   167.109    42.155    16.103
   167.216    42.104    15.962
   167.328    42.104    15.867
   167.442    42.104    15.726
   167.553    42.104    15.726
   167.659    42.104    15.678
   167.769    42.104    15.584
   167.877    42.104    15.584
   167.985    42.000    15.584
   168.090    41.949    15.584
   168.203    41.639    15.631
   168.309    41.588    15.631
   168.864    41.588    15.631
   168.972    41.279    15.820
   169.080    41.279    15.867
   171.620    41.279    15.867
   171.726    41.382    15.867
   174.409    41.382    15.867
   174.518    41.433    15.915
   174.625    41.485    15.962
   175.274    41.485    15.962
   175.390    41.485    16.009
   175.507    41.485    16.009
   175.613    41.331    16.057
   175.725    41.125    16.057
   175.836    40.919    16.103
   175.944    40.764    16.103
   176.049    40.713    16.103
   176.161    40.558    16.198
   176.267    40.558    16.292
   176.379    40.507    16.434
   176.495    40.404    16.529
   176.604    40.249    16.670
   176.714    40.249    16.717
   176.826    40.198    16.765
   176.962    40.094    16.860
   177.074    39.837    17.048
   177.198    39.734    17.095
   177.315    39.631    17.143
   177.423    39.580    17.143
   177.651    39.580    17.143
   177.759    39.528    17.237
   181.091    39.528    17.237
   181.214    39.528    17.473
   181.322    39.528    17.520
   182.089    39.528    17.520
   182.201    39.528    17.568
   182.307    39.528    17.568
   182.416    39.528    17.615
   182.530    39.528    17.757
   182.642    39.528    17.804
   182.752    39.528    17.851
   182.864    39.476    17.946
   182.975    39.322    18.135
   183.099    39.116    18.323
   183.206    39.116    18.371
   183.315    39.013    18.418
   183.438    38.961    18.466
   183.546    38.961    18.512
   183.654    38.961    18.607
   183.763    38.961    18.607
   183.890    38.961    18.654
   184.109    38.961    18.654
   184.218    38.961    18.701
   184.325    38.961    18.796
   184.435    38.961    18.843
   184.548    38.961    18.938
   184.660    38.961    18.985
   184.768    38.961    19.032
   184.879    39.013    19.079
   184.989    39.064    19.079
   185.101    39.064    19.079
   185.208    39.116    19.126
   185.318    39.168    19.268
   185.429    39.322    19.457
   185.547    39.322    19.504
   185.654    39.374    19.599
   185.763    39.374    19.599
   185.871    39.425    19.646
   185.975    39.425    19.646
   186.083    39.425    19.693
   188.524    39.425    19.693
   188.633    39.270    19.835
   188.753    39.219    19.835
   189.517    39.219    19.835
   189.628    39.270    19.835
   189.734    39.270    19.835
   189.839    39.322    19.835
   189.948    39.374    19.835
   190.059    39.425    19.882
   191.498    39.425    19.882
   191.603    39.425    19.929
   193.165    39.425    19.929
   193.272    39.374    19.977
   195.052    39.374    19.977
   195.163    39.374    20.024
   195.382    39.374    20.024
   195.495    39.374    20.118
   195.606    39.374    20.213
   195.714    39.374    20.307
   195.830    39.374    20.307
   195.954    39.374    20.355
   196.060    39.374    20.355
   196.167    39.374    20.402
   196.284    39.425    20.496
   196.390    39.476    20.638
   196.500    39.476    20.732
   196.610    39.476    20.780
   196.717    39.476    20.780
   196.823    39.476    20.827
   196.932    39.476    20.827
   197.048    39.476    20.921
   197.154    39.476    20.969
   197.266    39.374    21.110
   197.386    39.219    21.252
   197.494    39.116    21.346
   197.602    39.064    21.441
   197.721    39.013    21.630
   197.828    38.910    21.772
   197.939    38.858    21.913
   198.052    38.858    22.102
   198.162    38.807    22.244
   198.271    38.704    22.433
   198.392    38.652    22.575
   198.503    38.549    22.716
   198.609    38.498    22.764
   200.274    38.498    22.764
   200.384    38.395    22.764
   200.492    38.343    22.764
   202.698    38.343    22.764
   202.804    38.241    22.764
   202.923    38.188    22.764
   203.036    38.137    22.764
   203.143    38.137    22.764
   203.249    37.983    22.764
   203.366    37.880    22.764
   203.592    37.880    22.764
   203.706    37.880    22.811
   203.816    37.776    22.905
   203.931    37.725    22.952
   204.047    37.622    23.000
   204.154    37.570    23.047
   206.883    37.570    23.047
   206.989    37.467    23.141
   207.097    37.365    23.330
   207.209    37.312    23.378
   207.318    37.416    23.378
   207.428    37.467    23.378
   207.642    37.467    23.378
   207.758    37.416    23.283
   208.533    37.416    23.283
   208.644    37.416    23.236
   208.860    37.416    23.236
   208.970    37.416    23.189
   209.082    37.416    23.141
   209.188    37.519    23.094
   209.298    37.519    23.047
   209.404    37.519    23.000
   212.393    37.519    23.000
   212.507    37.519    23.141
   212.614    37.416    23.472
   212.724    37.312    23.944
   212.832    37.210    24.464
   212.946    37.004    25.361
   213.052    36.901    25.975
   213.158    36.850    26.306
   213.275    36.695    26.590
   213.383    36.644    26.826
   213.489    36.644    26.967
   213.595    36.592    27.156
   220.421    36.592    27.156
   220.542    36.592    27.251
   220.650    36.592    27.251
   220.756    36.489    27.487
   225.426    36.489    27.487
   225.541    36.489    27.440
   225.652    36.489    27.440
   225.757    36.489    27.392
   225.870    36.489    27.345
   226.738    36.489    27.345
   226.846    36.489    27.487
   226.959    36.541    27.676
   227.072    36.644    27.912
   227.186    36.747    28.007
   227.293    36.953    28.195
   227.414    37.210    28.337
   227.525    37.365    28.384
   227.645    37.467    28.479
   227.752    37.467    28.479
   227.859    37.622    28.479
   227.965    37.725    28.479
   228.076    37.776    28.479
   228.183    37.983    28.479
   228.292    38.035    28.479
   228.403    38.241    28.810
   228.512    38.241    29.093
   228.634    38.241    29.140
   228.745    38.241    29.140
   228.852    38.292    29.140
   228.966    38.343    29.187
   229.086    38.343    29.187
   229.199    38.447    29.187
   229.309    38.498    29.187
   229.425    38.549    29.235
   229.532    38.601    29.376
   240.931    38.601    29.376
   241.037    38.549    29.329
   241.180    38.395    29.187
   241.291    38.343    29.140
   241.398    38.241    28.998
   241.509    38.241    28.621
   241.621    38.241    28.479
   241.732    38.241    28.384
   241.843    38.241    28.337
   241.967    38.241    28.243
   242.316    38.241    28.243
   242.423    38.292    28.243
   242.534    38.395    28.195
   243.417    38.395    28.195
   243.525    38.498    28.148
   243.637    38.601    28.148
   243.852    38.601    28.148
   243.962    38.755    28.054
   244.076    38.807    28.007
   245.181    38.807    28.007
   245.289    38.858    28.007
   245.408    39.064    27.959
   245.522    39.168    27.959
   245.644    39.270    27.865
   245.868    39.270    27.865
   245.982    39.425    27.865
   246.098    39.425    27.818
   247.003    39.425    27.818
   247.114    39.219    27.865
   247.229    39.219    27.865
   247.335    39.116    27.912
   247.443    38.910    27.959
   247.554    38.704    28.101
   247.661    38.652    28.101
   247.767    38.652    28.101
   247.874    38.601    28.101
   247.982    38.601    28.101
   248.092    38.498    28.195
   248.199    38.343    28.243
   248.310    38.343    28.243
   248.418    38.292    28.290
   248.526    38.292    28.290
   248.634    38.241    28.290
   248.747    38.086    28.337
   248.968    38.086    28.337
   249.078    38.137    28.337
   249.186    38.188    28.337
   249.510    38.188    28.337
   249.622    38.188    28.384
   249.839    38.188    28.384
   249.957    38.188    28.290
   250.069    38.188    28.054
   250.185    38.188    27.770
   250.294    38.188    27.723
   250.508    38.188    27.723
   250.614    38.292    27.581
   250.726    38.343    27.440
   251.407    38.343    27.440
   251.513    38.343    27.345
   251.631    38.343    27.298
   251.850    38.343    27.298
   251.959    38.292    27.298
   252.066    38.292    27.109
   252.176    38.292    27.015
   252.287    38.188    26.778
   252.414    38.137    26.542
   252.521    38.086    26.306
   252.634    38.086    26.212
   252.749    38.086    26.164
   252.867    38.086    26.070
   252.974    37.931    25.834
   253.084    37.880    25.692
   253.201    37.829    25.645
   253.311    37.829    25.598
   253.424    37.829    25.503
   253.533    37.829    25.503
   253.639    37.829    25.456
   253.967    37.829    25.456
   254.073    37.725    25.456
   254.180    37.674    25.456
   254.292    37.622    25.503
   264.567    37.622    25.503
   264.697    37.622    25.031
   264.807    37.622    24.464
   264.919    37.674    24.181
   265.028    37.776    23.992
   265.142    37.776    23.850
   265.256    37.880    23.803
   265.367    37.931    23.755
   265.476    38.137    23.614
   265.589    38.137    23.567
   265.807    38.137    23.567
   265.922    38.137    23.519
   266.256    38.137    23.519
   266.366    38.241    23.519
   266.481    38.292    23.519
   266.699    38.292    23.519
   266.810    38.343    23.519
   267.170    38.343    23.519
   267.280    38.395    23.519
   267.390    38.549    23.472
   267.505    38.601    23.472
   267.610    38.652    23.472
   267.829    38.652    23.472
   267.941    38.755    23.425
   268.052    38.858    23.330
   268.160    38.961    23.236
   268.265    39.013    23.189
   269.162    39.013    23.189
   269.278    39.013    23.141
   271.165    39.013    23.141
   271.270    38.961    23.330
   271.378    38.910    23.567
   271.486    38.910    23.661
   271.601    38.910    23.992
   271.720    38.910    24.322
   272.480    38.910    24.322
   272.589    38.961    24.322
   272.697    39.116    24.322
   272.811    39.168    24.322
   273.033    39.168    24.322
   273.139    39.322    24.464
   273.261    39.322    24.606
   273.374    39.322    24.653
   274.158    39.322    24.653
   274.269    39.322    24.842
   274.378    39.322    24.936
   274.484    39.270    25.031
   274.598    39.270    25.078
   274.706    39.270    25.078
   274.812    39.270    25.125
   275.254    39.270    25.125
   275.375    38.961    25.125
   275.482    38.858    25.125
   275.593    38.704    25.125
   275.703    38.447    25.125
   275.810    37.880    25.172
   275.942    37.622    25.267
   276.053    37.622    25.267
   276.170    37.880    25.361
   276.279    37.983    25.361
   276.715    37.983    25.361
   276.829    38.035    25.739
   276.944    38.035    26.023
   277.506    38.035    26.023
   277.613    38.292    26.023
   277.725    38.447    26.023
   277.835    38.447    26.023
   277.943    38.395    26.023
   278.050    38.343    25.975
   278.156    38.343    25.975
   278.266    38.188    25.975
   278.374    38.086    25.975
   278.498    37.674    26.023
   278.609    37.261    26.070
   278.724    37.261    25.739
   278.830    37.261    25.692
   279.713    37.261    25.692
   279.823    37.107    25.645
   279.933    37.004    25.598
   280.042    37.004    25.503
   280.174    37.056    25.267
   280.281    37.056    25.267
   280.390    37.056    25.361
   280.497    37.056    25.550
   280.604    36.901    25.975
   280.720    36.901    26.070
   280.828    36.901    26.070
   280.936    36.850    26.070
   281.054    36.644    26.117
   281.167    36.541    26.212
   281.289    36.489    26.259
   281.401    36.437    26.495
   281.513    36.386    26.684
   281.626    36.386    26.731
   281.960    36.386    26.731
   282.081    36.386    26.873
   282.856    36.386    26.873
   282.962    36.335    26.873
   284.961    36.335    26.873
   285.068    36.335    27.015
   285.179    36.129    27.392
   285.290    36.129    27.440
   285.403    36.129    27.440
   285.516    36.129    27.534
   285.633    36.077    27.629
   285.743    36.025    27.723
   286.739    36.025    27.723
   286.848    35.923    27.723
   286.960    35.923    27.723
   287.073    35.819    27.676
   287.192    35.717    27.581
   287.308    35.613    27.440
   287.523    35.613    27.440
   287.642    35.613    27.392
   287.752    35.613    27.251
   287.860    35.613    27.251
   287.967    35.613    27.204
   288.212    35.613    27.204
   288.319    35.613    27.156
   288.429    35.613    27.062
   288.760    35.613    27.062
   288.872    35.613    26.967
   288.981    35.613    26.920
   289.090    35.613    26.873
   289.221    35.613    26.778
   289.333    35.562    26.684
   289.443    35.562    26.495
   289.554    35.562    26.401
   289.665    35.562    26.353
   289.775    35.562    26.306
   289.992    35.562    26.306
   290.098    35.562    26.212
   290.556    35.562    26.212
   290.665    35.562    26.164
   290.889    35.562    26.164
   290.996    35.511    26.164
   291.103    35.356    26.117
   291.212    35.253    26.117
   291.324    34.996    26.070
   291.442    34.944    26.070
   291.659    34.944    26.070
   291.769    34.944    26.023
   291.881    34.944    25.928
   291.991    34.892    25.834
   292.102    34.892    25.787
   292.215    34.892    25.787
   292.321    34.892    25.645
   292.639    34.892    25.645
   292.747    34.892    25.598
   292.858    34.892    25.550
   292.977    34.892    25.550
   293.085    34.892    25.503
   293.196    34.892    25.503
   293.302    34.892    25.456
   293.424    34.892    25.361
   293.538    34.892    25.361
   293.653    34.892    25.267
   293.770    34.944    25.220
   293.880    35.047    25.172
   293.988    35.047    25.172
   294.103    35.098    25.172
   294.210    35.150    25.172
   294.318    35.305    25.172
   294.430    35.356    25.172
   294.887    35.356    25.172
   294.999    35.356    25.361
   295.110    35.356    25.456
   295.323    35.356    25.456
   295.438    35.407    25.503
   295.559    35.562    25.787
   295.678    35.562    25.834
   295.894    35.562    25.834
   296.002    35.511    25.834
   296.110    35.459    25.834
   296.222    35.407    25.834
   296.329    35.407    25.834
   296.439    35.253    25.834
   296.563    35.201    25.834
   296.674    35.150    25.834
   296.781    35.098    25.834
   296.888    34.996    25.834
   297.011    34.841    25.834
   297.118    34.686    25.834
   297.233    34.635    25.834
   297.341    34.584    25.834
   297.449    34.480    25.787
   298.551    34.480    25.787
   298.657    34.378    25.881
   298.773    34.378    25.881
   298.894    34.378    25.928
   299.221    34.378    25.928
   299.325    34.223    25.975
   299.555    34.223    25.975
   299.664    34.172    25.975
   299.774    33.966    25.975
   299.882    33.862    26.023
   300.012    33.862    26.023
   300.120    33.811    26.023
   300.243    33.656    26.023
   300.382    33.347    26.164
   300.489    33.141    26.212
   300.602    32.987    26.306
   300.710    32.884    26.353
   300.819    32.523    26.590
   300.930    32.368    26.731
   301.041    32.111    26.826
   301.149    31.905    26.920
   301.261    31.596    27.109
   301.368    31.287    27.251
   301.475    31.029    27.345
   301.593    30.823    27.440
   301.700    30.566    27.534
   301.811    30.463    27.534
   301.920    30.051    27.676
   302.029    29.690    27.723
   302.138    29.176    27.865
   302.249    28.970    27.912
   302.361    28.815    27.912
   302.468    28.505    27.912
   302.580    28.454    27.912
   302.689    28.403    27.912
   302.797    28.351    27.912
   302.915    28.093    27.912
   303.022    27.733    27.912
   303.139    27.373    27.818
   303.254    27.064    27.723
   303.364    26.652    27.629
   303.478    26.497    27.534
   303.586    26.188    27.440
   303.696    25.776    27.298
   303.811    25.415    27.204
   303.926    24.952    27.015
   304.033    24.642    26.826
   304.139    24.437    26.684
   304.250    24.076    26.448
   304.360    23.819    26.212
   304.467    23.458    25.881
   304.581    23.097    25.598
   304.690    22.634    25.267
   304.800    22.222    24.936
   304.905    22.068    24.795
   305.014    22.068    24.795
   305.125    22.016    24.795
   305.235    21.964    24.842
   305.350    21.964    25.031
   305.456    21.913    25.125
   305.569    21.758    25.125
   305.682    21.398    24.984
   305.791    21.295    24.984
   305.898    21.140    24.700
   306.012    21.038    24.464
   306.120    20.883    24.086
   306.229    20.832    23.944
   306.337    20.728    23.755
   306.454    20.677    23.661
   306.566    20.471    23.472
   306.676    20.368    23.330
   306.787    20.213    23.000
   306.892    20.162    22.952
   307.656    20.162    22.952
   307.767    19.904    22.764
   307.879    19.750    22.716
   307.989    19.389    22.669
   308.317    19.389    22.669
   308.426    19.338    22.716
   308.545    19.234    22.716
   308.659    19.080    22.716
   308.765    18.720    22.669
   308.877    18.411    22.527
   308.983    18.153    22.480
   309.093    17.895    22.386
   309.203    17.638    22.244
   309.319    17.277    22.102
   309.428    17.020    22.008
   309.537    16.814    21.866
   309.645    16.711    21.866
   309.774    16.711    21.866
   309.884    16.659    21.866
   309.991    16.608    21.866
   310.099    16.402    21.866
   310.206    16.093    21.866
   310.312    15.938    21.866
   310.420    15.836    21.819
   310.531    15.578    21.724
   310.639    15.269    21.583
   310.771    15.011    21.441
   310.883    14.908    21.346
   311.000    14.805    21.252
   312.201    14.805    21.252
   312.313    14.754    21.252
   312.431    14.702    21.252
   312.547    14.496    21.110
   312.653    14.290    20.921
   312.762    13.981    20.638
   312.872    13.930    20.543
   312.978    13.724    20.449
   313.089    13.363    20.260
   313.206    13.208    20.024
   313.320    13.002    19.788
   313.449    12.951    19.552
   313.558    12.796    19.315
   313.675    12.487    18.938
   313.783    12.281    18.749
   313.895    11.973    18.512
   314.011    11.509    18.229
   314.125    11.200    18.135
   314.234    11.045    18.087
   314.342    10.891    17.898
   314.456    10.788    17.757
   314.564    10.788    17.663
   314.676    10.788    17.615
   314.796    10.376    17.143
   314.908    10.376    16.954
   315.018    10.376    16.481
   315.134    10.324    16.151
   315.240    10.273    15.678
   315.348    10.067    15.206
   315.456     9.912    14.781
   315.565     9.757    14.356
   315.685     9.757    14.262
   315.796     9.757    14.120
   315.919     9.809    13.694
   316.026     9.912    13.317
   316.139     9.963    13.128
   316.252     9.963    12.891
   316.361     9.963    12.891
   316.469    10.015    12.750
   316.584    10.169    12.608
   316.690    10.324    12.183
   316.803    10.582    11.805
   316.912    10.685    11.428
   317.018    10.891    11.239
   317.140    11.097    11.002
   317.245    11.406    10.814
   317.354    11.612    10.625
   317.464    11.869    10.388
   317.573    11.921    10.341
   317.684    12.127    10.152
   317.802    12.385    10.011
   317.914    12.796     9.774
   318.019    13.002     9.680
   318.129    13.414     9.538
   318.239    13.672     9.444
   318.354    13.981     9.208
   318.463    13.981     9.208
   318.570    14.445     9.160
   318.677    14.754     9.160
   318.785    14.857     9.160
   318.892    14.908     9.113
   318.998    15.011     9.113
   319.110    15.011     9.113
   319.217    15.114     9.065
   319.327    15.371     8.971
   319.439    15.732     8.782
   319.551    16.042     8.641
   319.666    16.196     8.593
   319.777    16.505     8.546
   319.894    16.865     8.499
   320.002    17.277     8.499
   320.109    17.689     8.546
   320.223    18.205     8.735
   320.333    18.256     8.782
   320.444    18.256     8.782
   320.554    18.256     8.688
   320.661    18.256     8.593
   320.769    18.050     8.451
   320.886    17.947     8.405
   321.008    17.947     8.405
   321.122    17.895     8.263
   321.235    18.205     8.027
   321.358    18.411     7.885
   321.466    18.720     7.790
   321.571    19.132     7.743
   321.678    19.595     7.743
   321.792    19.699     7.743
   321.906    20.007     7.743
   322.013    20.368     7.790
   322.122    21.038     7.885
   322.239    21.707     8.027
   322.351    22.119     8.074
   322.461    22.428     8.074
   322.566    22.685     8.074
   322.675    23.355     7.979
   322.788    23.922     7.790
   322.895    24.025     7.790
   323.007    24.179     7.554
   323.123    24.488     7.224
   323.233    24.952     6.704
   323.343    25.364     6.326
   323.455    25.673     6.090
   323.578    25.724     6.042
   323.685    25.776     5.996
   323.795    25.982     5.901
   323.905    26.136     5.807
   324.461    26.136     5.807
   324.572    26.240     5.996
   324.681    26.291     6.042
   324.806    26.446     6.137
   324.933    26.600     6.137
   325.044    26.858     6.137
   325.170    27.424     6.137
   325.288    27.939     5.996
   325.395    29.021     5.807
   325.515    29.897     5.712
   325.632    30.205     5.712
   325.738    31.236     5.712
   325.851    31.236     5.712
   325.974    31.339     5.712
   326.081    31.493     5.712
   326.188    31.802     5.523
   326.300    31.905     5.476
   326.411    32.008     5.476
   326.526    32.214     5.476
   326.653    32.678     5.334
   326.764    33.090     5.287
   326.877    33.399     5.287
   326.989    33.656     5.523
   327.097    33.811     5.665
   327.206    34.017     5.854
   327.319    34.274     5.948
   327.429    34.480     6.090
   327.643    34.480     6.090
   327.756    34.532     6.090
   328.527    34.532     6.090
   328.636    34.480     6.185
   328.747    34.378     6.279
   329.422    34.378     6.279
   329.531    33.811     6.042
   329.642    33.708     6.042
   329.749    33.605     5.948
   329.859    33.605     5.948
   329.977    33.553     5.948
   330.083    33.502     5.948
   330.415    33.502     5.948
   330.520    33.502     5.807
   330.635    33.502     5.665
   331.181    33.502     5.665
   331.287    33.502     5.618
   331.393    33.502     5.476
   331.502    33.502     5.334
   331.616    33.502     5.239
   331.726    33.502     5.193
   331.838    33.656     4.862
   331.947    33.811     4.484
   332.056    34.017     4.248
   332.164    34.068     4.201
   332.269    34.172     4.201
   332.380    34.223     4.201
   332.708    34.223     4.201
   332.815    34.274     4.248
   333.036    34.274     4.248
   333.149    34.429     4.295
   333.261    34.584     4.295
   333.475    34.584     4.295
   333.592    34.635     4.295
   338.732    34.635     4.295
   338.845    34.686     4.295
   338.965    34.841     4.153
   341.640    34.841     4.153
   341.755    34.944     4.153
   341.868    34.944     4.153
   341.973    34.996     4.153
   344.405    34.996     4.153
   344.538    34.996     4.059
   344.646    34.996     4.012
   345.636    34.996     4.012
   345.746    35.047     4.012
   346.070    35.047     4.012
   346.184    35.150     4.012
   352.948    35.150     4.012
   353.056    35.098     4.012
   353.377    35.098     4.012
   353.490    35.098     4.059
   353.604    35.047     4.153
   353.716    34.996     4.153
   354.054    34.996     4.153
   354.159    34.944     4.153
   354.268    34.892     4.153
   357.004    34.892     4.153
   357.109    34.892     4.201
   357.222    34.892     4.248
   358.229    34.892     4.248
   358.341    34.892     4.295
   358.900    34.892     4.295
   359.007    34.892     4.342
   360.341    34.892     4.342
   360.450    34.944     4.342
   360.566    35.047     4.390
   360.679    35.098     4.390
   361.449    35.098     4.390
   361.560    35.098     4.437
   361.890    35.098     4.437
   361.998    35.098     4.484
   362.114    35.098     4.484
   362.222    35.098     4.531
   418.849    35.098     4.531
   418.956    35.150     4.579
   419.065    35.201     4.720
   419.176    35.201     4.767
   424.598    35.201     4.767
   424.707    35.253     4.720
   425.140    35.253     4.720
   425.246    35.305     4.720
   425.357    35.305     4.720
   425.465    35.356     4.720
   425.577    35.356     4.720
   425.686    35.407     4.720
   426.564    35.407     4.720
   426.671    35.407     4.767
   426.883    35.407     4.767
   427.021    35.407     4.862
   427.131    35.407     4.956
   427.239    35.407     5.004
   427.569    35.407     5.004
   427.689    35.356     5.004
   427.899    35.356     5.004
   428.009    35.356     5.239
   428.560    35.356     5.239
   428.672    35.356     5.193
   428.776    35.356     5.145
   437.061    35.356     5.145
   437.175    35.150     5.145
   437.293    35.098     5.145
   437.835    35.098     5.145
   437.951    35.098     5.193
   451.610    35.098     5.193
   451.716    35.098     5.239
   452.482    35.098     5.239
   452.590    35.098     5.334
   477.397    35.098     5.334
   477.510    34.944     5.193
   477.619    34.841     5.145
   477.729    34.790     5.051
   477.841    34.790     5.004
   478.528    34.790     5.004
   478.661    34.790     4.956
   483.049    34.790     4.956
   483.155    34.790     4.909
   570.474    34.790     4.909
   570.584    34.790     4.956
   570.804    34.790     4.956
   570.917    34.790     5.098
   571.031    34.790     5.145
   571.142    34.790     5.334
   571.252    34.790     5.334
   571.367    34.790     5.429
   638.195    34.790     5.429
   638.319    34.892     5.429
   639.211    34.892     5.429
   639.320    34.686     5.382
   639.452    34.584     5.287
   639.569    34.326     5.145
   639.782    34.326     5.145
   639.891    34.532     5.382
   640.000    34.532     5.429
   688.090    34.532     5.429
   688.198    34.532     5.382
   688.524    34.532     5.382
   688.634    34.635     5.382
   688.745    34.635     5.287
   688.857    34.635     5.239
   688.968    34.635     5.193
   689.190    34.635     5.193
   689.302    34.686     5.004
   689.413    34.686     4.909
   689.522    34.686     4.862
   690.097    34.686     4.862
   690.204    34.790     4.909
   706.369    34.790     4.909
   706.490    34.584     5.098
   706.595    34.429     5.145
   706.711    34.326     5.145
   706.827    34.326     5.145
   706.938    34.274     5.287
   707.045    34.274     5.334
   708.896    34.274     5.334
   709.012    34.172     5.334
   709.119    33.966     5.334
   711.445    33.966     5.334
   711.555    33.966     5.570
   718.515    33.966     5.570
   718.622    33.966     5.523
   723.844    33.966     5.523
   723.966    33.966     5.334
   724.295    33.966     5.334
   724.402    33.966     5.239
   724.509    33.966     5.051
   724.615    33.914     4.909
   724.726    33.914     4.767
   730.358    33.914     4.767
   730.476    34.120     4.767
   730.597    34.429     4.862
   730.712    34.635     4.909
   730.821    34.686     4.909
   730.932    34.790     4.909
   731.041    35.047     4.956
   731.154    35.253     4.956
   731.264    35.305     4.956
   731.377    35.356     4.956
   731.491    35.511     4.956
   731.597    35.665     4.956
   731.712    35.717     4.956
   731.819    35.768     4.956
   731.927    35.871     4.956
   732.035    35.974     4.956
   732.141    36.025     4.956
   732.247    36.077     4.956
   732.359    36.231     4.956
   732.468    36.437     4.956
   732.582    36.489     4.956
   732.693    36.644     4.956
   732.802    36.747     5.004
   732.908    36.850     5.004
   733.020    37.004     5.004
   733.139    37.107     5.004
   733.257    37.159     5.004
   733.376    37.159     5.004
   733.482    37.056     5.004
   733.606    36.953     5.051
   733.712    36.953     5.051
   733.819    36.953     5.098
   734.148    36.953     5.098
   734.254    37.004     5.098
   734.364    37.056     5.098
   734.472    37.159     5.098
   734.584    37.312     5.051
   734.693    37.416     5.004
   735.011    37.416     5.004
   735.124    37.467     5.004
   735.239    37.519     4.956
   736.009    37.519     4.956
   736.120    37.674     4.956
   736.227    37.674     4.956
   736.338    37.725     4.956
   740.170    37.725     4.956
   740.289    37.829     4.862
   741.200    37.829     4.862
   741.311    37.829     4.815
   741.423    37.829     4.673
   741.534    37.829     4.626
   741.650    37.829     4.579
   741.755    38.035     4.579
   741.865    38.137     4.579
   741.972    38.498     4.484
   742.307    38.498     4.484
   742.413    38.498     4.390
   742.530    38.549     4.295
   742.636    38.549     4.295
   742.742    38.601     4.295
   742.853    38.652     4.295
   747.072    38.652     4.295
   747.178    38.755     4.153
   747.289    38.755     4.153
   747.395    38.755     4.106
   914.101    38.755     4.106
   914.217    39.116     4.342
   914.336    39.476     4.626
   914.456    40.094     5.145
   914.565    40.661     5.476
   914.676    41.073     5.665
   914.790    41.588     5.854
   914.899    41.794     5.996
   915.022    42.104     6.137
   915.126    42.155     6.185
   915.234    42.309     6.279
   915.343    42.412     6.421
   915.455    42.464     6.468
   915.565    42.567     6.610
   915.673    42.670     6.799
   915.784    42.824     6.940
   915.897    42.876     7.035
   916.003    42.979     7.129
   916.114    43.031     7.176
   916.228    43.031     7.224
   916.337    43.082     7.318
   916.452    43.133     7.460
   916.559    43.339     7.696
   916.670    43.391     7.743
   916.784    43.391     7.790
   917.014    43.391     7.790
   917.130    43.649     8.168
   917.241    43.751     8.310
   917.565    43.751     8.310
   917.683    43.751     8.216
   917.896    43.751     8.216
   918.006    43.751     8.263
   919.659    43.751     8.263
   919.773    44.163     8.688
   919.887    44.163     8.782
   919.998    44.215     8.971
   920.110    44.215     9.065
   920.219    44.215     9.065
   920.329    44.215     9.160
   920.442    44.370     9.396
   920.547    44.473     9.585
   920.655    44.627     9.727
   920.765    44.730     9.822
   920.874    44.730     9.868
   920.988    44.936    10.152
   921.094    44.988    10.199
   921.214    45.194    10.483
   921.656    45.194    10.483
   921.763    45.296    10.577
   921.872    45.400    10.719
   921.985    45.451    10.766
   922.095    45.606    10.814
   922.217    45.760    10.955
   922.353    45.812    11.097
   922.460    45.915    11.239
   922.580    46.121    11.522
   922.690    46.275    11.758
   922.805    46.481    12.042
   922.913    46.481    12.089
   924.919    46.481    12.089
   925.025    46.584    12.089
   925.140    46.842    12.183
   925.249    47.512    12.656
   925.355    47.666    12.656
   925.464    47.924    12.703
   925.572    48.129    12.750
   925.680    48.541    12.703
   925.787    49.005    12.466
   925.895    49.314    12.325
   926.000    49.520    12.183
   926.110    49.571    12.183
   926.234    49.726    12.183
   926.340    49.984    12.183
   926.452    50.447    12.136
   926.566    50.550    12.136
   926.673    50.756    12.089
   926.780    51.117    11.805
   926.887    51.632    11.522
   926.998    51.786    11.428
   927.118    51.838    11.428
   930.948    51.838    11.428
   931.059    52.198    11.616
   931.167    52.302    11.711
   931.276    52.508    11.853
   931.390    52.610    11.994
   931.502    52.662    12.136
   931.615    52.662    12.183
   932.068    52.662    12.183
   932.180    52.610    12.231
   932.302    52.559    12.372
   932.409    52.456    12.514
   932.517    52.456    12.514
   932.624    52.404    12.608
   932.740    52.353    12.656
   932.849    52.302    12.750
   932.980    52.250    12.750
   933.088    52.147    12.750
   933.205    51.992    12.797
   933.310    51.941    12.797
   933.423    51.683    12.891
   933.534    51.580    12.939
   934.098    51.580    12.939
   934.221    51.529    12.939
   934.332    51.271    12.986
   934.442    51.220    12.986
   934.549    51.169    12.986
   934.872    51.169    12.986
   934.978    51.169    13.034
   935.209    51.169    13.034
   935.314    51.169    13.222
   935.422    51.169    13.364
   935.535    51.169    13.411
   937.063    51.169    13.411
   937.174    51.271    13.458
   937.286    51.323    13.458
   937.391    51.375    13.506
   937.506    51.426    13.506
   937.618    51.477    13.506
   937.728    51.477    13.506
   937.839    51.529    13.506
   939.260    51.529    13.506
   939.370    51.580    13.553
   939.586    51.580    13.553
   939.694    51.735    13.694
   939.803    52.044    13.978
   939.913    52.198    14.262
   940.033    52.302    14.498
   940.140    52.404    14.734
   940.249    52.456    15.017
   940.359    52.456    15.206
   940.470    52.456    15.348
   940.582    52.456    15.442
   940.691    52.508    15.584
   940.798    52.610    15.726
   940.916    52.714    15.915
   941.025    52.714    15.915
   941.133    52.765    15.915
   941.355    52.765    15.915
   941.466    52.765    15.773
   941.572    52.765    15.584
   941.681    52.816    15.537
   944.150    52.816    15.537
   944.256    52.920    15.537
   944.366    52.971    15.773
   944.476    52.971    16.057
   944.582    52.920    16.292
   944.697    52.868    16.576
   944.809    52.765    16.717
   944.928    52.714    16.765
   945.041    52.714    16.765
   945.147    52.662    16.765
   945.360    52.662    16.765
   945.471    52.662    16.812
   945.688    52.662    16.812
   945.795    52.610    16.860
   945.909    52.456    17.095
   946.019    52.404    17.143
   946.126    52.404    17.143
   946.232    52.353    17.237
   946.340    52.250    17.473
   946.469    52.250    17.568
   946.578    52.250    17.663
   946.692    52.198    17.757
   949.033    52.198    17.757
   949.142    52.250    17.757
   949.477    52.250    17.757
   949.583    52.250    17.709
   949.807    52.250    17.709
   949.913    52.250    17.663
   950.020    52.302    17.615
   950.133    52.353    17.520
   950.694    52.353    17.520
   950.800    52.353    17.426
   950.910    52.353    17.332
   951.244    52.353    17.332
   951.350    52.353    17.237
   951.463    52.353    17.237
   951.570    52.404    17.143
   951.689    52.456    17.048
   951.807    52.456    17.001
   952.343    52.456    17.001
   952.459    52.559    17.001
   952.570    52.765    17.048
   953.665    52.765    17.048
   953.770    52.765    17.095
   954.332    52.765    17.095
   954.442    52.714    17.095
   955.884    52.714    17.095
   955.992    52.662    17.095
   957.203    52.662    17.095
   957.308    52.610    17.095
   957.743    52.610    17.095
   957.850    52.559    17.095
   957.959    52.508    17.095
   958.172    52.508    17.095
   958.289    52.456    17.095
   977.804    52.456    17.095
   977.918    52.404    17.095
   978.026    52.302    17.143
   978.134    52.147    17.237
   979.547    52.147    17.237
   979.659    52.147    17.426
   979.773    52.147    17.473
   979.881    52.147    17.568
   979.992    52.147    17.615
   980.099    52.147    17.709
   980.209    52.147    17.757
   980.543    52.147    17.757
   980.648    52.147    17.804
   980.757    52.147    17.804
   980.866    52.147    17.946
   980.980    52.095    18.087
   981.199    52.095    18.087
   981.308    52.044    18.135
   981.418    51.992    18.229
   981.526    51.992    18.229
   981.637    51.992    18.276
   983.730    51.992    18.276
   983.835    51.941    18.276
   983.947    51.941    18.276
   984.056    51.889    18.276
   984.168    51.889    18.276
   984.275    51.838    18.276
   985.157    51.838    18.276
   985.262    51.529    18.512
   985.371    51.477    18.512
   985.481    51.426    18.560
   986.149    51.426    18.560
   986.256    51.477    18.560
   987.500    51.477    18.560
   987.617    51.529    18.796
   987.723    51.580    19.032
   987.834    51.580    19.079
   987.946    51.632    19.126
   988.069    51.683    19.126
   988.176    51.735    19.126
   988.404    51.735    19.126
   988.511    51.889    19.268
   988.621    52.095    19.552
   988.739    52.198    19.646
   988.846    52.198    19.693
   988.953    52.198    19.741
   989.277    52.198    19.741
   989.385    52.198    19.788
   989.510    52.198    19.929
   989.619    52.198    20.024
   989.728    52.198    20.118
   989.840    52.198    20.118
   989.950    52.198    20.213
   990.059    52.198    20.307
   990.174    52.250    20.449
   990.285    52.302    20.543
   990.390    52.302    20.591
   990.605    52.302    20.591
   990.712    52.353    20.591
   990.828    52.456    20.638
   990.935    52.559    20.732
   991.045    52.559    20.780
  1084.000    52.559    20.780
  1084.102    52.404    20.969
  1084.890    52.404    20.969
  1088.154    52.559    20.969
  1088.296    52.610    20.969
  1089.830    52.610    20.969
  1089.941    52.610    20.827
  1093.267    52.610    20.827
  1093.375    52.610    20.874
  1142.621    52.610    20.874
  1142.735    52.714    21.158
  1142.858    53.280    21.961
  1142.971    53.383    22.102
  1143.088    53.434    22.291
  1143.198    53.280    22.338
  1143.307    53.228    22.338
  1143.415    53.177    22.338
  1143.519    53.126    22.338
  1143.644    53.074    22.338
  1143.751    53.074    22.338
  1143.861    52.816    22.338
  1143.969    52.662    22.338
  1144.841    52.662    22.338
  1144.950    52.508    22.338
  1145.069    52.456    22.338
  1145.184    52.302    22.338
  1145.295    52.198    22.338
  1145.408    52.198    22.338
  1145.524    52.147    22.338
  1145.630    52.095    22.338
  1146.181    52.095    22.338
  1146.300    52.044    22.338
  1146.529    52.044    22.338
  1146.643    51.992    22.338
  1146.757    51.889    22.338
  1146.867    51.889    22.338
  1146.982    51.838    22.338
  1147.538    51.838    22.338
  1147.643    51.838    22.291
  1148.638    51.838    22.291
  1148.745    51.838    22.244
  1148.958    51.838    22.244
  1149.087    51.632    22.197
  1150.496    51.632    22.197
  1150.614    51.632    22.244
  1151.043    51.632    22.244
  1151.149    51.632    22.386
  1303.285    51.632    22.386
  1303.391    51.529    22.386
  1303.502    51.426    22.386
  1305.945    51.426    22.386
  1306.046    51.477    21.961
  1306.324    51.477    21.961
  1306.431    51.477    22.008
  1306.542    51.477    22.008
  1306.649    51.580    22.008
  1307.431    51.580    22.008
  1307.537    51.529    22.008
  1452.114    51.529    22.008
  1452.223    51.477    22.008
  1452.332    51.477    21.961
  1452.446    51.477    21.772
  1452.561    51.477    21.535
  1452.668    51.477    21.394
  1452.780    51.477    21.346
  1453.001    51.477    21.346
  1453.110    51.580    21.394
  1453.223    51.580    21.441
  1455.456    51.580    21.441
  1455.561    51.580    21.488
  1461.188    51.580    21.488
  1461.296    51.580    21.630
  1461.720    51.786    22.338
  1461.838    51.838    22.527
  1463.161    51.838    22.527
  1463.269    51.838    22.716
  1463.385    51.838    22.764
  1463.500    51.838    22.811
  1463.605    51.889    22.952
  1463.712    52.044    23.047
  1463.842    52.095    23.047
  1463.950    52.147    23.094
  1464.058    52.147    23.094
  1464.164    52.198    23.094
  1464.602    52.198    23.094
  1464.710    52.250    23.189
  1464.820    52.302    23.236
  1464.928    52.302    23.236
  1465.033    52.353    23.283
  1465.146    52.353    23.283
  1465.253    52.353    23.330
  1465.364    52.353    23.330
  1465.473    52.456    23.378
  1465.603    52.508    23.378
  1469.893    52.508    23.378
  1470.003    52.559    23.567
  1480.869    52.559    23.567
  1480.978    52.559    23.472
  1481.089    52.508    23.425
  1481.412    52.508    23.425
  1481.520    52.456    23.425
  1483.875    52.456    23.425
  1483.997    52.559    23.189
  1484.120    52.559    23.189
  1484.230    52.559    23.094
  1484.347    52.714    22.716
  1484.454    52.920    22.480
  1484.561    52.920    22.480
  1484.669    53.074    22.386
  1484.777    53.126    22.338
  1484.883    53.332    22.149
  1484.997    53.383    21.961
  1485.106    53.434    21.819
  1486.979    53.434    21.819
  1487.090    53.434    21.724
  1487.198    53.434    21.677
  1487.305    53.434    21.630
  1487.418    53.434    21.441
  1487.523    53.538    21.205
  1487.635    53.538    21.158
  1498.132    53.538    21.158
  1498.253    53.538    21.110
  1501.897    53.538    21.110
  1502.005    53.589    21.016
  1502.115    53.589    20.874
  1502.229    53.641    20.874
  1502.884    53.641    20.874
  1503.003    53.641    20.827
  1503.110    53.692    20.732
  1503.348    53.692    20.732
  1503.459    53.795    20.685
  1503.568    53.795    20.685
  1503.675    53.847    20.685
  1503.785    53.898    20.685
  1503.897    53.898    20.685
  1504.003    53.898    20.732
  1515.463    53.898    20.732
  1515.579    53.898    20.449
  1515.696    53.898    20.402
  1515.810    53.898    20.307
  1515.929    53.898    20.166
  1516.044    53.795    19.977
  1516.477    53.795    19.977
  1516.592    53.744    19.929
  1529.395    53.744    19.929
  1529.506    53.692    19.929
  1529.728    53.692    19.929
  1529.846    53.589    19.929
  1541.712    53.589    19.929
  1541.819    53.486    19.929
  1541.927    53.280    19.693
  1542.034    53.074    19.410
  1542.140    52.971    19.174
  1542.247    52.920    19.126
  1542.372    52.765    18.796
  1542.478    52.714    18.560
  1542.586    52.662    18.418
  1542.695    52.610    18.229
  1542.802    52.508    17.993
  1542.908    52.456    17.757
  1543.021    52.353    17.473
  1543.130    52.147    17.095
  1543.239    52.044    16.954
  1543.345    51.889    16.670
  1543.451    51.838    16.576
  1543.560    51.786    16.529
  1543.668    51.786    16.481
  1543.775    51.786    16.198
  1543.884    51.735    16.057
  1543.999    51.735    15.915
  1544.110    51.529    15.678
  1544.218    51.477    15.584
  1544.325    51.271    15.300
  1544.438    51.220    15.159
  1544.553    51.220    15.112
  1547.880    51.220    15.112
  1547.994    51.220    15.206
  1548.112    51.375    15.584
  1548.220    51.375    15.631
  1548.325    51.375    15.678
  1548.431    51.375    15.678
  1548.559    51.580    15.773
  1548.670    51.632    15.773
  1548.781    51.683    15.820
  1548.892    51.683    15.867
  1549.001    51.786    16.057
  1549.115    51.838    16.198
  1549.228    51.838    16.340
  1549.340    51.838    16.387
  1550.357    51.838    16.387
  1550.476    51.889    16.387
  1550.697    51.889    16.387
  1550.805    51.941    16.387
  1551.021    51.941    16.387
  1551.136    51.992    16.387
  1551.258    52.044    16.387
  1551.478    52.044    16.387
  1551.592    52.095    16.387
  1551.710    52.302    16.387
  1551.826    52.353    16.387
  1551.935    52.353    16.387
  1552.047    52.456    16.387
  1552.164    52.456    16.340
  1552.394    52.456    16.340
  1552.502    52.508    16.340
  1553.278    52.508    16.340
  1553.391    52.508    16.529
  1553.509    52.508    16.623
  1556.589    52.508    16.623
  1556.706    52.610    16.623
  1557.145    52.610    16.623
  1557.252    52.816    16.434
  1557.363    52.868    16.434
  1557.471    53.074    16.292
  1557.575    53.228    16.245
  1557.686    53.383    16.151
  1562.246    53.383    16.151
  1562.351    53.486    16.151
  1562.577    53.486    16.151
  1562.683    53.538    16.151
  1562.801    53.589    16.103
  1562.924    53.589    16.057
  1563.136    53.589    16.057
  1563.253    53.589    15.962
  1563.359    53.589    15.962
  1563.471    53.641    15.915
  1566.032    53.641    15.915
  1566.141    53.641    15.820
  1566.252    53.692    15.726
  1609.166    53.692    15.726
  1609.271    53.692    15.773
  1609.379    53.692    15.962
  1609.496    53.692    16.009
  1609.604    53.692    16.057
  1610.384    53.692    16.057
  1610.498    53.692    15.962
  2209.028    53.692    15.962
  2209.142    53.744    16.009
  2209.251    53.744    16.009
  2209.356    53.847    16.103
  2210.028    53.847    16.103
  2210.143    53.949    16.151
  2321.307    53.949    16.151
  2321.414    53.898    16.245
  2321.522    53.692    16.340
  2321.638    53.486    16.529
  2321.761    53.280    16.765
  2321.868    53.228    16.812
  2321.977    53.177    16.954
  2322.086    53.126    17.001
  2322.196    53.022    17.001
  2322.305    52.971    17.001
  2322.414    52.816    17.048
  2322.535    52.816    17.048
  2322.647    52.765    17.048
  2322.890    52.765    17.048
  2322.999    52.816    17.048
  2337.558    52.816    17.048
  2337.670    52.765    17.048
  2337.778    52.559    17.095
  2337.885    52.302    17.095
  2337.996    52.095    17.095
  2338.122    51.786    17.095
  2338.231    51.683    17.095
  2338.338    51.580    17.095
  2650.563    51.580    17.095
  2650.674    51.683    17.095
  2650.779    51.683    17.095
  2650.886    51.838    17.095
  2651.004    51.941    17.048
  2651.115    51.941    16.954
  2651.227    51.941    16.812
  2671.566    51.941    16.812
  2671.694    51.941    16.765
  2671.804    51.992    16.765
  2737.876    51.992    16.765
  2737.985    51.941    16.765
  2738.099    51.941    16.765
  2738.213    51.786    16.765
  2738.327    51.735    16.812
  2738.434    51.632    16.954
  2781.966    51.632    16.954
  2782.075    51.580    17.001
  2782.200    51.117    17.143
  2782.325    50.963    17.237
  2782.431    50.963    17.237
  2782.539    50.963    17.284
  2782.650    51.117    17.284
  2782.769    51.271    17.284
  2786.627    51.271    17.284
  2786.734    51.271    17.379
  2786.845    51.220    17.473
  2786.965    51.169    17.520
  2787.070    51.117    17.520
  2787.179    51.014    17.568
  2787.420    51.014    17.568
  2787.527    50.910    17.568
  2787.637    50.859    17.568
  2787.745    50.859    17.568
  2787.853    50.808    17.615
  2790.888    50.808    17.615
  2790.998    50.756    17.615
  2794.387    50.756    17.615
  2794.495    50.704    17.709
  2795.497    50.704    17.709
  2795.610    50.602    17.709
  2795.721    50.550    17.709
  2795.832    50.498    17.709
  2796.052    50.498    17.709
  2796.162    50.447    17.709
  2799.196    50.447    17.709
  2799.302    50.396    17.709
  2799.411    50.396    17.709
  2799.520    50.293    17.709
  2800.967    50.293    17.709
  2801.074    50.293    17.757
  2848.058    50.293    17.757
  2848.166    50.396    17.757
  2848.275    50.396    17.757
  2848.381    50.498    17.757
  2851.806    50.498    17.757
  2851.917    50.498    17.898
  2857.672    50.498    17.898
  2857.778    50.447    17.898
  2857.889    50.447    17.946
  2858.000    50.396    17.946
  2858.214    50.396    17.946
  2858.320    50.293    18.135
  2858.436    50.293    18.182
  2859.093    50.293    18.182
  2859.199    50.087    18.182
  2888.435    50.087    18.182
  2888.546    49.984    18.182
  2888.662    49.932    18.182
  2905.179    49.932    18.182
  2905.287    49.778    18.182
  2905.393    49.778    18.182
  2905.503    49.726    18.182
  2971.430    49.726    18.182
  2971.536    49.778    18.182
  2971.643    49.778    18.182
  2971.769    49.881    18.087
  2971.884    50.087    17.946
  2971.993    50.087    17.898
  2972.122    50.138    17.851
  2972.552    50.138    17.851
  2972.660    50.138    17.804
  2972.768    50.138    17.757
  2972.891    50.138    17.757
  2973.000    50.138    17.709
  2973.233    50.138    17.709
  2973.340    50.087    17.615
  2973.450    50.087    17.615
  2973.568    50.087    17.568
  2973.900    50.087    17.568
  2974.004    49.984    17.568
  2974.125    49.932    17.568
  2975.246    49.932    17.568
  2975.353    49.932    17.520
  2975.460    49.984    17.426
  2975.570    49.984    17.379
  2976.334    49.984    17.379
  2976.446    49.984    17.332
  2977.875    49.984    17.332
  2977.987    50.035    17.332
  2979.308    50.035    17.332
  2979.414    49.881    17.237
  2979.527    49.881    17.190
  2979.633    49.881    17.190
  2979.740    49.829    17.048
  2979.847    49.726    16.906
  2980.073    49.726    16.906
  2980.184    49.675    16.860
  2980.297    49.623    16.717
  2980.420    49.520    16.623
  2980.533    49.469    16.529
  2981.444    49.469    16.529
  2981.556    49.417    16.529
  2982.000    49.417    16.529
  2982.113    49.365    16.434
  2992.180    49.365    16.434
  2992.293    49.314    16.434
  2993.539    49.314    16.434
  2993.654    49.314    16.387
  2993.763    49.314    16.245
  2993.868    49.314    16.198
  2993.979    49.314    16.103
  2994.087    49.314    16.057
  2994.214    49.314    16.009
  2994.323    49.314    15.962
  2996.409    49.314    15.962
  2996.516    49.314    15.915
  2996.638    49.314    15.867
  2998.320    49.314    15.867
  2998.426    49.417    15.867
  2998.534    49.417    15.867
  2998.644    49.571    15.867
  2998.755    49.571    15.867
  2998.866    49.675    15.867
  3012.087    49.675    15.867
  3012.197    49.675    15.773
  3012.312    49.675    15.678
  3021.422    49.675    15.678
  3021.530    49.675    15.631
  3021.637    49.623    15.631
  3021.852    49.623    15.631
  3021.962    49.520    15.631
  3022.186    49.520    15.631
  3022.296    49.469    15.631
  3022.409    49.417    15.584
  3259.875    49.417    15.584
  3259.988    49.469    15.631
  3260.100    49.571    15.678
  3260.208    49.726    15.867
  3260.313    49.778    15.867
  3260.426    49.778    15.915
  3398.235    49.778    15.915
  3398.342    50.035    15.915
  3398.452    50.087    15.915
  3398.569    50.138    15.820
  3398.683    50.190    15.773
  3398.812    50.241    15.537
  3640.587    50.241    15.537
  3640.692    50.241    15.678
  3640.801    50.241    15.726
  3641.362    50.241    15.726
  3641.482    50.293    15.726
  4067.719    50.293    15.726
  4067.826    50.241    15.773
  4067.937    50.190    15.820
  4068.603    50.190    15.820
  4068.724    50.190    16.009
  4068.832    50.138    16.198
  4068.938    50.035    16.387
  4069.050    49.984    16.434
  4069.165    49.829    16.529
  4069.288    49.829    16.576
  4069.398    49.778    16.576
  4069.631    49.778    16.576
  4069.738    49.778    16.623
  4070.079    49.778    16.623
  4070.199    49.881    16.387
  4070.749    49.881    16.387
  4070.873    49.881    16.529
  4070.979    49.778    16.717
  4071.090    49.726    16.812
  4077.891    49.726    16.812
  4078.000    49.520    17.001
  4078.105    49.469    17.143
  4078.218    49.469    17.332
  4078.326    49.469    17.379
  4078.436    49.469    17.426
  4078.550    49.469    17.473
  4108.161    49.469    17.473
  4108.267    49.417    17.473
  4108.374    49.417    17.473
  4108.482    49.314    17.426
  4108.593    49.314    17.426
  4108.699    49.108    17.237
  4108.810    49.057    17.095
  4108.917    49.057    17.048
  4241.740    49.057    17.048
  4241.846    49.005    17.048
  4242.280    49.005    17.048
  4242.393    48.953    17.048
  4242.503    48.953    17.048
  4242.609    48.747    17.048
  4242.721    48.696    17.048
  4243.495    48.696    17.048
  4243.606    48.747    17.048
  4243.717    48.747    17.048
  4243.830    48.799    17.048
  4243.940    48.851    17.048
  4378.448    48.851    17.048
  4378.555    48.747    17.048
  4378.662    48.747    17.048
  4378.771    48.696    17.048
  4378.996    48.696    17.048
  4379.109    48.645    17.048
  4379.215    48.593    17.001
  4379.564    48.593    17.001
  4379.671    48.645    17.001
  4453.555    48.645    17.001
  4453.664    48.645    17.048
  4453.775    48.645    17.048
  4453.882    48.541    17.237
  4453.993    48.439    17.332
  4454.111    48.284    17.379
  4454.218    48.232    17.379
  4454.324    48.181    17.237
  4454.433    48.129    17.237
  4460.631    48.129    17.237
  4460.737    48.541    17.095
  4460.847    48.541    17.095
  4460.957    48.541    17.001
  4461.171    48.541    17.001
  4461.283    48.541    16.954
  4461.395    48.541    16.954
  4461.505    48.696    16.954
  4463.023    48.696    16.954
  4463.134    48.747    16.860
  4463.251    48.747    16.812
  4463.679    48.747    16.812
  4463.793    48.747    16.860
  4463.900    48.747    16.860
  4464.008    48.747    17.001
  4480.085    48.747    17.001
  4480.194    48.645    17.048
  4480.311    48.490    17.143
  4480.430    48.181    17.520
  4480.539    48.181    17.757
  4480.653    48.181    17.946
  4480.762    48.026    18.087
  4480.869    47.924    18.087
  4480.978    47.924    17.946
  4481.107    47.924    17.804
  4485.994    47.924    17.804
  4486.109    47.924    17.898
  4486.216    47.769    18.607
  4486.322    47.563    18.985
  4486.432    47.357    19.268
  4486.546    47.306    19.410
  4486.654    47.306    19.410
  4486.759    47.306    19.457
  4486.871    47.306    19.457
  4486.986    47.614    18.985
  4487.542    47.614    18.985
  4487.659    47.614    19.174
  4487.780    47.408    19.599
  4487.892    47.408    19.646
  4489.218    47.408    19.646
  4489.330    47.408    19.693
  4489.439    47.408    19.835
  4489.552    47.563    20.071
  4489.660    47.614    20.213
  4489.879    47.614    20.213
  4489.987    47.666    20.213
  4490.093    47.718    20.213
  4490.205    47.820    20.118
  4490.315    47.820    20.071
  4495.584    47.820    20.071
  4495.696    47.820    20.307
  4495.805    47.820    20.307
  4495.918    47.820    20.496
  4496.028    47.820    20.685
  4496.141    47.820    20.874
  4496.252    47.820    20.921
  4497.924    47.820    20.921
  4498.038    47.820    20.874
  4498.150    47.820    20.780
  4498.266    47.769    20.591
  4498.383    47.718    20.402
  4499.032    47.718    20.402
  4499.149    47.718    20.449
  4499.262    47.666    20.638
  4499.371    47.666    20.685
  4499.483    47.666    20.685
  4499.609    47.614    20.685
  4500.390    47.614    20.685
  4500.499    47.306    20.685
  4500.724    47.306    20.685
  4500.834    47.408    20.732
  4500.941    47.408    20.732
  4501.052    47.460    20.732
  4501.268    47.460    20.732
  4501.383    47.614    20.874
  4501.495    47.614    20.921
  4501.601    47.614    20.969
  4502.037    47.614    20.969
  4502.148    47.460    20.921
  4502.256    47.408    20.874
  4502.365    47.357    20.732
  4502.476    47.357    20.685
  4503.691    47.357    20.685
  4503.801    47.408    20.921
  4503.917    47.408    21.063
  4504.032    47.460    21.158
  4504.357    47.460    21.158
  4504.465    47.460    21.110
  4504.575    47.460    21.110
  4504.681    47.460    21.063
  4504.805    47.460    21.063
  4504.917    47.460    21.016
  4505.025    47.460    20.921
  4505.139    47.460    20.874
  4505.259    47.460    20.827
  4505.489    47.460    20.827
  4505.609    47.460    20.685
  4506.257    47.460    20.685
  4506.369    47.357    20.638
  4506.587    47.357    20.638
  4506.700    47.151    20.638
  4506.812    47.151    20.638
  4506.929    47.202    20.638
  4507.039    47.306    20.780
  4507.161    47.408    20.780
  4507.275    47.460    20.827
  4508.900    47.460    20.827
  4509.007    47.512    20.921
  4509.117    47.512    20.969
  4511.432    47.512    20.969
  4511.544    47.512    21.063
  4511.654    47.512    21.110
  4512.202    47.512    21.110
  4512.319    47.512    21.299
  4512.644    47.512    21.299
  4512.751    47.408    21.252
  4512.858    47.408    21.205
  4514.403    47.408    21.205
  4514.517    47.512    21.205
  4514.637    47.614    21.205
  4516.067    47.614    21.205
  4516.175    47.666    21.205
  4516.293    47.718    21.205
  4516.422    47.769    21.205
  4516.532    47.820    21.205
  4518.205    47.820    21.205
  4518.312    47.820    21.252
  4518.422    47.820    21.299
  4518.529    47.820    21.346
  4521.313    47.820    21.346
  4521.424    47.872    21.346
  4521.536    47.975    21.346
  4521.643    48.026    21.346
  4521.859    48.026    21.346
  4521.970    48.078    21.346
  4522.081    48.078    21.346
  4522.198    48.129    21.346
  4522.320    48.232    21.346
  4522.432    48.284    21.346
  4522.546    48.335    21.346
  4522.769    48.335    21.346
  4522.877    48.387    21.346
  4523.430    48.387    21.346
  4523.548    48.439    21.299
  4523.657    48.439    21.299
  4523.761    48.490    21.158
  4524.515    48.490    21.158
  4524.627    48.541    21.158
  4524.733    48.593    21.158
  4524.844    48.645    21.158
  4524.959    48.696    21.110
  4525.093    48.799    21.110
  4525.203    49.005    20.969
  4525.312    49.159    20.874
  4525.422    49.211    20.874
  4525.535    49.211    20.827
  4534.499    49.211    20.827
  4534.606    49.211    20.732
  4535.052    49.211    20.732
  4535.159    49.263    20.732
  4535.266    49.263    20.685
  4535.371    49.365    20.638
  4535.481    49.365    20.591
  4537.130    49.365    20.591
  4537.237    49.520    20.449
  4537.351    49.520    20.402
  4537.458    49.571    20.402
  4537.677    49.571    20.402
  4537.787    49.623    20.402
  4537.893    49.623    20.355
  4538.008    49.675    20.355
  4538.115    49.675    20.355
  4538.222    49.675    20.213
  4538.330    49.675    20.166
  4538.674    49.675    20.166
  4538.783    49.675    20.118
  4538.890    49.675    19.977
  4539.436    49.675    19.977
  4539.543    49.675    19.929
  4539.652    49.726    19.882
  4539.761    49.778    19.835
  4539.883    49.829    19.835
  4539.997    49.881    19.741
  4540.130    49.932    19.693
  4540.239    49.984    19.646
  4540.363    49.984    19.599
  4540.471    49.984    19.504
  4540.579    49.984    19.504
  4540.691    49.984    19.457
  4540.802    49.984    19.410
  4540.910    50.035    19.363
  4541.036    50.035    19.363
  4541.147    50.138    19.363
  4541.261    50.190    19.363
  4541.373    50.190    19.363
  4541.484    50.241    19.363
  4541.592    50.293    19.363
  4541.707    50.344    19.315
  4541.819    50.396    19.315
  4543.909    50.396    19.315
  4544.016    50.396    19.363
  4544.456    50.396    19.363
  4544.561    50.396    19.315
  4544.678    50.396    19.221
  4544.785    50.396    19.126
  4544.898    50.447    19.079
  4545.004    50.498    19.032
  4545.877    50.498    19.032
  4545.982    50.550    19.032
  4546.090    50.602    19.032
  4546.199    50.653    19.032
  4546.992    50.653    19.032
  4547.099    50.704    19.032
  4552.418    50.704    19.032
  4552.526    51.117    19.032
  4552.639    51.375    18.985
  4552.769    51.632    18.890
  4552.885    51.683    18.843
  4552.992    51.683    18.843
  4553.099    51.683    18.796
  4553.206    51.683    18.701
  4553.428    51.683    18.701
  4553.533    51.786    18.654
  4553.642    51.786    18.654
  4553.749    51.889    18.560
  4553.856    51.889    18.512
  4553.970    51.889    18.512
  4554.077    51.992    18.466
  4554.187    52.095    18.371
  4554.648    52.095    18.371
  4554.761    52.095    18.418
  4554.875    52.095    18.512
  4555.436    52.095    18.512
  4555.557    51.992    18.512
  4569.499    51.992    18.512
  4569.607    52.198    18.323
  4569.713    52.404    18.229
  4569.820    52.610    18.135
  4569.936    52.662    18.087
  4570.046    52.662    18.087
  4570.160    52.765    18.087
  4570.374    52.765    18.087
  4570.485    52.765    18.135
  4570.604    52.765    18.135
  4570.716    52.816    18.229
  4570.826    52.816    18.276
  4720.842    52.816    18.276
  4720.961    52.765    18.135
  4721.069    52.610    17.946
  4721.175    52.508    17.757
  4721.295    52.404    17.663
  4721.403    52.404    17.663
  4721.513    52.508    17.615
  4721.623    52.662    17.568
  4721.737    52.714    17.520
  4721.844    52.714    17.520
  4721.954    52.714    17.473
  4722.070    52.714    17.379
  4723.078    52.714    17.379
  4723.195    52.714    17.332
  4723.312    52.559    17.284
  4723.420    52.559    17.237
  4723.528    52.456    17.190
  4762.509    52.456    17.190
  4762.617    52.559    17.190
  4762.723    52.610    17.190
  4762.836    52.610    17.190
  4762.953    52.662    17.190
  4763.067    52.662    17.190
  4763.185    52.816    17.190
  4763.295    52.868    17.190
  4763.519    52.868    17.190
  4763.632    52.920    17.190
  4764.290    52.920    17.190
  4764.411    52.971    17.190
  4764.630    52.971    17.190
  4764.738    53.022    17.190
  4765.057    53.022    17.190
  4765.173    53.074    17.190
  4765.394    53.074    17.190
  4765.506    53.126    17.143
  4765.619    53.177    17.048
  4766.175    53.177    17.048
  4766.276    53.280    17.001
  4812.823    53.280    17.001
  4812.930    53.280    17.048
  4813.039    53.280    17.190
  4813.155    53.280    17.332
  4813.271    53.280    17.379
  4818.379    53.280    17.379
  4818.490    53.126    17.379
  4818.604    53.022    17.379
  4818.712    53.074    17.379
  4818.823    53.177    17.379
  4818.948    53.280    17.379
  4819.054    53.332    17.379
  4819.160    53.383    17.379
  4819.381    53.383    17.379
  4819.488    53.383    17.284
  4819.600    53.383    17.237
  4819.710    53.383    17.190
  4863.588    53.383    17.190
  4863.695    53.383    17.095
  4863.804    53.280    16.860
  4863.911    53.228    16.670
  4864.021    53.126    16.434
  4864.134    52.816    16.198
  4864.240    52.765    16.103
  4864.573    52.765    16.103
  4864.679    52.868    16.103
  4864.795    52.920    16.103
  4865.008    52.920    16.103
  4865.122    53.022    16.198
  5163.997    53.022    16.198
  5164.104    53.126    16.387
  5164.225    53.280    16.623
  5164.335    53.434    16.765
  5164.444    53.589    16.765
  5164.553    53.692    16.765
  5164.659    53.744    16.765
  5164.765    53.795    16.765
  5164.981    53.795    16.765
  5165.091    53.744    16.765
  5165.422    53.744    16.765
  5165.539    53.692    16.765
  5175.695    53.692    16.765
  5175.806    53.692    16.576
  5175.924    53.692    16.292
  5176.029    53.795    15.867
  5176.137    53.795    15.726
  5176.248    53.847    15.395
  5176.356    53.898    15.254
  5176.468    53.898    15.159
  5176.574    53.898    14.970
  5176.692    53.795    14.828
  5177.040    53.795    14.828
  5177.159    53.641    14.498
  5181.390    53.641    14.498
  5181.503    53.744    14.828
  5181.614    53.795    14.875
  5181.723    53.847    14.923
  5245.137    53.847    14.923
  5245.246    53.692    14.592
  5245.358    53.538    14.451
  5245.469    53.486    14.309
  5245.806    53.486    14.309
  5245.912    53.486    14.356
  5246.023    53.486    14.403
  5302.563    53.486    14.403
  5302.668    53.538    14.403
  5302.781    53.538    14.403
  5302.889    53.589    14.403
  5303.994    53.589    14.403
  5304.104    53.589    14.356
  5417.943    53.589    14.356
  5418.050    53.589    14.309
  5418.164    53.589    14.214
  5418.283    53.383    13.978
  5418.397    53.177    13.837
  5463.682    53.177    13.837
  5463.789    53.434    13.694
  5463.897    53.641    13.553
  5464.005    53.847    13.317
  5468.497    53.847    13.317
  5468.604    53.795    13.317
  5468.713    53.692    13.317
  5471.266    53.692    13.317
  5471.374    53.641    13.317
  5473.826    53.641    13.317
  5473.940    53.589    13.317
  5474.049    53.589    13.317
  5474.169    53.486    13.222
  5478.700    53.486    13.222
  5478.809    53.383    13.128
  5479.138    53.383    13.128
  5479.246    53.538    13.034
  5479.352    53.795    12.891
  5479.464    53.898    12.891
  5480.136    53.898    12.891
  5480.249    53.847    12.891
  5480.355    53.744    12.891
  5480.465    53.692    12.891
  5480.574    53.641    12.891
  5487.028    53.641    12.891
  5492.038    53.538    12.561
  5492.394    53.538    12.561
  5492.832    53.538    11.947
  5492.951    53.847    13.034
  5493.062    53.898    13.128
  5493.173    53.898    13.600
  5493.280    53.589    13.317
  5493.386    53.538    13.222
  5493.493    53.538    13.222
  5493.602    53.538    12.986
  5493.710    53.538    12.986
  5493.820    53.589    12.656
  5503.135    53.589    12.656
