     4.989    47.614    13.175
     5.099    47.666    13.175
     6.461    47.666    13.175
     6.579    47.820    13.175
    10.093    47.820    13.175
    10.213    47.769    13.175
    10.321    47.563    13.317
    10.436    47.460    13.506
    10.554    47.408    13.600
    11.641    47.408    13.600
    11.746    47.357    13.931
    11.857    47.306    13.931
    11.976    47.048    14.262
    12.084    46.996    14.309
    12.194    46.996    14.451
    12.309    46.945    14.498
    12.428    46.842    14.734
    12.539    46.739    15.017
    12.650    46.584    15.348
    12.756    46.584    15.537
    14.248    46.584    15.537
    14.353    46.584    15.395
    14.573    46.584    15.395
    14.692    46.636    15.395
    16.342    46.636    15.395
    16.450    46.636    15.442
    16.565    46.636    15.678
    16.686    46.636    15.678
    16.793    46.636    15.726
    16.906    46.636    15.726
    17.016    46.687    15.773
    17.127    46.687    15.773
    17.233    46.739    15.773
    17.341    46.739    15.773
    17.460    46.790    15.820
    17.564    46.893    15.962
    17.675    46.893    15.962
    17.795    46.945    15.962
    17.916    47.100    16.103
    18.144    47.100    16.103
    18.264    47.151    16.292
    18.375    47.306    16.481
    18.482    47.460    16.623
    18.592    47.563    16.670
    18.702    47.614    16.717
    18.827    47.666    16.812
    18.939    47.666    16.860
    19.049    47.718    17.095
    19.156    47.769    17.332
    19.270    47.872    17.568
    19.381    47.924    17.663
    19.710    47.924    17.663
    19.818    47.924    17.709
    19.927    47.924    17.757
    20.033    47.924    17.898
    20.144    47.975    17.946
    20.254    47.975    17.993
    20.705    47.975    17.993
    20.814    48.129    17.993
    20.923    48.284    18.040
    21.041    48.335    18.087
    21.158    48.387    18.087
    21.267    48.439    18.135
    21.379    48.490    18.182
    21.499    48.541    18.229
    21.609    48.541    18.229
    21.724    48.541    18.276
    21.831    48.541    18.276
    21.939    48.593    18.276
    22.049    48.645    18.276
    22.272    48.645    18.276
    22.380    48.696    18.276
    22.495    48.696    18.276
    22.612    48.747    18.323
    22.720    48.851    18.418
    22.836    48.902    18.418
    22.943    48.953    18.418
    23.059    49.057    18.418
    23.174    49.314    18.466
    23.291    49.726    18.512
    23.404    49.778    18.512
    23.515    49.778    18.512
    23.623    49.829    18.512
    23.755    49.932    18.512
    23.865    50.087    18.512
    23.980    50.138    18.512
    24.745    50.138    18.512
    24.853    50.035    18.512
    24.969    49.932    18.512
    25.078    49.829    18.512
    27.405    49.829    18.512
    27.519    49.984    18.560
    28.192    49.984    18.560
    28.300    49.984    18.607
    28.408    50.087    18.843
    28.524    50.087    18.890
    28.747    50.087    18.890
    28.852    50.344    18.985
    28.960    50.550    19.174
    29.078    50.602    19.221
    29.199    50.653    19.221
    29.859    50.653    19.221
    29.991    50.704    19.599
    30.110    50.808    19.929
    30.223    50.910    20.118
    30.331    51.014    20.213
    30.437    51.014    20.260
    31.227    51.014    20.260
    31.334    51.014    20.355
    31.444    51.065    20.591
    31.554    51.065    20.685
    31.669    51.065    20.780
    31.781    51.065    20.780
    31.889    51.117    20.827
    32.005    51.117    20.827
    32.110    51.169    20.874
    32.564    51.169    20.874
    32.678    51.271    20.874
    32.788    51.323    20.921
    32.896    51.375    20.969
    33.009    51.529    21.158
    33.118    51.529    21.252
    34.904    51.529    21.252
    35.014    51.580    21.346
    35.121    51.632    21.583
    36.229    51.632    21.583
    36.337    51.786    21.630
    36.441    51.786    21.677
    37.981    51.786    21.677
    38.089    51.683    21.724
    38.866    51.683    21.724
    38.981    51.580    21.724
    39.093    51.477    21.724
    48.045    51.477    21.724
    48.152    51.426    21.724
    48.265    51.375    21.772
    74.894    51.375    21.772
    75.009    51.477    21.724
    75.114    51.735    21.677
    75.225    51.941    21.630
    75.331    52.044    21.583
    75.446    52.044    21.583
    75.558    52.095    21.535
    76.634    52.095    21.535
    76.741    52.044    21.535
    76.856    51.941    21.535
    77.099    51.941    21.535
    77.206    51.786    21.535
    82.205    51.786    21.535
    82.312    51.683    21.535
    82.423    51.632    21.535
    89.299    51.632    21.535
    89.406    51.683    21.535
    89.514    51.735    21.535
   186.546    51.735    21.535
   186.655    51.426    21.630
   186.769    51.375    21.630
   187.100    51.375    21.630
   187.221    51.323    21.630
   187.333    51.271    21.630
   205.799    51.271    21.630
   205.908    51.220    21.630
   206.021    50.910    21.630
   206.127    50.808    21.677
   206.234    50.808    21.677
   206.350    50.704    21.677
   206.572    50.704    21.677
   206.682    50.653    21.724
   207.142    50.653    21.724
   207.258    50.653    21.772
   207.368    50.653    21.866
   207.478    50.653    21.866
   207.585    50.653    21.913
   226.812    50.653    21.913
   226.928    50.704    21.772
   227.034    50.910    21.630
   227.151    50.963    21.583
   227.272    50.963    21.441
   227.377    50.963    21.346
   227.488    50.963    21.016
   227.595    50.963    20.827
   227.703    50.963    20.591
   227.812    50.963    20.449
   227.919    50.963    20.402
   228.028    50.963    20.355
   228.158    50.963    20.355
   228.271    50.963    20.307
   228.375    51.065    20.260
   228.485    51.065    20.166
   228.595    51.014    19.977
   228.708    51.014    19.835
   228.820    51.014    19.741
   228.926    50.963    19.646
   229.032    50.963    19.599
   231.183    50.963    19.599
   231.288    51.117    19.599
   231.403    51.220    19.552
   231.512    51.271    19.552
   231.623    51.271    19.552
   231.731    51.271    19.504
   231.858    51.323    19.410
   231.968    51.375    19.315
   232.847    51.375    19.315
   232.956    51.477    19.315
   233.065    51.580    19.268
   233.171    51.632    19.268
   233.291    51.683    19.268
   250.845    51.683    19.268
   250.955    51.735    19.268
   251.064    51.735    19.268
   251.170    51.889    19.268
   251.276    52.147    19.174
   251.384    52.198    19.126
   251.491    52.353    19.032
   251.598    52.353    19.032
   251.713    52.353    18.938
   251.821    52.404    18.890
   254.252    52.404    18.890
   254.361    52.508    18.701
   254.482    52.508    18.701
   254.588    52.508    18.654
   255.044    52.508    18.654
   255.159    52.714    18.607
   255.269    52.765    18.607
   256.362    52.765    18.607
   256.471    52.765    18.560
   256.582    52.765    18.560
   256.694    52.765    18.512
   256.809    52.714    18.182
   256.917    52.714    18.135
   257.025    52.714    18.087
   257.141    52.714    18.087
   257.257    52.714    17.898
   257.365    52.714    17.804
   257.471    52.714    17.568
   257.580    52.662    17.237
   257.704    52.662    17.001
   257.815    52.662    16.765
   257.926    52.662    16.670
   258.033    52.662    16.529
   258.148    52.662    16.387
   258.260    52.662    16.245
   258.376    52.662    15.962
   258.490    52.662    15.631
   258.599    52.765    15.395
   258.709    52.765    15.300
   258.818    52.765    15.206
   258.937    52.816    15.206
   259.049    52.816    15.159
   259.159    52.920    15.112
   259.267    52.920    15.017
   259.378    52.920    15.017
   259.486    52.920    14.828
   259.597    52.920    14.734
   259.708    52.920    14.592
   259.816    52.920    14.498
   259.930    52.920    14.403
   260.065    52.920    14.309
   260.176    52.920    14.167
   260.285    52.920    13.837
   260.393    52.816    13.648
   260.499    52.816    13.411
   260.608    52.816    13.269
   260.715    52.816    13.034
   260.826    52.816    12.845
   260.951    52.816    12.561
   261.072    52.868    12.419
   261.182    52.868    12.325
   261.295    52.868    12.231
   261.509    52.868    12.231
   261.623    52.868    12.183
   261.741    52.868    12.136
   261.852    52.868    12.089
   262.393    52.868    12.089
   262.510    52.662    12.136
   262.622    52.559    12.136
   263.311    52.559    12.136
   263.421    52.920    12.042
   263.547    53.022    11.900
   263.658    53.126    11.711
   263.768    53.126    11.616
   263.874    53.126    11.522
   263.991    53.126    11.522
   264.096    53.126    11.333
   264.217    53.126    11.191
   264.325    53.126    11.097
   264.441    53.126    11.002
   264.548    53.126    10.908
   264.661    53.126    10.860
   264.772    53.126    10.766
   264.878    53.126    10.719
   264.990    53.126    10.671
   265.099    53.126    10.625
   265.216    53.126    10.436
   265.327    53.126    10.388
   265.432    53.126    10.247
   265.545    53.126     9.916
   265.661    53.126     9.585
   265.773    53.126     9.208
   265.893    53.228     8.782
   266.007    53.332     8.593
   266.112    53.332     8.499
   266.219    53.383     8.310
   266.327    53.383     8.263
   266.439    53.383     8.216
   266.654    53.383     8.216
   266.776    53.383     8.263
   267.979    53.383     8.263
   268.089    53.280     8.263
   269.189    53.280     8.263
   269.299    53.280     8.168
   270.285    53.280     8.168
   270.390    53.280     8.121
   271.186    53.280     8.121
   271.293    53.228     8.074
   275.558    53.228     8.074
   275.665    53.228     8.027
   275.778    53.228     7.790
   275.893    53.177     7.696
   276.008    52.868     7.365
   276.118    52.662     6.988
   276.225    52.610     6.845
   276.332    52.508     6.610
   276.439    52.456     6.515
   276.545    52.353     6.326
   276.657    52.198     6.090
   276.774    52.044     5.807
   276.879    51.889     5.618
   276.993    51.735     5.429
   277.099    51.632     5.382
   277.211    51.375     5.239
   277.317    51.014     5.051
   277.432    50.704     4.909
   277.537    50.602     4.862
   277.644    50.550     4.815
   278.420    50.550     4.815
   278.531    50.447     4.815
   278.648    50.396     4.815
   278.759    50.344     4.815
   278.874    50.344     5.004
   278.981    50.344     5.098
   279.089    50.396     5.193
   279.196    50.396     5.193
   279.311    50.653     5.239
   279.430    50.653     5.239
   279.537    50.808     5.287
   280.427    50.808     5.287
   280.533    50.756     5.239
   280.644    50.602     5.098
   280.755    50.498     4.956
   280.868    50.293     4.815
   280.983    50.087     4.626
   281.090    49.881     4.437
   281.202    49.675     4.248
   281.320    49.365     3.964
   281.433    49.263     3.823
   281.548    49.211     3.539
   284.993    49.211     3.539
   285.099    49.057     3.539
   285.661    49.057     3.539
   285.772    49.057     3.634
   285.881    49.057     3.728
   286.425    49.057     3.728
   286.535    49.159     3.728
   286.644    49.263     3.634
   288.386    49.263     3.634
   288.493    49.365     3.776
   289.703    49.365     3.776
   289.811    49.571     3.776
   289.916    49.675     3.776
   290.026    49.881     3.776
   290.139    49.932     3.728
   290.486    49.932     3.728
   290.604    49.984     3.728
   290.714    50.138     3.728
   290.823    50.138     3.728
   290.929    50.190     3.728
   291.142    50.190     3.728
   291.250    50.293     3.587
   292.133    50.293     3.587
   292.247    50.447     3.587
   292.358    50.550     3.587
   292.468    50.653     3.634
   292.681    50.653     3.634
   292.787    50.653     3.681
   292.905    50.653     3.728
   293.124    50.653     3.728
   293.231    50.756     3.870
   293.340    50.859     3.870
   293.450    50.859     3.917
   294.110    50.859     3.917
   294.222    50.808     3.964
   294.335    50.704     4.012
   294.441    50.704     4.012
   294.547    50.653     4.012
   294.890    50.653     4.012
   295.005    50.653     4.059
   295.117    50.653     4.059
   295.223    50.756     4.059
   295.343    51.065     4.201
   295.451    51.220     4.342
   295.908    51.220     4.342
   296.013    51.117     4.248
   296.119    51.117     4.201
   296.232    51.065     4.153
   296.983    51.065     4.153
   297.091    50.963     4.153
   297.203    50.704     4.153
   297.316    50.293     4.106
   297.426    50.241     4.059
   297.648    50.241     4.059
   297.767    50.190     4.059
   297.873    49.984     3.964
   297.983    49.829     3.964
   298.091    49.623     3.823
   298.638    49.623     3.823
   298.745    49.520     3.823
   298.958    49.520     3.823
   299.067    49.365     3.823
   299.176    49.057     3.776
   299.291    48.645     3.634
   299.410    48.284     3.492
   299.518    48.078     3.445
   299.633    47.872     3.303
   299.744    47.614     3.256
   299.850    47.408     3.114
   300.958    47.408     3.114
   301.065    47.408     3.020
   301.285    47.408     3.020
   301.393    47.614     3.020
   301.507    47.769     3.067
   305.547    47.769     3.067
   305.656    47.512     3.067
   305.763    47.408     3.067
   305.871    47.151     3.067
   306.317    47.151     3.067
   306.430    47.048     3.067
   306.541    47.048     3.067
   306.647    46.945     3.067
   306.754    46.893     3.067
   306.869    46.893     3.067
   306.980    46.790     3.067
   307.305    46.790     3.067
   307.413    46.739     3.067
   307.531    46.327     3.020
   307.637    46.275     3.020
   307.744    46.172     3.020
   307.854    46.121     3.020
   307.970    45.915     2.973
   308.079    45.709     2.925
   308.192    45.400     2.878
   308.310    45.090     2.784
   308.419    44.730     2.642
   308.526    44.421     2.547
   308.633    44.163     2.500
   308.741    44.009     2.500
   308.853    44.009     2.500
   308.961    43.751     2.500
   309.068    43.751     2.500
   309.174    43.545     2.500
   309.293    43.339     2.500
   309.411    43.082     2.547
   309.518    43.082     2.547
   309.624    43.031     2.547
   309.735    42.979     2.547
   309.844    42.979     2.595
   310.056    42.979     2.595
   310.165    42.979     2.642
   310.615    42.979     2.642
   310.733    42.876     2.689
   310.862    42.515     2.784
   310.973    42.258     2.784
   311.081    42.052     2.784
   311.191    41.743     2.784
   311.298    41.382     2.784
   311.411    41.125     2.784
   311.524    40.867     2.831
   311.629    40.352     2.925
   311.744    40.094     2.973
   311.849    39.992     3.020
   311.969    39.888     3.020
   312.079    39.888     3.020
   312.191    39.837     3.020
   312.299    39.786     3.020
   312.412    39.580     3.020
   312.523    39.528     3.020
   312.854    39.528     3.020
   312.973    39.476     3.020
   313.084    38.961     3.020
   313.201    38.395     3.020
   313.307    38.241     3.020
   313.413    38.188     3.020
   313.526    38.137     3.020
   313.634    38.035     3.020
   313.745    37.880     3.020
   313.856    37.570     3.162
   313.965    37.312     3.256
   314.070    37.107     3.303
   314.180    36.747     3.539
   314.289    36.541     3.587
   314.401    36.283     3.728
   314.507    36.025     3.823
   314.621    35.665     3.964
   314.730    35.356     4.059
   314.835    34.996     4.059
   314.944    34.686     4.059
   315.055    34.172     4.059
   315.162    33.811     4.059
   315.271    33.553     4.059
   315.383    33.296     4.059
   315.499    32.935     4.059
   315.606    32.678     4.059
   315.711    32.368     4.059
   315.817    32.162     4.059
   315.937    31.854     4.012
   316.050    31.493     4.012
   316.161    31.081     3.964
   316.276    30.617     3.870
   316.382    30.257     3.776
   316.487    29.948     3.681
   316.594    29.897     3.681
   316.703    29.845     3.681
   316.810    29.793     3.681
   317.034    29.793     3.681
   317.141    29.587     3.634
   317.267    29.381     3.539
   317.373    29.176     3.492
   317.494    29.072     3.445
   317.603    28.970     3.445
   317.713    28.918     3.445
   317.822    28.660     3.539
   317.931    28.505     3.634
   318.037    28.454     3.634
   318.157    28.454     3.681
   318.268    28.351     3.823
   318.375    28.197     3.964
   318.491    28.197     4.012
   318.609    28.093     4.106
   318.716    27.939     4.295
   318.832    27.785     4.437
   318.944    27.527     4.626
   319.050    27.166     4.767
   319.157    27.064     4.862
   319.267    26.858     5.051
   319.375    26.652     5.287
   319.496    26.548     5.618
   319.602    26.548     5.712
   319.711    26.600     5.948
   319.820    26.652     6.042
   319.929    26.600     6.232
   320.048    26.446     6.421
   320.157    26.188     6.845
   320.265    26.034     7.082
   320.375    25.827     7.460
   320.484    25.621     7.838
   320.591    25.261     8.216
   320.700    25.055     8.451
   320.806    24.797     8.688
   320.917    24.642     8.877
   321.028    24.437     9.208
   321.137    24.282     9.491
   321.243    24.179     9.916
   321.349    24.076    10.199
   321.466    24.025    10.294
   322.330    24.025    10.294
   322.437    23.973    10.294
   322.544    23.973    10.294
   322.664    23.819    10.294
   322.776    23.767    10.294
   323.209    23.767    10.294
   323.326    23.870    10.294
   323.445    23.870    10.294
   323.551    23.973    10.294
   323.979    23.973    10.294
   324.086    23.922    10.294
   324.199    23.664    10.341
   324.307    23.355    10.388
   324.413    22.634    10.388
   324.521    21.964    10.388
   324.629    21.450    10.388
   324.735    21.038    10.388
   324.860    20.574    10.388
   324.968    20.059    10.247
   325.075    19.647    10.105
   325.185    19.338     9.916
   325.292    19.234     9.774
   325.399    19.080     9.491
   325.508    18.926     9.302
   325.615    18.771     9.019
   325.722    18.514     8.782
   325.830    18.101     8.499
   325.955    17.535     8.168
   326.068    16.814     7.885
   326.177    16.299     7.602
   326.289    16.093     7.318
   326.397    15.938     6.988
   326.502    15.938     6.799
   326.617    16.144     6.421
   326.727    16.248     6.185
   326.837    16.196     5.854
   326.944    16.093     5.523
   327.054    15.836     5.145
   327.177    15.474     4.815
   327.286    14.960     4.342
   327.397    14.754     3.587
   327.512    14.702     3.398
   327.620    14.651     3.350
   327.726    14.599     3.350
   329.148    14.599     3.350
   329.253    14.599     3.492
   329.364    14.599     3.492
   329.471    14.599     3.587
   329.577    14.702     3.776
   329.693    14.805     3.917
   330.243    14.805     3.917
   330.349    14.754     3.917
   330.467    14.702     3.917
   330.583    14.496     3.917
   330.691    13.930     3.917
   330.806    13.260     3.917
   330.913    12.848     3.917
   331.024    12.385     3.823
   331.133    12.075     3.728
   331.253    11.869     3.634
   331.361    11.715     3.587
   331.466    11.509     3.539
   331.584    11.200     3.492
   331.692    10.736     3.445
   331.798    10.376     3.398
   331.909    10.169     3.350
   332.016     9.861     3.256
   332.123     9.706     3.162
   332.231     9.397     3.020
   332.339     9.345     3.020
   332.455     8.985     2.925
   332.565     8.624     2.831
   332.669     8.418     2.831
   332.780     8.110     2.736
   332.888     7.698     2.689
   333.004     7.337     2.642
   333.111     7.131     2.642
   333.216     6.925     2.642
   333.331     6.925     2.642
   333.438     6.873     2.642
   333.777     6.873     2.642
   333.888     6.565     2.642
   333.994     6.306     2.595
   334.098     6.049     2.595
   334.214     5.792     2.595
   334.326     5.740     2.595
   334.435     5.586     2.595
   334.545     5.483     2.595
   334.666     5.431     2.595
   334.774     5.225     2.547
   334.891     4.916     2.547
   334.999     4.349     2.547
   335.104     4.092     2.547
   335.212     3.783     2.547
   335.322     3.525     2.547
   335.434     3.320     2.547
   335.548     3.010     2.547
   335.656     2.702     2.595
   335.771     2.392     2.595
   335.881     2.083     2.689
   335.996     1.980     2.689
   336.655     1.980     2.689
   336.774     1.929     2.784
   336.889     1.929     2.784
   336.995     1.929     2.878
   337.113     1.877     2.878
   338.331     1.877     2.878
   338.436     1.877     2.925
   338.555     1.774     3.067
   338.665     1.671     3.256
   338.773     1.671     3.398
   338.882     1.671     3.539
   338.997     1.620     3.634
   339.105     1.620     3.681
   339.211     1.568     3.917
   339.331     1.568     4.153
   339.443     1.517     4.437
   339.549     1.465     4.673
   339.658     1.465     4.862
   339.768     1.465     5.145
   339.876     1.465     5.287
   339.986     1.465     5.476
   340.098     1.465     5.712
   340.212     1.465     5.996
   340.323     1.465     6.326
   340.429     1.465     6.657
   340.538     1.465     7.082
   340.642     1.465     7.413
   340.753     1.414     7.696
   340.871     1.414     7.838
   340.979     1.362     7.979
   341.086     1.362     8.357
   341.192     1.362     8.593
   341.298     1.414     8.830
   341.405     1.620     9.113
   341.523     1.877     9.349
   341.636     1.980     9.633
   341.744     2.083     9.774
   341.849     2.186    10.057
   341.958     2.289    10.247
   342.070     2.289    10.341
   342.187     2.444    10.625
   342.294     2.496    10.766
   342.411     2.547    10.955
   342.531     2.650    11.286
   342.642     2.753    11.522
   342.754     2.856    11.853
   342.867     2.959    12.089
   342.974     3.062    12.514
   343.085     3.216    12.797
   343.193     3.371    13.080
   343.315     3.628    13.364
   343.424     3.783    13.553
   343.550     3.937    13.742
   343.660     3.989    13.789
   343.995     3.989    13.789
   344.103     4.092    13.789
   344.219     4.349    13.931
   344.325     4.349    13.931
   344.434     4.401    13.931
   344.546     4.401    13.931
   344.654     4.659    13.978
   344.763     4.865    14.025
   344.870     4.967    14.072
   344.985     5.328    14.214
   345.096     5.689    14.403
   345.204     5.792    14.403
   345.311     5.792    14.403
   345.418     5.792    14.781
   345.536     5.740    14.970
   345.647     5.740    15.395
   345.755     5.740    15.726
   345.862     5.740    15.962
   345.968     5.740    16.245
   346.078     5.740    16.670
   346.188     5.740    17.284
   346.298     5.792    17.520
   346.429     5.894    17.757
   346.535     5.998    17.993
   346.648     6.204    18.229
   346.755     6.410    18.418
   346.862     6.461    18.466
   346.989     6.565    18.560
   347.099     6.873    18.890
   347.210     6.976    19.032
   347.320     7.234    19.410
   347.425     7.234    19.410
   347.536     7.337    19.504
   347.659     7.440    19.552
   347.768     7.543    19.646
   347.873     7.749    19.835
   347.980     7.852    19.977
   348.092     7.904    19.977
   348.202     8.006    20.071
   348.309     8.161    20.213
   348.414     8.161    20.213
   348.533     8.212    20.213
   348.642     8.367    20.213
   348.747     8.573    20.213
   348.858     8.779    20.213
   348.966     8.985    20.213
   349.078     9.243    20.213
   349.191     9.397    20.213
   349.409     9.397    20.213
   349.517     9.243    20.213
   350.203     9.243    20.213
   350.324     9.345    20.496
   350.433     9.397    20.591
   350.540     9.912    20.969
   350.650    10.015    21.063
   350.760    10.222    21.205
   350.865    10.324    21.299
   351.085    10.324    21.299
   351.204    10.324    21.677
   351.320    10.324    22.055
   351.427    10.324    22.338
   351.540    10.479    22.622
   351.649    10.685    22.905
   351.757    10.839    23.094
   351.866    11.045    23.330
   351.978    11.303    23.567
   352.091    11.509    23.803
   352.215    11.715    24.086
   352.334    12.024    24.558
   352.444    12.179    24.889
   352.559    12.436    25.267
   352.667    12.642    25.503
   352.773    13.002    25.739
   352.878    13.106    25.881
   352.990    13.312    26.117
   353.103    13.466    26.306
   353.218    13.672    26.448
   353.326    13.672    26.495
   353.431    13.672    26.495
   353.538    13.826    26.542
   353.651    14.032    26.590
   353.757    14.084    26.590
   356.812    14.084    26.590
   356.920    14.084    26.542
   357.028    14.084    26.542
   357.134    14.136    26.542
   357.255    14.239    26.495
   357.364    14.239    26.495
   357.475    14.496    26.495
   359.459    14.496    26.495
   359.578    14.599    26.495
   359.708    14.754    26.448
   359.819    15.011    26.448
   359.937    15.269    26.401
   360.045    15.630    26.353
   360.154    16.144    26.353
   360.261    16.608    26.353
   360.369    17.071    26.401
   360.478    17.226    26.448
   360.593    17.381    26.448
   360.698    17.535    26.448
   361.033    17.535    26.448
   361.155    17.689    26.448
   361.262    17.741    26.448
   361.372    17.999    26.448
   361.480    18.050    26.448
   361.588    18.153    26.448
   361.699    18.411    26.401
   361.810    18.617    26.353
   361.922    18.668    26.353
   362.135    18.668    26.353
   362.241    18.720    26.306
   362.352    18.720    26.306
   362.458    18.822    26.164
   362.576    18.926    26.117
   362.680    19.338    26.023
   362.792    19.750    25.975
   362.899    20.162    25.928
   363.005    20.368    25.881
   363.111    20.471    25.834
   363.219    20.522    25.787
   363.337    20.780    25.550
   363.442    21.089    25.314
   363.550    21.552    25.031
   363.676    21.862    24.984
   363.790    21.964    24.984
   363.898    22.068    24.984
   364.027    22.222    24.889
   364.136    22.325    24.747
   364.242    22.479    24.511
   364.350    22.634    24.181
   364.457    22.943    23.850
   364.580    23.149    23.661
   364.695    23.613    23.330
   364.804    23.973    23.141
   364.916    24.179    23.000
   365.037    24.334    22.858
   365.145    24.540    22.622
   365.252    24.695    22.433
   365.357    24.746    22.244
   365.463    24.849    22.149
   366.026    24.849    22.149
   366.138    25.003    21.961
   366.248    25.107    21.772
   366.357    25.158    21.724
   366.470    25.158    21.583
   366.578    25.209    21.535
   366.695    25.209    21.488
   366.814    25.313    21.346
   366.929    25.467    21.158
   367.041    25.621    20.780
   367.158    25.724    20.402
   367.268    25.879    20.071
   367.375    25.930    19.788
   367.490    25.930    19.693
   367.702    25.930    19.693
   367.807    25.930    19.741
   368.022    25.930    19.741
   368.129    25.879    19.788
   368.236    25.879    19.788
   368.341    25.827    19.882
   368.454    25.827    19.882
   368.562    25.724    20.024
   368.671    25.724    20.071
   368.782    25.724    20.071
   368.907    25.879    20.071
   369.014    26.394    20.213
   369.124    26.446    20.260
   369.231    26.497    20.355
   369.339    26.548    20.402
   369.445    26.600    20.496
   369.552    26.703    20.732
   369.662    26.960    20.921
   369.775    27.166    20.969
   369.899    27.270    20.969
   370.012    27.373    20.969
   370.128    27.785    20.969
   370.570    27.785    20.969
   370.674    27.939    20.969
   370.785    28.042    20.969
   373.208    28.042    20.969
   373.315    27.991    20.969
   374.290    27.991    20.969
   374.403    27.733    21.110
   374.513    27.630    21.252
   374.630    27.527    21.441
   374.738    27.527    21.677
   374.844    27.476    21.866
   374.950    27.476    22.008
   375.064    27.476    22.008
   375.172    27.476    22.244
   375.278    27.476    22.527
   375.385    27.321    23.000
   375.498    27.270    23.189
   375.614    27.115    23.567
   375.731    27.115    23.803
   375.838    27.115    23.944
   375.950    27.115    24.086
   376.712    27.115    24.086
   376.819    27.064    24.275
   376.959    27.064    24.511
   377.078    26.960    24.889
   377.185    26.909    25.125
   377.976    26.909    25.125
   378.095    26.960    25.125
   378.205    26.960    25.125
   378.311    26.960    25.172
   378.417    26.960    25.361
   378.544    26.960    25.598
   378.652    27.012    25.787
   378.764    27.064    25.975
   378.874    27.064    26.070
   379.208    27.064    26.070
   379.316    26.960    26.212
   379.434    26.960    26.353
   379.543    27.012    26.542
   379.650    27.012    26.637
   379.762    27.064    26.778
   379.870    27.064    26.778
   379.977    27.270    26.967
   380.093    27.373    27.062
   380.204    27.682    27.204
   380.308    27.836    27.298
   380.427    27.939    27.345
   380.549    28.093    27.487
   380.657    28.145    27.581
   380.886    28.145    27.581
   380.996    27.991    27.534
   382.229    27.991    27.534
   382.334    28.093    27.865
   383.771    28.093    27.865
   383.886    28.093    28.007
   383.993    28.093    28.054
   384.102    28.093    28.054
   384.226    28.093    28.337
   384.346    28.093    28.668
   384.454    28.093    28.810
   384.563    28.093    29.093
   384.668    28.145    29.235
   384.778    28.197    29.565
   384.887    28.197    29.707
   384.999    28.197    29.896
   385.111    28.197    30.179
   385.218    28.042    30.463
   385.326    27.888    30.746
   385.434    27.733    31.218
   385.542    27.630    31.691
   385.658    27.476    32.116
   385.771    27.476    32.494
   385.880    27.476    33.202
   385.989    27.527    33.627
   386.096    27.527    33.911
   386.208    27.527    34.053
   386.316    27.527    34.242
   386.421    27.527    34.289
   386.529    27.527    34.383
   386.634    27.527    34.478
   386.740    27.527    34.572
   386.851    27.527    34.808
   386.967    27.527    34.808
   387.074    27.527    34.903
   387.188    27.424    35.139
   387.310    27.321    35.422
   387.417    27.270    35.470
   387.523    27.166    35.753
   387.634    27.115    35.989
   387.743    27.064    36.036
   388.616    27.064    36.036
   388.745    27.064    36.414
   388.852    27.064    36.792
   388.959    27.115    37.028
   389.069    27.166    37.122
   389.179    27.218    37.122
   389.293    27.527    37.217
   389.406    27.888    37.359
   389.516    28.351    37.595
   389.624    28.505    37.690
   389.752    28.660    37.737
   389.861    28.815    37.784
   389.977    28.970    37.925
   391.838    28.970    37.925
   391.946    28.970    38.068
   392.072    28.970    38.115
   392.177    28.918    38.256
   392.290    28.918    38.256
   392.418    28.815    38.304
   392.743    28.815    38.304
   392.850    28.815    38.351
   393.397    28.815    38.351
   393.504    28.866    38.304
   394.185    28.866    38.304
   394.299    28.918    38.304
   394.409    28.970    38.304
   396.532    28.970    38.304
   396.637    29.330    38.540
   396.749    29.587    38.776
   396.858    29.742    39.012
   396.966    29.948    39.343
   397.071    29.948    39.485
   397.304    29.948    39.485
   397.410    29.845    39.485
   397.525    29.793    39.485
   397.646    29.793    39.485
   397.756    29.742    39.485
   397.865    29.742    39.485
   397.974    29.639    39.485
   398.084    29.587    39.485
   398.198    29.484    39.485
   398.756    29.484    39.485
   398.866    29.381    39.531
   398.974    29.176    39.768
   399.190    29.176    39.768
   399.297    29.072    39.910
   399.404    29.021    39.957
   399.511    29.021    39.957
   399.622    29.021    40.004
   399.947    29.021    40.004
   400.060    28.712    40.004
   400.169    28.505    40.004
   400.275    28.248    40.004
   400.392    28.042    40.004
   400.501    27.991    40.004
   400.835    27.991    40.004
   400.942    27.733    40.004
   401.051    27.579    40.004
   402.698    27.579    40.004
   402.818    27.527    40.004
   404.930    27.527    40.004
   405.040    27.527    39.862
   405.259    27.527    39.862
   405.393    27.476    39.720
   405.829    27.476    39.720
   405.935    27.424    39.720
   406.043    27.270    39.437
   406.149    27.270    39.343
   406.722    27.270    39.343
   406.832    27.270    39.154
   406.943    27.321    38.918
   407.048    27.373    38.776
   407.157    27.476    38.634
   407.266    27.527    38.587
   408.051    27.527    38.587
   408.179    27.218    38.493
   408.294    26.909    38.068
   408.405    26.703    37.879
   408.519    26.600    37.784
   408.949    26.600    37.784
   409.057    26.600    37.737
   409.187    26.600    37.642
   409.295    26.548    37.501
   409.406    26.394    37.359
   409.514    26.342    37.312
   409.638    26.136    37.312
   418.793    26.136    37.312
   418.902    25.982    37.453
   419.010    25.879    37.548
   419.116    25.673    37.879
   419.268    25.570    38.115
   419.374    25.570    38.115
   419.481    25.570    38.162
   420.133    25.570    38.162
   420.243    25.415    38.162
   420.801    25.415    38.162
   420.908    25.364    38.162
   421.016    25.364    38.162
   421.130    25.158    38.162
   421.241    25.158    38.162
   421.347    25.107    38.209
   421.453    24.901    38.351
   421.559    24.849    38.445
   421.667    24.849    38.445
   421.773    24.849    38.493
   422.096    24.849    38.493
   422.212    24.746    38.682
   422.324    24.746    38.728
   422.436    24.746    38.728
   422.544    24.746    38.776
   422.665    24.746    38.870
   422.774    24.695    38.965
   422.883    24.642    39.059
   422.990    24.642    39.107
   423.204    24.642    39.107
   423.310    24.540    39.107
   423.417    24.540    39.107
   423.522    24.488    39.154
   423.629    24.385    39.248
   423.739    24.385    39.296
   423.848    24.385    39.296
   423.954    24.334    39.343
   424.064    24.334    39.343
   424.170    24.231    39.343
   424.286    24.076    39.390
   424.394    23.819    39.531
   424.506    23.664    39.626
   424.612    23.458    39.720
   424.725    23.355    39.720
   424.831    23.303    39.768
   424.939    23.303    39.768
   425.045    23.149    39.815
   425.155    23.097    39.815
   425.276    22.943    39.815
   425.386    22.685    39.862
   425.609    22.685    39.862
   425.713    22.634    39.910
   426.154    22.634    39.910
   426.263    22.634    40.004
   426.375    22.634    40.051
   426.481    22.634    40.051
   426.593    22.634    40.099
   427.146    22.634    40.099
   427.253    22.479    40.099
   427.367    22.377    40.099
   427.480    22.377    40.099
   427.587    22.119    40.099
   427.700    21.964    40.099
   427.807    21.862    40.145
   428.159    21.862    40.145
   428.265    21.862    40.240
   428.380    21.862    40.334
   428.496    21.862    40.334
   428.606    21.862    40.382
   433.860    21.862    40.382
   433.973    21.862    40.334
   434.087    21.552    40.051
   434.195    21.398    40.051
   434.302    21.089    40.004
   434.411    20.986    40.004
   434.528    20.934    40.004
   434.654    20.832    40.004
   434.873    20.832    40.004
   434.980    20.522    39.910
   435.090    20.265    39.815
   435.200    19.750    39.579
   435.307    19.647    39.485
   435.426    19.647    39.437
   435.652    19.647    39.437
   435.768    19.595    39.390
   435.875    19.595    39.390
   435.980    19.544    39.343
   436.088    19.389    39.296
   436.194    19.234    39.296
   436.303    19.028    39.201
   436.419    18.617    39.154
   436.537    18.411    39.154
   436.656    18.308    39.154
   436.763    18.101    39.107
   436.876    17.587    39.059
   436.983    17.020    38.965
   437.091    16.556    38.870
   437.202    16.350    38.823
   437.311    16.144    38.728
   437.424    16.042    38.634
   437.543    16.042    38.634
   437.653    15.990    38.493
   437.777    15.784    38.256
   437.885    15.681    38.020
   438.101    15.681    38.020
   438.207    15.630    37.925
   438.314    15.578    37.925
   438.420    15.474    37.879
   438.529    15.320    37.831
   438.638    15.269    37.831
   438.749    15.217    37.831
   439.074    15.217    37.831
   439.184    15.011    37.831
   439.309    14.445    37.879
   439.430    14.445    37.879
   439.538    14.290    37.973
   439.642    14.084    38.256
   439.751    13.826    38.445
   439.857    13.826    38.493
   439.966    13.775    38.823
   440.072    13.724    39.059
   440.190    13.672    39.437
   440.295    13.569    39.862
   440.412    13.414    40.429
   440.531    13.363    40.523
   440.640    13.157    40.618
   440.752    13.054    40.618
   440.863    12.951    40.618
   440.970    12.848    40.618
   441.084    12.848    40.618
   441.190    12.642    40.807
   441.295    12.642    40.807
   441.405    12.487    40.854
   441.514    12.385    40.948
   441.623    11.921    41.091
   441.738    11.921    41.137
   441.854    11.921    41.137
   441.965    11.612    41.279
   442.075    11.406    41.279
   442.196    11.097    41.374
   442.305    11.045    41.374
   442.858    11.045    41.374
   442.970    11.097    41.374
   443.087    11.406    41.137
   443.198    11.869    41.043
   443.316    11.921    41.043
   443.644    11.921    41.043
   443.752    11.973    40.902
   443.861    12.024    40.665
   444.297    12.024    40.665
   444.415    12.333    40.760
   444.526    12.385    40.854
   444.641    12.539    40.902
   444.752    12.539    40.902
   444.859    12.591    40.902
   445.179    12.591    40.902
   445.286    12.693    40.902
   445.512    12.693    40.902
   445.624    12.848    40.902
   445.731    13.312    40.996
   445.840    13.518    41.043
   445.950    13.518    41.043
   446.070    13.724    41.043
   446.183    14.032    41.043
   446.846    14.032    41.043
   446.955    14.084    41.043
   447.067    14.496    41.043
   447.173    15.011    41.091
   447.288    15.217    41.091
   447.397    15.630    40.996
   447.502    15.732    40.996
   447.624    16.042    40.996
   447.735    16.248    40.996
   447.841    16.711    40.996
   447.952    17.020    40.996
   448.058    17.175    40.996
   448.169    17.226    40.996
   448.274    17.226    40.996
   448.381    17.381    40.996
   448.493    17.535    40.996
   448.609    17.638    40.996
   448.723    17.844    40.996
   448.832    18.050    40.996
   448.944    18.101    40.996
   449.823    18.101    40.996
   449.932    18.462    40.948
   450.276    18.462    40.948
   450.381    18.514    40.854
   450.490    18.617    40.807
   450.595    18.720    40.807
   450.924    18.720    40.807
   451.034    18.874    40.760
   451.151    19.080    40.760
   451.259    19.183    40.713
   452.033    19.183    40.713
   452.139    19.183    40.665
   452.575    19.183    40.665
   452.703    19.183    40.618
   455.455    19.183    40.618
   455.562    21.656    39.673
   456.547    21.656    39.673
   456.655    21.552    39.673
   456.761    21.501    39.720
   456.871    21.295    39.768
   460.077    21.295    39.768
   460.183    20.986    39.768
   460.302    20.574    39.862
   460.410    20.110    39.957
   460.516    19.647    40.099
   460.630    19.234    40.099
   460.737    19.028    40.145
   472.878    19.028    40.145
   472.989    19.338    40.145
   473.095    19.647    40.193
   473.313    19.647    40.193
   473.423    19.750    40.334
   473.537    19.801    40.334
   478.522    19.801    40.334
   478.629    20.574    40.382
   478.736    20.625    40.382
   478.844    21.038    40.429
   478.952    21.089    40.429
   479.078    21.604    40.571
   479.623    21.604    40.571
   479.730    21.656    40.760
   479.841    21.656    40.760
   479.948    21.707    40.760
   480.926    21.707    40.760
   481.041    21.810    40.760
   481.470    21.810    40.760
   481.580    21.656    40.665
   481.692    21.552    40.571
   482.894    21.552    40.571
   483.000    21.501    40.571
   483.860    21.501    40.571
   483.975    21.450    40.382
   484.660    21.450    40.382
   484.769    21.450    40.288
   484.875    21.450    40.288
   484.981    21.450    40.193
   487.092    21.450    40.193
   487.238    21.346    40.004
   487.348    21.346    39.957
   487.471    21.346    39.768
   487.582    21.346    39.768
   487.688    21.398    39.673
   487.798    21.501    39.485
   487.907    21.604    39.296
   488.016    21.656    39.012
   488.130    21.707    38.728
   488.239    21.862    38.493
   488.345    22.016    38.068
   488.457    22.068    37.973
   488.565    22.068    37.831
   488.671    22.068    37.784
   488.777    22.016    37.642
   488.887    21.913    37.548
   488.997    21.758    37.359
   489.115    21.707    37.170
   489.225    21.707    37.170
   489.330    21.707    37.122
   490.553    21.707    37.122
   490.672    22.273    37.076
   490.785    22.840    36.981
   491.243    22.840    36.981
   491.356    22.943    36.934
   491.464    23.510    36.934
   491.573    23.613    36.934
   492.234    23.613    36.934
   492.350    23.664    36.934
   492.455    23.819    36.934
   492.567    23.973    36.934
   492.683    24.282    36.934
   492.789    24.437    36.981
   492.901    24.540    36.981
   493.006    24.695    36.981
   493.113    24.797    36.981
   493.218    25.158    37.170
   493.326    25.519    37.359
   493.430    25.724    37.501
   493.558    25.879    37.642
   493.665    25.930    37.690
   494.224    25.930    37.690
   494.341    26.136    37.642
   494.448    26.394    37.595
   494.555    26.446    37.595
   495.125    26.446    37.595
   495.230    26.652    37.595
   495.340    26.754    37.595
   502.016    26.754    37.595
   502.136    26.754    37.642
   502.252    26.754    37.642
   502.359    26.858    37.879
   502.479    26.909    37.973
   502.589    26.960    38.162
   502.702    27.064    38.351
   506.541    27.064    38.351
   506.647    27.218    38.162
   506.756    27.373    37.973
   506.864    27.579    37.831
   506.972    27.682    37.784
   507.078    27.836    37.784
   507.188    27.939    37.784
   508.088    27.939    37.784
   508.194    28.145    37.501
   508.313    28.145    37.453
   508.422    28.197    37.406
   508.851    28.197    37.406
   508.961    28.403    37.170
   509.078    28.454    36.981
   509.196    28.454    36.981
   509.302    28.505    36.934
   509.413    28.505    36.934
   509.523    28.609    36.887
   509.633    28.815    36.839
   509.743    28.918    36.792
   509.863    28.918    36.792
   509.968    28.970    36.650
   510.080    29.021    36.414
   510.190    29.124    36.225
   510.299    29.176    36.131
   510.418    29.176    36.084
   510.536    29.176    36.036
   510.650    29.278    35.989
   510.761    29.381    35.989
   510.869    29.433    35.989
   510.977    29.845    35.895
   511.085    30.617    35.517
   511.195    30.721    35.470
   511.856    30.721    35.470
   511.967    31.029    35.328
   512.089    31.236    35.233
   512.198    31.545    35.186
   512.307    31.648    35.139
   512.418    32.162    34.997
   512.529    32.266    34.950
   512.640    32.368    34.950
   512.749    32.420    34.903
   512.857    32.420    34.903
   512.964    32.575    34.714
   513.070    32.729    34.619
   513.176    32.884    34.572
   513.297    32.987    34.430
   513.408    32.987    34.336
   513.529    32.987    34.194
   513.635    33.038    34.005
   513.741    33.193    33.864
   513.849    33.399    33.675
   513.967    33.502    33.580
   514.616    33.502    33.580
   514.725    33.502    33.533
   514.836    33.708    33.486
   514.957    33.914    33.391
   515.069    34.120    33.344
   515.176    34.223    33.344
   515.282    34.326    33.344
   515.389    34.326    33.344
   515.504    34.429    33.202
   515.616    34.584    32.966
   515.723    34.584    32.872
   515.833    34.584    32.777
   515.944    34.635    32.730
   516.051    34.790    32.636
   516.158    34.944    32.588
   516.280    35.047    32.541
   516.394    35.201    32.447
   516.508    35.356    32.305
   516.619    35.407    32.210
   516.735    35.511    32.163
   516.845    35.665    32.069
   516.952    35.871    32.021
   517.062    36.025    31.927
   517.177    36.180    31.927
   517.287    36.335    31.880
   517.397    36.489    31.833
   517.517    36.644    31.833
   517.628    36.747    31.833
   517.737    36.850    31.833
   517.846    36.953    31.833
   517.960    37.004    31.833
   518.068    37.004    31.833
   518.177    37.056    31.833
   518.294    37.107    31.833
   518.400    37.159    31.785
   518.511    37.210    31.785
   518.733    37.210    31.785
   518.843    37.931    31.313
   519.173    37.931    31.313
   519.280    38.086    31.030
   519.388    38.137    30.982
   519.500    38.188    30.888
   520.395    38.188    30.888
   520.508    38.188    30.841
   521.622    38.188    30.841
   521.729    38.188    30.652
   521.841    38.188    30.652
   521.945    38.188    30.604
   522.058    38.188    30.604
   522.170    38.188    30.557
   527.656    38.188    30.557
   527.765    38.137    30.557
   528.554    38.137    30.557
   528.663    37.983    30.557
   529.534    37.983    30.557
   529.654    37.931    30.416
   529.772    37.931    30.321
   529.881    37.931    30.274
   529.988    37.931    30.038
   530.105    37.983    29.849
   530.216    38.035    29.801
   530.328    38.035    29.801
   530.435    38.137    29.660
   530.550    38.292    29.518
   530.657    38.447    29.376
   530.776    38.549    29.329
   530.884    38.601    29.282
   531.209    38.601    29.282
   531.324    38.652    29.140
   531.432    38.755    29.046
   531.657    38.755    29.046
   531.780    38.755    28.998
   531.892    38.807    28.998
   532.010    39.064    28.998
   532.236    39.064    28.998
   532.343    39.116    28.998
   532.463    39.168    28.904
   532.572    39.270    28.762
   532.789    39.270    28.762
   532.895    39.270    28.715
   533.004    39.528    28.526
   533.114    39.528    28.479
   533.225    39.580    28.479
   533.350    39.580    28.432
   533.460    39.580    28.432
   533.571    39.580    28.384
   534.758    39.580    28.384
   534.875    39.682    28.337
   561.398    39.682    28.337
   561.510    39.734    28.337
   561.624    39.734    28.337
   561.730    39.837    28.384
   561.846    39.837    28.384
   561.963    39.837    28.526
   562.079    39.837    28.573
   569.351    39.837    28.573
   569.457    40.043    28.337
   569.567    40.043    28.290
   576.203    40.043    28.290
   576.310    40.043    28.148
   576.415    40.043    28.054
   576.531    40.198    27.676
   576.640    40.198    27.629
   576.749    40.352    27.534
   576.860    40.352    27.534
   576.971    40.352    27.487
   588.252    40.352    27.487
   588.360    40.352    27.392
   588.901    40.352    27.392
   589.036    40.352    27.251
   589.151    40.352    27.204
   589.265    40.352    27.109
   592.914    40.352    27.109
   593.023    40.352    26.873
   624.523    40.352    26.873
   624.638    40.404    26.920
   624.749    40.558    27.156
   624.855    40.558    27.440
   624.967    40.558    27.440
   625.077    40.507    27.534
   625.619    40.507    27.534
   625.749    40.455    27.581
   626.625    40.455    27.581
   626.733    40.455    27.676
   627.383    40.455    27.676
   627.489    40.404    27.723
   628.038    40.404    27.723
   628.150    40.300    27.770
   628.260    40.198    27.865
   628.600    40.198    27.865
   628.705    40.198    28.007
   628.817    40.198    28.101
   629.586    40.198    28.101
   629.691    40.198    28.195
   856.979    40.198    28.195
   857.085    40.352    28.384
   857.200    40.352    28.432
   857.316    40.661    28.573
   857.534    40.661    28.573
   857.649    40.661    28.621
   857.756    40.661    28.621
   857.862    40.610    28.621
   857.978    40.507    28.668
   858.085    40.507    28.715
   865.081    40.507    28.715
   865.189    40.404    28.715
   865.303    40.404    28.715
   865.429    40.249    28.715
   865.539    40.146    28.715
   865.651    40.094    28.668
   865.768    39.940    28.337
   865.873    39.888    28.148
   865.983    39.837    28.054
   866.093    39.786    28.007
   866.202    39.734    28.007
   866.524    39.734    28.007
   866.629    39.631    28.007
   866.968    39.631    28.007
   867.076    39.580    28.007
   868.601    39.580    28.007
   868.707    39.528    28.148
   868.818    39.528    28.195
   868.931    39.528    28.243
   872.748    39.528    28.243
   872.857    39.425    28.290
   872.964    39.425    28.526
   873.078    39.322    28.762
   873.184    39.322    28.810
   873.299    39.270    28.998
   873.406    39.270    28.998
   873.512    39.270    29.140
   873.944    39.270    29.140
   874.054    39.064    29.235
   874.385    39.064    29.235
   874.493    39.064    29.376
   874.600    39.064    29.471
   874.711    39.064    29.518
   874.825    39.064    29.565
   875.610    39.064    29.565
   875.717    39.116    29.660
   875.828    39.270    29.754
   876.054    39.270    29.754
   876.161    39.270    29.801
   883.420    39.270    29.801
   883.536    39.270    29.943
   883.642    39.322    30.179
   883.756    39.374    30.463
   883.873    39.374    30.510
   884.523    39.374    30.510
   884.630    39.374    30.463
   884.741    39.476    30.227
   884.857    39.476    29.990
   885.511    39.476    29.990
   885.623    39.219    29.943
   885.731    39.013    29.801
   885.837    39.064    29.896
   885.944    39.116    29.943
   891.164    39.116    29.943
   891.270    39.219    29.943
   891.398    39.374    29.943
   891.840    39.374    29.943
   891.950    39.528    29.849
   892.065    39.580    29.849
   892.390    39.580    29.849
   892.498    39.631    29.801
   892.602    39.837    29.754
   892.709    39.888    29.754
   894.377    39.888    29.754
   894.483    40.043    29.801
   912.102    40.043    29.801
   912.209    40.043    29.754
   912.318    40.043    29.754
   912.426    40.043    29.565
   912.533    40.043    28.904
   912.774    40.043    28.904
   912.889    40.043    29.046
   912.997    40.043    29.046
   913.104    40.043    29.282
   914.001    40.043    29.282
   914.109    40.146    29.329
   921.084    40.146    29.329
   921.190    40.249    29.376
   921.415    40.249    29.376
   921.523    40.455    29.424
   921.629    40.610    29.471
   961.568    40.610    29.471
   961.674    40.816    29.471
   961.783    41.073    29.471
   961.890    41.073    29.471
   961.995    41.382    29.471
   962.105    41.433    29.471
   962.455    41.433    29.471
   962.565    41.485    29.424
   962.781    41.485    29.424
   962.890    41.537    29.424
   962.998    41.743    29.376
   963.108    41.743    29.376
   963.219    41.898    29.329
   966.628    41.898    29.329
   966.742    41.743    29.329
   966.850    41.433    29.282
   966.965    41.331    29.282
   967.074    41.227    29.282
   967.184    41.125    29.282
   967.293    41.073    29.282
   967.403    40.970    29.282
   967.513    40.970    29.282
   967.622    40.816    29.282
   967.731    40.764    29.282
   967.854    40.713    29.282
   968.974    40.713    29.282
   969.089    40.764    29.282
   971.172    40.764    29.282
   971.283    40.764    29.187
   971.391    40.867    28.998
   971.500    40.919    28.998
   971.607    41.021    28.857
   972.263    41.021    28.857
   972.369    41.021    28.810
   972.493    41.021    28.810
   972.598    41.021    28.715
   972.708    41.021    28.668
   972.925    41.021    28.668
   973.031    40.970    28.526
   973.139    40.970    28.526
   973.246    40.919    28.384
   991.953    40.919    28.384
   992.074    41.073    28.621
   992.191    41.125    28.668
   992.298    41.382    28.951
   992.409    41.433    28.998
   992.519    41.433    29.093
   992.628    41.433    29.093
   992.743    41.537    29.187
   993.297    41.537    29.187
   993.404    41.537    29.235
   993.513    41.537    29.235
   993.621    41.898    29.376
   993.728    42.052    29.376
   994.498    42.052    29.376
   994.608    42.309    29.376
   994.715    42.464    29.376
   995.046    42.464    29.376
   995.155    42.927    29.376
   995.266    42.927    29.376
   995.385    43.082    29.424
   995.493    43.082    29.424
   995.601    43.443    29.424
   995.711    43.649    29.424
   995.818    43.700    29.424
   996.385    43.700    29.424
   996.492    43.700    29.565
   997.922    43.700    29.565
   998.028    43.700    29.613
   998.150    43.700    29.613
   998.260    43.700    29.660
   998.379    43.700    29.707
  1003.255    43.700    29.707
  1003.360    43.700    29.896
  1003.468    43.751    30.321
  1003.584    43.803    30.510
  1003.698    43.906    30.935
  1003.810    43.906    31.030
  1010.723    43.906    31.030
  1010.830    43.957    31.313
  1010.940    44.163    31.833
  1011.046    44.215    32.021
  1011.152    44.215    32.210
  1011.256    44.215    32.258
  1032.612    44.215    32.258
  1032.719    44.267    32.541
  1032.829    44.318    32.683
  1032.936    44.421    32.777
  1033.072    44.678    32.824
  1033.179    44.730    32.824
  1033.289    44.833    32.824
  1033.395    44.833    32.824
  1033.501    44.936    32.824
  1164.055    44.936    32.824
  1164.170    45.090    32.824
  1164.279    45.502    32.872
  1164.386    46.069    32.919
  1164.495    46.378    32.966
  1164.607    46.893    33.108
  1164.730    47.048    33.108
  1164.849    47.100    33.155
  1164.979    47.151    33.155
  1165.087    47.151    33.155
  1165.193    47.202    33.155
  1165.409    47.202    33.155
  1165.520    47.408    33.155
  1165.637    47.408    33.155
  1165.746    47.563    33.155
  1165.856    47.563    33.155
  1165.979    47.614    33.108
  1166.096    47.666    33.108
  1166.312    47.666    33.108
  1166.421    47.718    33.013
  1166.536    47.718    32.966
  1166.759    47.718    32.966
  1166.865    47.769    32.966
  1166.980    47.820    32.966
  1167.307    47.820    32.966
  1167.418    47.872    32.966
  1167.855    47.872    32.966
  1167.979    47.872    32.872
  1172.085    47.872    32.872
  1172.196    47.872    32.777
  1180.467    47.872    32.777
  1180.578    47.872    32.588
  1180.689    47.872    32.588
  1180.795    47.820    32.447
  1180.906    47.718    32.352
  1181.029    47.614    32.352
  1189.799    47.614    32.352
  1189.905    47.460    32.352
  1190.474    47.460    32.352
  1190.588    47.306    32.352
  1190.695    47.048    32.305
  1190.803    46.996    32.305
  1190.911    46.945    32.305
  1191.024    46.945    32.305
  1191.138    46.842    32.163
  1195.303    46.842    32.163
  1195.413    46.790    32.163
  1212.414    46.790    32.163
  1212.524    46.636    32.163
  1250.904    46.636    32.163
  1251.023    46.584    32.163
  1257.489    46.584    32.163
  1257.596    46.533    32.163
  1257.701    46.533    32.163
  1257.823    46.430    32.163
  1265.436    46.430    32.163
  1265.542    46.430    32.258
  1266.737    46.430    32.258
  1266.866    46.584    32.210
  1267.630    46.584    32.210
  1267.736    46.430    32.210
  1282.218    46.430    32.210
  1282.325    46.430    32.163
  1282.435    46.481    32.116
  1282.763    46.481    32.116
  1282.870    46.584    32.069
  1282.987    46.790    32.069
  1283.098    46.945    32.021
  1283.750    46.945    32.021
  1283.876    46.893    32.021
  1292.705    46.893    32.021
  1292.817    46.790    32.021
  1294.494    46.790    32.021
  1294.620    46.636    32.021
  1298.020    46.636    32.021
  1298.132    46.584    32.069
  1299.893    46.584    32.069
  1300.007    46.584    31.927
  1302.106    46.584    31.927
  1302.221    46.224    31.738
  1306.919    46.224    31.738
  1307.025    46.224    31.880
  1307.894    46.224    31.880
  1308.002    46.327    31.880
  1308.110    46.327    31.880
  1308.218    46.378    31.880
  1308.327    46.378    31.880
  1308.438    46.430    31.880
  1308.769    46.430    31.880
  1308.874    46.481    31.880
  1319.762    46.481    31.880
  1319.869    46.430    31.927
  1319.981    46.378    31.927
  1320.089    46.378    31.927
  1320.196    46.327    31.927
  1320.847    46.327    31.927
  1320.953    46.275    31.927
  1321.727    46.275    31.927
  1321.833    46.172    31.927
  1357.465    46.172    31.927
  1357.580    45.915    31.927
  1357.687    45.863    31.927
  1357.802    45.812    31.927
  1357.918    45.760    31.927
  1389.634    45.760    31.927
  1389.743    45.863    31.880
  1389.851    45.966    31.785
  1389.978    46.018    31.644
  1390.088    46.069    31.549
  1408.537    46.069    31.549
  1408.644    46.069    31.644
  1408.749    46.069    31.691
  1408.861    46.121    32.021
  1408.967    46.121    32.021
  1409.074    46.172    32.116
  1409.179    46.172    32.163
  1409.290    46.224    32.210
  1409.625    46.224    32.210
  1409.734    46.224    32.305
  1411.368    46.224    32.305
  1411.477    46.172    32.305
  1417.314    46.172    32.305
  1417.428    45.863    32.258
  1422.616    45.863    32.258
  1422.727    45.502    32.163
  1423.819    45.502    32.163
  1423.925    45.502    32.116
  1424.789    45.502    32.116
  1424.901    45.451    32.069
  1425.021    45.245    32.021
  1425.127    45.142    32.021
  1425.237    45.090    32.021
  1425.350    44.988    32.021
  1425.465    44.988    32.163
  1425.580    44.936    32.210
  1425.689    44.884    32.352
  1425.908    44.884    32.352
  1426.013    44.782    32.494
  1426.120    44.627    32.494
  1426.227    44.627    32.494
  1426.335    44.473    32.541
  1426.450    44.421    32.541
  1426.558    44.267    32.636
  1426.665    44.215    32.636
  1426.788    44.215    32.636
  1426.897    44.009    32.777
  1427.010    43.700    33.013
  1427.453    43.700    33.013
  1427.560    43.855    33.013
  1429.194    43.855    33.013
  1429.304    43.649    33.155
  1429.421    43.649    33.155
  1429.528    43.133    33.202
  1430.843    43.133    33.202
  1430.953    42.979    33.155
  1432.697    42.979    33.155
  1432.808    42.979    33.061
  1433.144    42.979    33.061
  1433.249    42.979    33.013
  1436.540    42.979    33.013
  1436.646    43.031    32.966
  1436.756    43.133    32.824
  1436.865    43.133    32.824
  1436.975    43.237    32.777
  1437.079    43.237    32.730
  1437.191    43.288    32.683
  1437.296    43.443    32.447
  1437.413    43.545    32.163
  1437.527    43.700    31.927
  1437.636    43.855    31.691
  1438.295    43.855    31.691
  1438.410    43.855    31.644
  1438.520    43.906    31.407
  1438.630    43.906    31.313
  1438.736    44.061    30.982
  1439.066    44.061    30.982
  1439.175    44.061    30.935
  1439.283    44.061    30.841
  1440.047    44.061    30.841
  1440.177    44.061    30.746
  1440.286    44.112    30.699
  1441.161    44.112    30.699
  1441.271    44.112    30.557
  1441.494    44.112    30.557
  1441.612    44.112    30.510
  1444.787    44.112    30.510
  1444.894    44.112    30.368
  1445.650    44.112    30.368
  1445.765    44.112    30.321
  1445.875    44.163    30.274
  1446.092    44.163    30.274
  1446.209    44.215    30.179
  1446.426    44.215    30.179
  1446.533    44.215    30.085
  1446.648    44.267    30.038
  1446.753    44.267    29.990
  1446.861    44.267    29.896
  1447.408    44.267    29.896
  1447.513    44.318    29.896
  1447.862    44.318    29.896
  1447.966    44.370    29.896
  1457.988    44.370    29.896
  1458.095    44.473    29.896
  1458.211    44.473    29.896
  1458.319    44.524    29.896
  1458.436    44.576    29.896
  1458.653    44.576    29.896
  1458.768    44.576    29.849
  1459.319    44.576    29.849
  1459.427    44.678    29.849
  1459.535    44.678    29.849
  1459.645    44.730    29.801
  1467.320    44.730    29.801
  1467.427    44.833    29.707
  1467.534    44.833    29.707
  1467.643    44.833    29.660
  1467.753    44.884    29.613
  1502.462    44.884    29.613
  1502.570    44.936    29.518
  1502.674    44.936    29.471
  1502.780    44.936    29.471
  1502.887    45.039    29.282
  1550.561    45.039    29.282
  1550.697    44.936    28.857
  1556.594    44.936    28.857
  1556.701    44.833    28.857
  1556.814    44.833    28.857
  1556.920    44.730    28.857
  1557.028    44.678    28.857
  1557.478    44.678    28.857
  1557.584    44.678    29.046
  1557.692    44.678    29.140
  1557.800    44.678    29.140
  1557.911    44.730    29.140
  1558.022    44.936    29.282
  1558.148    44.936    29.282
  1558.257    45.039    29.424
  1559.895    45.039    29.424
  1560.005    45.039    29.376
  1560.115    45.039    28.998
  1597.834    45.039    28.998
  1597.941    44.988    29.046
  1598.052    44.884    29.093
  1598.157    44.884    29.187
  1598.266    44.884    29.235
  1598.484    44.884    29.235
  1598.611    44.884    29.329
  1598.719    44.884    29.376
  1598.826    44.884    29.376
  1598.933    44.884    29.424
  1641.132    44.884    29.424
  1641.238    44.884    29.329
  1641.454    44.884    29.329
  1641.563    44.884    29.282
  1641.674    44.884    29.093
  1641.785    44.884    28.998
  1641.896    44.884    28.904
  1642.228    44.884    28.904
  1642.333    44.833    28.904
  1644.116    44.833    28.904
  1644.221    44.833    28.951
  1644.333    44.833    29.046
  1644.439    44.833    29.282
  1644.546    44.833    29.282
  1644.656    44.833    29.329
  1644.770    44.833    29.329
  1644.876    44.884    29.471
  1644.983    44.884    29.471
  1645.092    44.884    29.518
  1647.400    44.884    29.518
  1647.512    44.833    29.424
  1648.614    44.833    29.424
  1648.722    44.884    29.424
  1648.830    44.884    29.424
  1648.936    44.936    29.424
  1649.046    45.039    29.424
  1649.711    45.039    29.424
  1649.817    45.039    29.376
  1649.926    45.039    29.329
  1650.038    45.039    29.282
  1672.429    45.039    29.282
  1672.535    44.936    29.471
  1672.644    44.936    29.613
  1672.751    44.936    29.660
  1673.634    44.936    29.660
  1673.742    44.936    29.707
  1673.855    44.884    29.707
  1673.966    44.833    29.707
  1676.202    44.833    29.707
  1676.315    44.730    29.707
  1676.425    44.730    29.613
  1676.538    44.730    29.613
  1676.644    44.730    29.565
  1676.757    44.730    29.565
  1676.863    44.678    29.518
  1676.973    44.678    29.471
  1677.204    44.678    29.471
  1677.328    44.678    29.424
  1677.439    44.678    29.376
  1678.109    44.678    29.376
  1678.217    44.678    29.424
  1678.981    44.678    29.424
  1679.087    44.678    29.376
  1679.535    44.678    29.376
  1679.641    44.678    29.329
  1679.767    44.678    29.329
  1679.881    44.678    29.235
  1681.528    44.678    29.235
  1681.637    44.678    29.187
  1681.742    44.678    29.140
  1683.066    44.678    29.140
  1683.174    44.730    29.187
  1685.835    44.730    29.187
  1685.941    44.730    29.140
  1686.487    44.730    29.140
  1686.607    44.730    29.187
  1686.832    44.730    29.187
  1686.948    44.730    29.235
  1687.281    44.730    29.235
  1687.405    44.730    29.282
  1687.754    44.730    29.282
  1687.866    44.782    29.424
  1689.184    44.782    29.424
  1689.293    44.782    29.376
  1689.847    44.782    29.376
  1689.955    44.627    29.046
  1698.216    44.627    29.046
  1698.326    44.730    29.187
  1704.991    44.730    29.187
  1705.103    44.730    29.282
  1705.659    44.730    29.282
  1705.770    44.730    29.329
  1720.404    44.730    29.329
  1720.522    44.782    29.329
  1723.417    44.782    29.329
  1723.525    44.678    29.707
  1723.635    44.627    29.801
  1724.068    44.627    29.801
  1724.187    44.627    29.707
  1724.293    44.627    29.518
  1724.401    44.627    29.424
  1724.510    44.627    29.329
  1730.177    44.627    29.329
  1730.289    44.730    29.329
  1730.503    44.730    29.329
  1730.614    44.730    29.376
  1730.728    44.730    29.376
  1730.834    44.730    29.471
  1730.942    44.730    29.518
  1732.260    44.730    29.518
  1732.369    44.730    29.613
  1740.735    44.730    29.613
  1740.849    44.678    29.565
  1744.064    44.678    29.565
  1744.173    44.678    29.613
  1749.568    44.678    29.613
  1749.673    44.678    29.707
  1750.224    44.678    29.707
  1750.333    44.576    29.707
  1750.450    44.473    29.707
  1750.562    44.421    29.707
  1751.441    44.421    29.707
  1751.547    44.370    29.707
  1751.657    44.370    29.707
  1751.764    44.318    29.707
  1752.973    44.318    29.707
  1753.092    44.318    29.660
  1753.735    44.318    29.660
  1753.843    44.215    29.660
  1753.950    44.163    29.660
  1754.270    44.163    29.660
  1754.376    44.112    29.660
  1754.820    44.112    29.660
  1754.926    44.112    29.707
  1755.148    44.112    29.707
  1755.256    44.112    29.754
  1755.378    44.112    29.754
  1755.489    44.061    29.754
  1755.720    44.061    29.754
  1755.829    44.009    29.849
  1755.942    43.957    29.943
  1756.053    43.957    29.943
  1756.159    43.906    29.990
  1758.410    43.906    29.990
  1758.525    43.906    29.896
  1758.633    43.855    29.754
  1761.490    43.855    29.754
  1761.598    43.855    29.707
  1761.703    43.855    29.613
  1762.587    43.855    29.613
  1762.703    43.855    29.565
  1762.812    43.855    29.518
  1762.929    43.855    29.376
  1763.045    43.855    29.235
  1763.152    43.855    29.187
  1763.266    43.855    29.187
  1763.380    43.957    29.093
  1763.488    43.957    29.046
  1763.599    44.009    28.998
  1764.262    44.009    28.998
  1764.372    44.061    28.951
  1764.483    44.112    28.951
  1766.442    44.112    28.951
  1766.568    44.112    28.810
  1766.682    44.163    28.810
  1766.791    44.215    28.762
  1766.898    44.215    28.762
  1767.024    44.318    28.668
  1767.139    44.318    28.668
  1767.246    44.473    28.573
  1767.353    44.678    28.479
  1767.459    44.730    28.384
  1767.570    44.782    28.384
  1767.682    44.782    28.384
  1767.787    44.782    28.337
  1769.559    44.782    28.337
  1769.664    44.782    28.290
  1772.951    44.782    28.290
  1773.062    44.782    28.195
  1774.702    44.782    28.195
  1774.813    44.627    28.195
  1774.921    44.627    28.148
  1780.316    44.627    28.148
  1780.428    44.318    28.101
  1780.536    44.267    28.101
  1780.641    44.215    28.101
  1780.874    44.215    28.101
  1780.981    44.318    28.101
  1781.090    44.370    28.101
  1997.649    44.370    28.101
  1997.755    44.421    28.101
  1997.868    44.473    28.101
  1997.976    44.524    28.101
  2123.318    44.524    28.101
  2123.427    44.524    28.054
  2123.658    44.524    28.054
  2123.776    44.473    28.007
  2123.888    44.370    27.959
  2123.994    44.318    27.912
  2124.101    44.318    27.912
  2124.215    44.318    27.865
  2168.973    44.318    27.865
  2169.081    44.370    27.865
  2169.297    44.370    27.865
  2169.402    44.421    27.865
  2170.513    44.421    27.865
  2170.619    44.421    27.818
  2177.766    44.421    27.818
  2177.880    44.370    27.818
  2177.984    44.370    27.818
  2178.094    44.318    27.818
  2178.757    44.318    27.818
  2178.864    44.215    27.676
  2178.973    44.215    27.676
  2179.090    44.215    27.629
  2179.202    44.215    27.581
  2179.311    44.215    27.440
  2179.420    44.163    27.392
  2179.527    44.163    27.298
  2179.635    44.112    27.156
  2180.620    44.112    27.156
  2180.725    44.112    27.109
  2181.167    44.112    27.109
  2181.273    44.061    27.062
  2181.385    44.061    27.062
  2181.491    44.009    27.015
  2181.600    44.009    27.015
  2181.710    43.957    27.015
  2181.819    43.957    26.967
  2182.696    43.957    26.967
  2182.801    43.906    26.967
  2182.913    43.855    26.967
  2183.024    43.700    26.967
  2183.463    43.700    26.967
  2183.572    43.597    26.967
  2183.906    43.597    26.967
  2184.013    43.545    26.967
  2200.563    43.545    26.967
  2200.671    43.597    26.967
  2201.117    43.597    26.967
  2201.224    43.649    26.967
  2217.792    43.649    26.967
  2217.898    43.649    27.251
  2218.005    43.545    27.534
  2218.114    43.545    27.676
  2218.222    43.494    27.912
  2218.330    43.443    28.054
  2218.436    43.443    28.101
  2218.541    43.391    28.148
  2218.648    43.288    28.290
  2219.330    43.288    28.290
  2219.447    43.391    28.479
  2245.900    43.391    28.479
  2246.015    43.443    28.479
  2246.121    43.545    28.479
  2246.229    43.855    28.479
  2246.338    43.957    28.479
  2246.448    44.009    28.479
  2246.566    44.009    28.290
  2246.672    44.061    28.148
  2246.789    44.061    28.007
  2246.902    44.061    28.007
  2247.012    44.112    28.007
  2247.126    44.215    27.959
  2247.449    44.215    27.959
  2247.557    44.267    27.912
  2248.100    44.267    27.912
  2248.209    44.318    27.770
  2248.320    44.318    27.770
  2248.426    44.370    27.770
  2248.542    44.370    27.770
  2248.662    44.576    27.770
  2249.853    44.576    27.770
  2249.963    44.215    27.818
  2250.298    44.215    27.818
  2250.406    44.009    28.148
  2250.515    44.009    28.148
  2250.622    44.009    28.384
  2262.600    44.009    28.384
  2262.706    43.957    28.243
  2262.823    43.957    27.959
  2262.936    43.906    27.770
  2263.041    43.803    27.581
  2263.151    43.803    27.581
  2263.260    43.751    27.581
  2273.731    43.751    27.581
  2273.846    43.803    27.723
  2273.955    43.803    27.723
  2274.064    43.855    27.770
  2274.177    43.906    27.770
  2274.282    43.906    27.818
  2387.656    43.906    27.818
  2387.772    43.957    27.818
  2394.074    43.957    27.818
  2394.184    43.957    27.676
  2396.082    43.957    27.676
  2396.193    43.803    27.676
  3042.527    43.803    27.676
  3042.631    43.906    27.676
  3042.741    43.957    27.676
  3042.849    44.009    27.676
  3116.992    44.009    27.676
  3117.104    43.957    27.676
  3117.316    43.957    27.676
  3117.438    43.855    27.676
  3725.604    43.855    27.676
  3725.712    43.803    27.676
  3727.156    43.803    27.676
  3727.263    43.803    27.723
  3727.381    43.803    27.818
  3727.497    43.803    27.959
  3743.856    43.803    27.959
  3743.969    43.751    27.912
  3744.091    43.700    27.912
  3744.206    43.700    27.912
  3744.313    43.700    27.818
  3744.422    43.700    27.818
  3744.541    43.751    27.770
  3744.651    43.751    27.770
  3744.756    43.803    27.770
  3744.875    43.803    27.770
  3744.985    43.855    27.676
  3745.097    43.906    27.629
  3769.972    43.906    27.629
  3770.099    43.855    28.007
  3770.211    43.855    28.101
  3770.324    43.855    28.101
  3770.429    43.855    28.195
  3770.541    43.855    28.243
  3770.987    43.855    28.243
  3771.095    43.855    28.337
  3773.969    43.855    28.337
  3774.090    43.855    28.573
  3774.197    43.855    28.810
  3774.305    43.855    28.810
  3774.412    43.855    28.857
  3774.532    43.855    28.904
  3774.639    43.906    28.904
  3774.750    43.957    28.951
  3774.856    44.061    28.951
  3779.496    44.061    28.951
  3779.614    44.112    28.951
  3779.832    44.112    28.951
  3779.938    44.112    29.187
  3780.050    44.112    29.235
  3790.716    44.112    29.235
  3790.823    44.061    29.235
  3791.039    44.061    29.235
  3791.148    43.906    29.235
  3791.259    43.906    29.235
  3791.366    43.803    29.235
  3792.583    43.803    29.235
  3792.688    43.751    29.235
  3792.795    43.700    29.235
  3792.904    43.700    29.235
  3793.014    43.597    29.235
  3796.994    43.597    29.235
  3797.104    43.494    29.235
  3797.213    43.494    29.235
  3797.325    43.443    29.235
  3797.437    43.391    29.235
  3814.722    43.391    29.235
  3814.839    43.443    29.093
  3814.953    43.597    28.857
  3815.060    43.597    28.810
  3821.160    43.597    28.810
  3821.280    43.597    28.668
  3821.390    43.597    28.573
  3822.044    43.597    28.573
  3822.152    43.700    28.668
  3822.493    43.700    28.668
  3822.603    43.700    28.621
  3822.716    43.700    28.621
  3822.824    43.700    28.573
  3839.315    43.700    28.573
  3839.426    43.545    28.573
  3839.535    43.494    28.573
  3839.650    43.494    28.573
  3839.770    43.391    28.573
  3839.984    43.391    28.573
  3840.093    43.391    28.668
  3844.398    43.391    28.668
  3844.509    43.391    28.715
  3844.622    43.391    28.810
  3844.730    43.391    28.857
  3844.849    43.288    28.904
  3844.968    43.185    28.904
  3845.085    43.133    28.904
  3865.041    43.133    28.904
  3865.150    43.237    28.904
  3865.270    43.288    28.904
  3865.487    43.288    28.904
  3865.593    43.391    28.904
  3865.706    43.391    28.857
  3866.473    43.391    28.857
  3866.581    43.391    28.810
  3866.701    43.391    28.715
  3889.674    43.391    28.715
  3889.782    43.443    28.715
  3889.891    43.443    28.715
  3889.999    43.494    28.715
  3890.107    43.545    28.715
  3892.092    43.545    28.715
  3892.202    43.545    28.668
  3892.311    43.545    28.668
  3892.418    43.545    28.621
  3892.529    43.545    28.621
  3892.635    43.545    28.384
  3892.750    43.597    28.290
  3893.080    43.597    28.290
  3893.189    43.597    28.195
  3893.952    43.597    28.195
  3894.064    43.494    28.195
  3896.831    43.494    28.195
  3896.938    43.649    28.195
  3909.816    43.649    28.195
  3909.923    43.700    28.148
  3910.034    43.855    28.007
  3910.139    43.957    27.865
  3910.353    43.957    27.865
  3910.460    44.112    27.770
  3910.588    44.163    27.723
  3910.911    44.163    27.723
  3911.020    44.215    27.676
  3911.139    44.215    27.629
  3911.253    44.215    27.629
  3911.357    44.267    27.534
  3911.463    44.267    27.487
  3911.575    44.267    27.392
  3911.929    44.267    27.392
  3912.037    44.267    27.345
  3927.419    44.267    27.345
  3927.533    44.267    27.581
  3927.639    44.267    27.629
  3927.745    44.267    27.676
  3927.852    44.267    27.723
  3927.967    44.267    27.723
  3928.073    44.267    27.770
  3928.191    44.267    27.818
  3928.629    44.267    27.818
  3928.740    44.267    27.959
  3928.848    44.267    28.007
  3929.183    44.267    28.007
  3929.291    44.267    28.101
  3929.407    44.318    28.148
  3929.516    44.318    28.148
  3929.627    44.318    28.195
  3930.865    44.318    28.195
  3930.969    44.318    28.243
  3931.292    44.318    28.243
  3931.406    44.370    28.290
  3962.528    44.370    28.290
  3962.634    44.318    28.479
  3996.392    44.318    28.479
  3996.503    44.267    28.432
  3996.617    44.267    28.384
  3996.732    44.267    28.384
  3996.845    44.215    28.290
  3996.961    44.215    28.243
  3997.076    44.163    28.148
  3997.187    44.061    28.054
  3997.294    43.957    28.054
  3997.400    43.855    28.007
  3997.507    43.700    27.959
  3997.615    43.700    27.959
  3997.746    43.649    27.912
  4002.709    43.649    27.912
  4002.814    43.391    27.676
  4002.923    43.339    27.676
  4010.345    43.339    27.676
  4010.453    43.494    27.676
  4010.560    43.494    27.676
  4010.669    43.649    27.723
  4010.774    43.649    27.770
  4014.726    43.649    27.770
  4014.840    43.597    27.770
  4016.066    43.597    27.770
  4016.177    43.545    27.723
  4016.285    43.545    27.723
  4016.392    43.494    27.629
  4016.499    43.391    27.534
  4016.605    43.339    27.440
  4025.737    43.339    27.440
  4025.844    43.339    27.581
  4025.951    43.339    27.723
  4026.060    43.339    27.818
  4026.170    43.339    27.818
  4026.277    43.237    27.818
  4032.154    43.237    27.818
  4032.261    43.237    27.865
  4032.378    43.288    27.959
  4041.533    43.288    27.959
  4041.639    43.237    27.959
  4041.753    43.185    27.959
  4041.868    42.979    28.007
  4041.977    42.773    28.148
  4042.095    42.618    28.243
  4042.318    42.618    28.243
  4042.426    42.618    28.148
  4042.533    42.618    27.959
  4042.648    42.824    27.534
  4042.769    43.082    27.298
  4042.876    43.133    27.204
  4042.981    43.237    27.109
  4043.629    43.237    27.109
  4043.737    43.288    27.109
  4045.152    43.288    27.109
  4045.258    43.339    27.298
  4056.836    43.339    27.298
  4056.957    43.339    27.251
  4057.073    43.339    27.062
  4057.181    43.391    26.873
  4092.696    43.391    26.873
  4092.833    43.391    26.731
  4092.942    43.391    26.731
  4093.050    43.391    26.637
  4093.154    43.391    26.637
  4093.261    43.237    26.448
  4093.374    43.185    26.401
  4093.491    43.133    26.259
  4187.753    43.133    26.259
  4187.863    43.082    26.259
  4187.973    42.979    26.259
  4325.100    42.979    26.259
  4325.213    42.927    26.259
  4325.332    42.927    26.259
  4325.439    42.773    26.259
  4406.961    42.773    26.259
  4407.072    42.773    25.975
  4407.181    42.824    25.645
  4407.291    42.876    25.598
  4407.410    42.876    25.598
  4407.515    43.237    25.598
  4407.741    43.237    25.598
  4407.847    43.185    25.598
  4407.955    43.082    25.550
  4478.367    43.082    25.550
  4478.477    43.133    25.598
  4478.815    43.133    25.598
  4478.931    43.133    25.787
  4479.058    43.185    25.928
  4479.169    43.185    26.117
  4485.572    43.185    26.117
  4485.685    43.237    26.117
  4485.794    43.288    26.117
  4485.912    43.288    26.117
  4486.029    43.443    26.117
  4486.136    43.443    26.117
  4486.242    43.700    26.117
  4487.687    43.700    26.117
  4487.793    43.751    26.070
  4488.005    43.751    26.070
  4488.111    43.803    26.070
  4499.942    43.803    26.070
  4500.066    43.649    26.070
  4500.177    43.649    26.070
  4500.283    43.597    26.070
  4500.388    43.597    26.117
  4500.497    43.494    26.306
  4500.604    43.443    26.353
  4500.711    43.443    26.353
  4500.817    43.391    26.353
  4500.928    43.339    26.353
  4501.037    43.339    26.353
  4501.149    43.339    26.401
  4501.262    43.339    26.401
  4501.378    43.391    26.401
  4505.487    43.391    26.401
  4505.598    43.443    26.353
  4505.813    43.443    26.353
  4505.931    43.545    26.353
  4506.041    43.545    26.353
  4506.152    43.597    26.353
  4507.463    43.597    26.353
  4507.569    43.649    26.306
  4507.691    43.649    26.306
  4507.800    43.649    26.212
  4507.913    43.649    26.212
  4508.019    43.649    26.164
  4508.129    43.649    26.164
  4508.236    43.751    25.975
  4508.346    44.009    25.834
  4515.300    44.009    25.834
  4515.410    44.061    25.928
  4515.623    44.061    25.928
  4515.729    44.061    26.117
  4515.861    44.061    26.117
  4515.966    44.061    26.306
  4516.073    44.061    26.353
  4516.517    44.061    26.353
  4516.629    44.163    26.212
  4517.058    44.163    26.212
  4517.189    44.061    26.212
  4517.406    44.061    26.212
  4517.519    44.061    26.164
  4517.846    44.061    26.164
  4517.952    44.009    26.117
  4518.058    44.009    26.070
  4518.715    44.009    26.070
  4518.825    43.855    26.023
  4518.930    43.751    25.975
  4519.056    43.700    25.739
  4528.431    43.700    25.739
  4528.560    43.700    26.023
  4528.887    43.700    26.023
  4528.992    43.700    26.259
  4529.100    43.751    26.401
  4537.292    43.751    26.401
  4537.400    43.957    26.306
  4537.507    44.267    26.070
  4538.825    44.267    26.070
  4538.932    44.370    26.070
  4583.746    44.370    26.070
  4583.853    44.318    26.495
  4583.975    44.215    26.684
  4584.081    43.906    27.204
  4584.187    43.751    27.345
  4584.302    43.751    27.345
  4584.418    43.751    27.487
  4608.115    43.751    27.487
  4608.221    43.700    27.392
  4608.334    43.597    27.062
  4608.549    43.597    27.062
  4608.656    43.597    26.967
  4608.767    43.597    26.967
  4608.875    43.597    26.920
  4608.985    43.597    26.920
  4609.091    43.597    26.873
  4609.242    43.545    26.826
  4609.887    43.545    26.826
  4609.992    43.339    26.637
  4610.101    43.185    26.590
  4610.670    43.185    26.590
  4610.774    43.288    26.590
  4611.656    43.288    26.590
  4611.787    43.391    26.590
  4620.074    43.391    26.590
  4620.180    43.443    27.015
  4620.288    43.443    27.062
  4620.405    43.443    27.156
  4651.663    43.443    27.156
  4651.770    43.443    27.251
  4651.899    43.391    27.440
  4652.014    43.133    27.534
  4652.132    43.133    27.534
  4652.239    43.133    27.581
  4654.566    43.133    27.581
  4654.683    43.031    27.581
  4654.791    43.031    27.581
  4654.904    43.031    27.629
  4655.019    43.082    27.676
  4655.340    43.082    27.676
  4655.445    43.185    27.676
  4655.785    43.185    27.676
  4655.891    43.391    27.676
  4656.449    43.391    27.676
  4656.558    43.391    27.534
  4656.666    43.391    27.440
  4656.772    43.443    27.392
  4658.306    43.443    27.392
  4658.411    43.288    27.345
  4658.838    43.288    27.345
  4658.945    43.288    27.251
  4659.062    43.288    27.204
  4659.179    43.288    27.204
  4659.283    43.339    27.156
  4659.392    43.339    27.062
  4659.509    43.339    26.920
  4659.631    43.339    26.731
  4659.738    43.339    26.637
  4659.845    43.339    26.590
  4659.962    43.391    26.590
  4660.086    43.443    26.542
  4660.193    43.443    26.542
  4660.300    43.494    26.448
  4662.642    43.494    26.448
  4662.757    43.494    26.637
  4662.864    43.494    26.873
  4663.082    43.494    26.873
  4663.192    43.288    27.156
  4663.408    43.288    27.156
  4663.515    43.185    27.156
  4664.805    43.185    27.156
  4664.908    43.185    27.015
  4665.017    43.185    26.920
  4665.127    43.185    26.920
  4665.234    43.082    26.873
  4665.352    43.031    26.873
  4668.551    43.031    26.873
  4668.657    43.288    26.731
  4668.765    43.288    26.731
  4668.871    43.494    26.731
  4673.063    43.494    26.731
  4673.173    43.443    26.920
  4673.518    43.443    26.920
  4673.625    43.443    26.967
  4673.734    43.391    26.967
  4673.852    43.391    27.062
  4676.169    43.391    27.062
  4676.288    42.979    27.109
  4678.916    42.979    27.109
  4679.029    42.979    27.204
  4679.155    42.979    27.298
  4679.266    42.979    27.345
  4679.376    42.773    27.534
  4681.714    42.773    27.534
  4681.820    42.670    27.204
  4682.143    42.670    27.204
  4682.259    42.721    27.204
  4682.373    42.721    27.204
  4682.490    42.927    27.251
  4682.597    43.031    27.298
  4683.251    43.031    27.298
  4683.360    43.185    27.345
  4697.504    43.185    27.345
  4697.624    43.339    27.581
  4697.732    43.391    27.676
  4697.843    43.443    27.723
  4698.190    43.443    27.723
  4698.296    43.185    27.723
  4698.407    42.876    27.676
  4698.873    42.876    27.676
  4698.979    42.979    27.676
  4705.630    42.979    27.676
  4705.738    42.927    27.487
  4705.844    42.824    27.251
  4706.172    42.824    27.251
  4706.287    42.773    27.156
  4706.507    42.773    27.156
  4706.613    42.670    26.826
  4728.340    42.670    26.826
  4728.450    42.670    27.062
  4728.774    42.670    27.062
  4728.885    42.670    27.156
  4728.995    42.567    27.251
  4729.209    42.567    27.251
  4729.330    42.670    27.440
  4880.738    42.670    27.440
  4880.860    42.721    27.392
  4881.638    42.721    27.392
  4881.746    42.721    27.345
  4883.495    42.721    27.345
  4883.603    42.773    27.345
  4883.716    42.773    27.345
  4883.826    42.773    27.392
  4884.259    42.773    27.392
  4884.369    42.773    27.251
  4884.493    42.773    26.967
  4884.600    42.773    26.873
  4887.686    42.773    26.873
  4887.795    42.721    26.873
  4890.531    42.721    26.873
  4890.636    42.721    26.826
  4893.549    42.721    26.826
  4893.656    42.670    26.826
  4893.787    42.670    26.826
  4893.896    42.618    26.826
  4894.007    42.618    26.826
  4894.115    42.567    26.826
  4894.228    42.515    26.826
  4904.371    42.515    26.826
  4904.479    42.515    26.967
  4904.594    42.515    27.062
  5178.973    42.515    27.062
  5179.083    42.515    27.109
  5179.190    42.515    27.109
  5179.303    42.464    27.392
  5179.412    42.412    27.629
  5179.519    42.309    27.818
  5179.627    42.155    27.818
  5179.747    42.000    27.818
  5179.857    41.846    27.818
  5198.158    41.846    27.818
  5198.268    41.846    27.723
  5198.375    41.846    27.723
  5198.480    41.639    27.204
  5198.592    41.537    27.015
  5198.698    41.331    26.778
  5198.807    41.125    26.637
  5198.914    40.970    26.590
  5199.022    40.919    26.590
  5199.133    40.764    26.401
  5199.242    40.713    26.353
  5199.351    40.661    26.306
  5202.547    40.661    26.306
  5202.653    40.352    26.164
  5202.760    40.249    26.070
  5202.871    40.146    26.070
  5204.729    40.146    26.070
  5204.835    39.786    26.212
  5204.941    39.786    26.212
  5205.050    39.682    26.259
  5205.273    39.682    26.259
  5205.381    39.837    26.212
  5205.495    39.992    26.164
  5205.937    39.992    26.164
  5206.045    40.043    26.164
  5206.488    40.043    26.164
  5206.600    40.094    26.164
  5206.712    40.146    26.164
  5206.823    40.300    26.164
  5206.931    40.352    26.164
  5207.056    40.404    26.164
  5207.271    40.404    26.164
  5207.381    40.249    26.164
  5207.498    40.094    26.164
  5207.866    40.094    26.164
  5207.974    40.146    26.164
  5208.095    40.198    26.164
  5210.557    40.198    26.164
  5210.665    40.249    26.164
  5210.773    40.249    26.164
  5210.886    40.352    26.212
  5210.994    40.352    26.259
  5211.101    40.352    26.259
  5211.208    40.352    26.306
  5211.319    40.507    26.401
  5212.543    40.507    26.401
  5212.651    40.558    26.448
  5212.766    40.661    26.542
  5212.875    40.713    26.684
  5213.211    40.713    26.684
  5213.320    40.713    26.731
  5213.969    40.713    26.731
  5214.098    40.713    26.920
  5214.430    40.713    26.920
  5214.542    40.713    27.062
  5214.648    40.713    27.109
  5214.976    40.713    27.109
  5215.095    40.610    27.109
  5217.636    40.610    27.109
  5217.745    40.661    27.062
  5222.930    40.661    27.062
  5223.034    40.713    27.062
  5223.144    40.764    27.062
  5223.262    40.816    27.062
  5223.375    40.816    27.062
  5223.480    40.867    27.062
  5223.599    40.919    27.062
  5223.713    41.021    27.062
  5223.823    41.021    27.062
  5223.940    41.073    27.062
  5228.025    41.073    27.062
  5228.141    41.125    27.062
  5233.862    41.125    27.062
  5233.970    41.176    26.967
  5234.083    41.176    26.920
  5237.329    41.176    26.920
  5237.435    41.176    26.873
  5237.544    41.176    26.778
  5237.657    41.176    26.778
  5237.776    41.227    26.731
  5241.170    41.227    26.731
  5241.294    41.227    26.684
  5241.408    41.227    26.684
  5241.519    41.176    26.637
  5241.949    41.176    26.637
  5242.066    41.176    26.590
  5242.942    41.176    26.590
  5243.051    41.125    26.590
  5243.156    40.970    26.590
  5243.264    40.919    26.542
  5243.482    40.919    26.542
  5243.589    40.764    26.542
  5243.698    40.764    26.590
  5245.332    40.764    26.590
  5245.450    40.764    26.778
  5245.569    40.816    26.826
  5245.678    40.867    26.920
  5245.789    40.867    26.920
  5245.899    40.970    27.015
  5246.013    40.970    27.015
  5246.118    41.073    27.109
  5246.335    41.073    27.109
  5246.449    41.176    27.156
  5246.556    41.279    27.156
  5246.662    41.382    27.156
  5246.783    41.433    27.156
  5246.896    41.485    27.204
  5247.006    41.639    27.298
  5247.121    41.743    27.345
  5247.231    41.846    27.392
  5247.340    41.898    27.440
  5247.455    42.000    27.440
  5247.566    42.515    27.723
  5247.672    42.876    27.912
  5247.895    42.876    27.912
  5248.013    42.515    27.629
  5248.131    42.515    27.629
  5248.237    42.515    27.676
  5248.345    42.618    27.818
  5248.564    42.618    27.818
  5248.671    42.670    27.818
  5248.776    42.721    27.818
  5249.327    42.721    27.818
  5249.436    42.773    27.818
  5249.545    42.824    27.818
  5249.660    42.824    27.818
  5249.768    42.876    27.818
  5249.873    42.927    27.818
  5249.980    42.927    27.818
  5250.090    42.979    27.818
  5250.203    42.979    27.818
  5250.319    43.082    27.818
  5250.431    43.082    27.818
  5250.539    43.443    27.818
  5250.650    43.649    27.818
  5251.195    43.649    27.818
  5251.315    43.649    27.865
  5251.426    43.649    27.865
  5251.532    43.751    27.912
  5251.638    43.751    27.912
  5251.744    43.803    27.912
  5251.853    43.803    27.912
  5251.968    43.906    27.959
  5252.073    44.009    27.959
  5252.403    44.009    27.959
  5252.511    44.112    28.007
  5252.627    44.112    28.054
  5252.743    44.112    28.054
  5252.848    44.267    28.054
  5253.715    44.267    28.054
  5253.822    44.215    28.054
  5253.930    44.318    28.054
  5254.040    44.318    28.054
  5254.146    44.576    28.054
  5254.256    44.576    28.054
  5254.376    44.833    28.054
  5254.484    44.988    28.054
  5254.592    44.988    28.054
  5254.702    45.348    28.054
  5254.809    45.606    28.054
  5254.918    45.760    28.054
  5255.028    45.812    28.054
  5255.143    45.812    28.243
  5255.254    45.812    28.243
  5255.378    45.709    28.243
  5255.482    45.709    28.290
  5255.709    45.709    28.290
  5255.820    45.760    28.290
  5255.943    45.812    28.290
  5256.052    45.863    28.337
  5256.271    45.863    28.337
  5256.395    45.863    28.432
  5256.618    45.863    28.432
  5256.727    45.863    28.479
  5259.144    45.863    28.479
  5259.251    45.915    28.479
  5259.799    45.915    28.479
  5259.911    45.966    28.479
  5260.019    46.069    28.479
  5260.130    46.224    28.526
  5262.124    46.224    28.526
  5262.235    46.121    28.526
  5269.654    46.121    28.526
  5269.760    46.172    28.762
  5269.872    46.224    28.810
  5273.932    46.224    28.810
  5274.046    46.172    28.810
  5274.154    46.121    28.810
  5274.266    46.121    28.810
  5274.372    46.069    28.810
  5274.812    46.069    28.810
  5274.923    45.966    28.810
  5275.031    45.966    28.810
  5275.144    45.863    28.810
  5275.251    45.812    28.810
  5276.804    45.812    28.810
  5276.917    45.812    28.715
  5277.025    45.863    28.715
  5277.361    45.863    28.715
  5277.472    46.172    28.621
  5311.748    46.172    28.621
  5311.858    46.172    28.526
  5311.969    46.224    28.384
  5312.075    46.224    28.290
  5312.182    46.172    28.195
  5312.293    46.172    28.101
  5312.405    46.172    28.007
  5312.518    46.172    27.959
  5312.634    46.172    27.912
  5312.746    46.172    27.770
  5312.855    46.172    27.676
  5312.960    46.172    27.534
  5313.074    46.275    27.440
  5313.191    46.275    27.440
  5313.301    46.430    27.440
  5315.052    46.430    27.440
  5315.168    46.430    27.487
  5315.282    46.481    27.581
  5315.721    46.481    27.581
  5315.828    46.430    27.676
  5315.940    46.430    27.676
  5316.047    46.430    27.723
  5316.157    46.430    27.770
  5316.381    46.430    27.770
  5316.487    46.430    27.818
  5316.596    46.430    27.818
  5316.701    46.378    27.865
  5316.810    46.378    27.912
  5316.925    46.378    27.959
  5317.576    46.378    27.959
  5317.694    46.275    27.912
  5318.593    46.275    27.912
  5318.697    46.121    27.818
  5319.493    46.121    27.818
  5319.602    46.327    27.818
  5350.629    46.327    27.818
  5350.738    46.481    27.865
  5350.858    46.533    27.912
  5350.967    46.584    27.959
  5352.192    46.584    27.959
  5352.304    46.481    27.959
  5352.635    46.481    27.959
  5352.746    46.172    27.959
  5352.856    46.121    27.959
  5353.858    46.121    27.959
  5353.990    46.069    27.959
  5354.636    46.069    27.959
  5354.752    46.018    27.959
  5356.942    46.018    27.959
  5357.047    45.966    27.959
  5357.155    45.915    27.959
  5357.717    45.915    27.959
  5357.827    45.863    27.959
  5373.116    45.863    27.959
  5373.223    45.863    28.007
  5375.621    45.863    28.007
  5375.728    45.863    28.054
  5376.064    45.863    28.054
  5376.170    45.863    28.101
  5376.494    45.863    28.101
  5376.623    45.812    28.101
  5378.063    45.812    28.101
  5378.172    45.554    28.148
  5378.278    45.554    28.195
  5417.737    45.554    28.195
