     0.953    33.016     3.783
     2.114    33.016     3.783
     2.229    32.398     4.539
     2.368    31.985     5.012
     2.491    31.677     5.390
     2.606    31.316     5.721
     2.716    31.109     5.863
     2.830    30.748     6.288
     2.945    30.440     6.525
     3.054    30.388     6.525
     3.166    30.388     6.525
     3.279    30.233     6.572
     3.402    30.027     6.666
     3.508    29.770     6.808
     3.624    29.357     7.045
     3.732    29.048     7.139
     3.846    28.739     7.281
     3.955    28.635     7.281
     4.066    28.635     7.281
     4.192    28.429     7.470
     4.313    28.274     7.754
     4.423    28.172     8.085
     4.534    28.172     8.180
     4.643    28.172     8.321
     4.751    28.172     8.605
     4.862    28.172     8.699
     4.969    27.965     9.219
     5.084    27.811     9.456
     5.195    27.811     9.598
     5.299    27.708     9.834
     5.410    27.502    10.165
     5.519    27.502    10.165
     5.645    27.243    10.165
     5.754    27.141    10.118
     5.863    27.141    10.118
     5.971    27.037    10.118
     6.082    27.037    10.118
     6.192    26.831    10.165
     6.309    26.780    10.212
     6.427    26.728    10.212
     6.550    26.728    10.212
     6.664    26.573    10.307
     6.795    26.419    10.449
     6.904    26.265    10.496
     7.016    26.161    10.638
     7.134    26.058    10.969
     7.251    26.006    11.158
     7.362    26.006    11.441
     7.484    25.904    11.772
     7.592    25.852    11.914
     7.700    25.852    12.056
     7.810    25.852    12.198
     7.923    25.852    12.340
     8.034    25.852    12.387
     8.143    25.852    12.529
     8.252    25.852    12.671
     8.363    25.904    12.860
     8.486    25.904    12.955
     8.594    25.904    13.001
     8.725    26.058    13.144
     8.848    26.265    13.238
     8.960    26.419    13.286
     9.070    26.573    13.475
     9.198    26.728    13.663
     9.319    26.986    13.805
     9.449    27.141    13.901
     9.557    27.347    13.947
     9.676    27.553    14.042
     9.794    27.553    14.089
     9.915    27.398    13.995
    10.039    27.398    13.901
    10.154    27.296    13.711
    10.266    27.296    13.522
    10.376    27.192    13.427
    10.482    27.141    13.427
    10.590    26.935    13.616
    10.702    26.728    13.901
    10.812    26.471    14.089
    10.927    26.367    14.136
    11.035    26.316    14.136
    11.142    26.161    14.231
    11.255    25.749    14.421
    11.363    25.079    14.656
    11.472    24.512    14.846
    11.582    23.738    15.177
    11.690    23.120    15.413
    11.797    22.656    15.555
    11.915    22.244    15.697
    12.021    21.935    15.838
    12.129    21.883    15.885
    12.476    21.883    15.885
    12.597    21.574    15.885
    12.710    21.316    15.838
    12.821    21.007    15.744
    12.935    20.594    15.602
    13.040    20.337    15.508
    13.159    20.286    15.508
    13.268    20.233    15.508
    13.842    20.233    15.508
    13.952    19.976    15.555
    14.064    19.718    15.649
    14.174    19.563    15.697
    14.284    19.409    15.697
    14.754    19.409    15.697
    14.863    18.430    15.744
    14.973    18.326    15.744
    15.186    18.326    15.744
    15.295    18.275    15.744
    15.416    18.120    15.791
    15.536    18.069    15.791
    15.646    18.018    15.791
    15.756    17.966    15.791
    16.084    17.966    15.791
    16.200    17.914    15.791
    16.316    17.759    15.838
    17.474    17.759    15.838
    17.582    17.759    16.028
    18.628    17.759    16.028
    18.736    17.657    16.169
    18.845    17.657    16.216
    20.219    17.657    16.216
    20.329    17.502    16.122
    20.438    17.450    16.075
    98.291    17.450    16.075
    98.399    17.399    16.075
    98.526    17.244    16.122
    98.635    16.935    16.453
    98.743    16.728    16.737
    98.865    16.574    16.926
    98.969    16.316    17.209
    99.078    15.852    17.446
    99.192    15.544    17.635
    99.307    15.337    17.777
    99.414    15.234    18.013
    99.524    15.234    18.013
    99.634    15.182    18.108
   100.306    15.182    18.108
   100.414    14.976    18.250
   100.524    14.821    18.391
   100.632    14.615    18.581
   100.744    14.152    18.912
   100.853    13.739    19.148
   100.963    13.482    19.290
   101.070    13.276    19.479
   101.184    13.172    19.668
   101.292    13.069    19.904
   101.399    12.863    20.141
   101.520    12.553    20.330
   101.631    12.399    20.424
   101.741    12.347    20.472
   101.854    12.296    20.472
   101.966    12.141    20.472
   102.075    11.884    20.472
   102.184    11.677    20.377
   102.411    11.677    20.377
   102.531    11.523    20.282
   102.647    11.368    20.188
   102.766    11.059    20.046
   102.877    11.059    20.046
   102.999    10.904    20.046
   103.368    10.904    20.046
   103.477    10.543    20.093
   103.586    10.337    20.188
   103.697    10.131    20.188
   103.814    10.028    20.188
   103.923     9.925    20.235
   104.036     9.564    20.330
   104.141     9.306    20.424
   104.254     8.997    20.566
   104.388     8.740    20.708
   104.506     8.430    20.803
   104.613     8.327    20.803
   104.722     8.327    20.803
   104.853     8.275    20.803
   104.967     8.172    20.755
   105.075     8.224    20.755
   105.184     8.275    20.755
   105.299     8.379    20.755
   105.410     8.842    20.755
   105.524     8.946    20.755
   105.634     8.946    20.755
   105.742     9.100    20.661
   105.850     9.203    20.661
   105.965     9.203    20.613
   106.090     9.203    20.424
   106.207     9.203    20.282
   106.312     9.306    20.235
   106.427     9.461    20.519
   106.538     9.564    20.897
   106.653     9.667    21.181
   106.764     9.719    21.465
   106.874     9.873    21.748
   106.996     9.925    21.890
   107.124    10.028    22.032
   107.232    10.234    22.268
   107.358    10.389    22.410
   107.471    10.801    22.788
   107.602    10.956    23.119
   107.717    11.008    23.639
   107.840    11.008    24.159
   107.948    11.008    24.349
   108.055    11.008    24.395
   108.165    11.008    24.632
   108.274    11.008    24.726
   108.398    10.956    24.868
   108.508    10.853    25.388
   108.617    10.647    25.956
   108.732    10.647    26.240
   108.841    10.595    26.807
   108.951    10.595    27.374
   109.061    10.853    27.658
   109.181    11.110    28.131
   109.301    11.368    28.651
   109.417    11.420    29.076
   109.526    11.471    29.123
   109.634    11.780    29.123
   109.767    12.141    29.029
   109.884    12.553    28.982
   109.995    12.708    28.982
   110.120    12.708    28.982
   110.228    12.966    29.218
   110.339    13.378    29.502
   110.448    13.842    29.691
   110.556    14.152    29.833
   110.664    14.564    30.022
   110.773    14.564    30.069
   111.463    14.564    30.069
   111.572    14.873    30.211
   111.689    14.925    30.258
   111.795    15.182    30.400
   111.921    15.337    30.447
   112.027    15.337    30.447
   112.153    15.337    30.589
   112.264    15.337    30.589
   112.372    15.337    30.637
   112.480    15.440    30.779
   112.609    15.646    31.062
   112.717    15.750    31.156
   112.841    15.852    31.204
   113.411    15.852    31.204
   113.519    16.265    31.440
   113.639    16.626    31.629
   113.767    16.883    31.818
   113.883    17.193    32.055
   113.991    17.450    32.149
   114.103    17.863    32.197
   114.215    18.018    32.149
   114.322    18.172    32.007
   114.436    18.687    31.771
   114.549    19.049    31.535
   114.659    19.461    31.345
   114.766    19.615    31.251
   114.877    19.873    31.251
   115.004    19.925    31.298
   115.110    19.925    31.487
   115.218    19.925    31.535
   115.328    20.027    31.629
   115.444    20.492    31.913
   115.553    20.749    32.055
   115.665    21.110    32.197
   115.773    21.316    32.291
   115.889    21.625    32.480
   116.008    21.831    32.622
   116.118    21.883    32.764
   116.229    21.883    32.811
   116.352    21.883    32.811
   116.464    21.831    32.811
   116.684    21.831    32.811
   116.797    21.780    32.811
   116.908    21.677    33.095
   117.029    21.625    33.190
   117.245    21.625    33.190
   117.363    21.523    33.047
   117.477    21.471    32.905
   117.591    21.471    32.811
   117.700    21.471    32.764
   117.808    21.471    32.764
   117.918    21.574    32.764
   118.028    21.677    32.764
   118.148    21.831    32.717
   118.272    22.141    32.669
   119.731    22.141    32.669
   119.843    22.141    32.764
   119.962    22.141    33.142
   120.088    22.295    33.473
   120.198    22.347    33.709
   120.312    22.450    33.851
   120.420    22.450    33.898
   121.079    22.450    33.898
   121.194    22.501    33.898
   121.303    22.862    34.229
   121.415    22.966    34.513
   121.524    22.966    34.560
   121.641    22.914    34.608
   121.869    22.914    34.608
   121.976    22.914    34.797
   122.085    22.966    35.175
   122.204    23.017    35.412
   122.312    23.017    35.458
   122.788    23.017    35.458
   122.903    23.120    35.458
   123.010    23.223    35.601
   123.120    23.275    35.695
   130.473    23.275    35.695
   130.591    23.275    36.026
   130.721    23.275    36.168
   130.830    23.275    36.215
   130.949    23.275    36.262
   131.058    23.223    36.357
   131.169    23.120    36.499
   131.279    23.017    36.593
   131.393    22.966    36.593
   131.512    22.914    36.688
   131.620    22.914    36.688
   131.733    22.760    36.782
   131.843    22.501    36.972
   131.965    22.295    37.066
   132.074    22.089    37.255
   132.184    21.831    37.539
   132.312    21.677    37.634
   133.074    21.677    37.634
   133.183    21.883    37.823
   133.315    21.883    37.965
   133.429    21.883    38.154
   133.540    21.883    38.437
   133.650    21.883    38.579
   133.999    21.883    38.579
   134.112    21.883    38.673
   134.236    21.935    38.768
   134.359    21.935    38.863
   134.473    21.935    39.004
   134.583    21.935    39.004
   134.689    21.935    39.052
   134.916    21.935    39.052
   135.028    21.935    39.146
   135.147    21.935    39.335
   135.947    21.935    39.335
   136.064    21.935    39.383
   136.173    21.883    39.383
   136.284    21.883    39.383
   136.405    21.780    39.383
   136.539    21.729    39.383
   136.650    21.677    39.383
   136.761    21.625    39.430
   138.530    21.625    39.430
   138.639    21.574    39.430
   141.106    21.574    39.430
   141.217    21.574    39.477
   141.332    21.935    39.808
   141.455    21.935    39.856
   142.042    21.935    39.856
   142.164    21.935    40.045
   142.278    21.986    40.186
   142.387    21.986    40.234
   142.496    21.986    40.281
   143.845    21.986    40.281
   143.954    21.883    40.234
   144.078    21.883    40.139
   144.186    21.883    40.092
   144.516    21.883    40.092
   144.624    21.883    40.045
   144.738    21.883    39.903
   144.858    21.935    39.761
   144.966    21.935    39.666
   145.074    22.089    39.383
   145.181    22.192    39.241
   145.291    22.244    39.146
   145.401    22.347    39.099
   145.960    22.347    39.099
   146.065    22.347    39.194
   146.184    22.347    39.288
   146.293    22.347    39.335
   146.401    22.347    39.383
   146.622    22.347    39.383
   146.731    22.347    39.430
   146.839    22.347    39.525
   146.953    22.347    39.572
   147.072    22.347    39.619
   147.305    22.347    39.619
   147.412    22.244    39.619
   147.524    22.141    39.619
   147.630    21.986    39.619
   147.737    21.831    39.619
   147.844    21.831    39.619
   147.953    21.729    39.619
   148.064    21.677    39.619
   148.176    21.625    39.619
   148.401    21.625    39.619
   148.512    21.419    39.572
   148.626    21.419    39.572
   148.736    21.368    39.572
   148.852    21.110    39.525
   148.962    20.646    39.430
   149.075    20.440    39.383
   149.181    20.388    39.383
   149.521    20.388    39.383
   149.652    19.925    39.288
   149.763    19.821    39.288
   149.873    19.770    39.288
   149.984    19.615    39.241
   150.092    19.563    39.241
   150.749    19.563    39.241
   150.875    19.255    39.241
   150.996    18.430    39.241
   151.109    18.018    39.241
   151.218    17.553    39.241
   151.328    17.502    39.241
   151.436    17.399    39.241
   151.550    17.347    39.241
   151.667    17.244    39.335
   151.774    17.038    39.619
   152.111    17.038    39.619
   152.236    16.471    39.997
   152.347    16.265    40.234
   152.458    16.110    40.376
   152.571    15.801    40.612
   152.695    15.337    40.848
   152.805    14.719    41.038
   153.151    14.719    41.038
   153.272    14.821    41.038
   153.386    14.925    40.990
   154.184    14.925    40.990
   154.292    14.976    40.896
   154.402    14.976    40.896
   154.512    14.976    40.848
   154.730    14.976    40.848
   154.846    14.821    40.848
   154.968    14.564    40.848
   155.075    14.513    40.848
   155.193    14.409    40.707
   155.311    14.254    40.659
   155.421    13.791    40.612
   155.533    12.657    40.612
   155.642    12.502    40.659
   155.750    12.502    40.659
   155.869    12.347    40.801
   155.994    11.884    40.990
   156.103    11.729    41.038
   156.215    11.574    41.038
   156.330    11.265    41.038
   156.441    11.008    41.038
   156.555    10.853    41.038
   158.573    10.853    41.038
   158.678    10.904    40.943
   158.787    11.059    40.848
   159.005    11.059    40.848
   159.113    11.265    40.754
   159.237    11.368    40.754
   159.355    11.626    40.707
   159.464    11.677    40.707
   159.571    11.935    40.707
   159.680    12.141    40.707
   159.799    12.193    40.754
   160.025    12.193    40.754
   160.137    12.245    40.848
   160.253    12.245    40.848
   160.364    12.245    40.896
   160.485    12.451    40.990
   160.596    12.811    41.132
   160.706    13.121    41.226
   160.814    13.430    41.226
   160.926    13.791    41.179
   161.036    13.945    41.179
   161.149    14.152    41.179
   161.260    14.461    41.132
   161.371    14.925    41.038
   161.490    15.389    40.990
   161.608    15.801    40.896
   161.824    15.801    40.896
   161.933    15.852    40.896
   162.042    16.110    41.038
   162.156    16.265    41.132
   162.263    16.265    41.132
   162.373    16.316    41.132
   162.483    16.316    41.132
   162.607    16.368    41.132
   162.722    16.368    41.132
   162.831    16.420    41.179
   162.954    16.626    41.226
   163.061    16.832    41.321
   163.169    16.935    41.369
   163.277    16.935    41.369
   163.402    17.038    41.416
   163.523    17.089    41.463
   163.630    17.141    41.463
   163.740    17.193    41.463
   163.857    17.244    41.463
   163.968    17.296    41.463
   164.078    17.399    41.463
   164.195    17.502    41.510
   164.318    17.553    41.510
   164.441    17.657    41.510
   164.549    17.708    41.510
   164.666    17.759    41.510
   165.139    17.759    41.510
   165.252    17.811    41.510
   165.360    17.966    41.557
   165.919    17.966    41.557
   166.028    18.018    41.557
   166.253    18.018    41.557
   166.369    18.069    41.557
   166.493    18.069    41.557
   166.606    18.069    41.652
   167.482    18.069    41.652
   167.596    18.224    41.747
   167.708    18.275    41.747
   167.826    18.275    41.794
   167.936    18.275    41.794
   168.051    18.224    41.794
   168.722    18.224    41.794
   168.844    18.275    41.794
   168.952    18.275    41.841
   169.081    18.275    41.841
   169.195    18.687    41.888
   169.305    18.687    41.936
   169.521    18.687    41.936
   169.646    18.945    41.936
   169.757    19.049    41.936
   169.875    19.100    41.936
   169.985    19.203    41.936
   170.094    19.409    41.936
   170.204    19.512    41.936
   170.317    19.563    41.936
   170.642    19.563    41.936
   170.754    19.873    41.936
   172.193    19.873    41.936
   172.329    19.821    41.936
   172.882    19.821    41.936
   172.987    19.873    41.936
   173.100    20.131    41.936
   173.208    20.337    41.936
   173.322    20.440    41.936
   173.429    20.440    41.936
   173.567    20.543    41.936
   173.674    20.801    41.936
   173.782    21.162    41.936
   174.334    21.162    41.936
   174.441    21.471    41.936
   174.554    21.729    41.936
   174.674    21.935    41.936
   174.789    22.038    41.936
   174.898    22.141    41.936
   175.012    22.192    41.936
   175.690    22.192    41.936
   175.809    22.347    41.936
   175.915    22.501    41.936
   176.021    22.501    41.936
   176.137    22.554    41.936
   176.257    22.554    41.936
   176.366    22.708    41.936
   176.483    22.862    41.936
   176.596    22.966    41.936
   176.844    22.966    41.936
   176.954    23.017    41.936
   177.062    23.275    41.936
   177.173    23.430    41.936
   177.283    23.481    41.936
   177.512    23.481    41.936
   177.620    23.532    41.936
   177.964    23.532    41.936
   178.075    23.636    41.936
   178.201    23.636    41.936
   178.309    23.687    41.936
   178.526    23.687    41.936
   178.638    23.842    41.936
   178.746    23.842    41.936
   178.858    23.945    41.936
   178.972    24.048    41.936
   179.086    24.048    41.936
   179.199    24.203    41.936
   179.308    24.409    41.936
   179.431    24.563    41.936
   180.652    24.563    41.936
   180.766    24.615    41.936
   180.874    24.615    41.936
   180.981    24.718    41.936
   181.092    24.718    41.936
   181.200    24.873    41.936
   181.319    24.924    41.936
   181.663    24.924    41.936
   181.777    24.975    41.936
   181.889    24.975    41.936
   182.000    25.028    41.936
   182.114    25.079    41.936
   182.224    25.130    41.936
   182.340    25.130    41.936
   182.451    25.182    41.936
   182.568    25.234    41.936
   182.682    25.234    41.936
   182.797    25.336    41.983
   183.015    25.336    41.983
   183.125    25.336    42.030
   183.250    25.440    42.125
   183.363    25.594    42.267
   183.485    25.594    42.267
   183.600    25.646    42.361
   183.709    25.852    42.550
   183.815    26.058    42.692
   185.287    26.058    42.692
   185.408    26.110    42.739
   186.409    26.110    42.739
   186.517    26.265    42.929
   186.624    26.265    42.929
   186.731    26.265    42.976
   187.430    26.265    42.976
   187.551    26.316    42.976
   187.999    26.316    42.976
   188.106    26.367    42.976
   191.837    26.367    42.976
   191.953    26.367    42.929
   192.076    26.367    42.834
   192.845    26.367    42.834
   192.955    26.316    42.787
   193.086    26.265    42.739
   193.192    26.265    42.692
   193.304    26.213    42.550
   193.414    26.213    42.550
   193.532    26.213    42.456
   193.640    26.213    42.361
   193.750    26.213    42.361
   193.859    26.213    42.267
   194.429    26.213    42.267
   194.536    26.161    42.267
   194.643    26.058    42.219
   194.767    26.006    42.219
   194.876    25.852    42.125
   194.983    25.697    42.077
   195.093    25.646    42.030
   195.205    25.594    41.983
   195.325    25.543    41.983
   195.433    25.491    41.936
   196.878    25.491    41.936
   197.000    25.234    41.841
   197.108    25.130    41.747
   197.219    25.130    41.747
   197.327    25.079    41.700
   197.755    25.079    41.700
   197.864    25.130    41.700
   197.973    25.285    41.747
   198.087    25.388    41.841
   198.207    25.440    41.888
   198.321    25.543    41.983
   198.445    25.646    42.125
   198.554    25.646    42.172
   198.661    25.646    42.172
   198.768    25.800    42.314
   198.878    25.852    42.314
   199.219    25.852    42.314
   199.329    26.006    42.550
   199.436    26.058    42.645
   199.764    26.058    42.645
   199.879    26.110    42.692
   200.331    26.110    42.692
   200.444    26.161    42.692
   203.129    26.161    42.692
   203.247    25.852    42.550
   203.361    25.594    42.267
   203.476    25.491    42.172
   203.710    25.491    42.172
   203.843    25.336    42.030
   203.951    25.234    41.888
   204.277    25.234    41.888
   204.393    25.182    41.841
   204.616    25.182    41.841
   204.731    25.130    41.794
   205.064    25.130    41.794
   205.173    25.130    41.700
   205.283    25.079    41.605
   205.391    25.079    41.463
   205.499    24.975    41.369
   205.606    24.975    41.226
   205.715    24.975    41.132
   205.831    24.873    40.848
   205.944    24.769    40.707
   206.071    24.769    40.707
   206.182    24.667    40.565
   206.622    24.667    40.565
   206.731    24.667    40.707
   206.848    24.667    40.754
   207.413    24.667    40.754
   207.520    24.615    40.801
   207.633    24.254    41.179
   207.744    24.151    41.226
   208.313    24.151    41.226
   208.422    24.048    41.226
   208.529    23.997    41.132
   208.642    23.997    40.990
   208.750    23.997    40.943
   208.968    23.997    40.943
   209.076    23.997    40.848
   209.183    23.945    40.707
   209.289    23.945    40.565
   209.404    23.842    40.470
   209.518    23.842    40.423
   209.640    23.842    40.376
   209.857    23.842    40.376
   209.976    23.842    40.234
   210.433    23.842    40.234
   210.555    23.842    40.186
   211.008    23.842    40.186
   211.124    23.997    40.186
   211.239    24.357    40.186
   211.369    24.563    40.186
   211.490    24.873    40.186
   211.601    25.182    40.186
   211.715    25.388    40.186
   211.823    25.491    40.186
   213.283    25.491    40.186
   213.410    25.491    40.092
   215.187    25.491    40.092
   215.294    25.543    40.045
   215.620    25.543    40.045
   215.729    25.594    40.045
   216.190    25.594    40.045
   216.300    25.646    39.997
   216.417    25.646    39.950
   216.529    25.697    39.903
   216.641    25.749    39.903
   216.750    25.800    39.808
   216.858    25.852    39.666
   216.972    25.904    39.619
   217.080    25.955    39.572
   217.197    25.955    39.572
   217.316    26.058    39.572
   217.436    26.213    39.525
   217.544    26.213    39.525
   217.659    26.316    39.477
   217.770    26.471    39.430
   217.890    26.677    39.335
   218.003    26.986    39.194
   218.132    27.450    39.052
   218.250    27.502    39.052
   218.359    27.502    39.052
   218.477    27.450    39.052
   219.612    27.450    39.052
   219.720    27.347    39.052
   220.303    27.347    39.052
   220.413    27.192    39.004
   220.972    27.192    39.004
   221.081    27.243    39.004
   221.192    27.296    39.004
   221.314    27.502    38.958
   221.425    27.708    38.863
   221.533    27.914    38.816
   221.647    27.914    38.816
   221.770    28.017    38.816
   221.880    28.326    38.768
   221.989    28.687    38.768
   222.103    28.739    38.768
   222.668    28.739    38.768
   222.781    28.893    38.721
   222.891    28.945    38.673
   223.002    29.254    38.673
   223.119    29.511    38.673
   223.228    29.666    38.673
   223.350    29.718    38.673
   223.473    30.027    38.437
   223.580    30.440    38.154
   223.690    30.903    37.917
   223.798    31.007    37.823
   223.908    31.058    37.728
   224.016    31.264    37.586
   224.139    31.264    37.444
   224.247    31.264    37.303
   224.463    31.264    37.303
   224.575    31.264    37.208
   224.683    31.264    37.113
   224.791    31.316    36.688
   224.908    31.367    36.357
   225.015    31.367    36.215
   225.127    31.367    36.026
   225.241    31.367    35.553
   225.360    31.367    35.127
   225.486    31.367    34.750
   225.602    31.367    34.655
   225.721    31.367    34.513
   225.830    31.367    34.513
   225.940    31.367    34.229
   226.046    31.367    34.182
   226.155    31.367    34.040
   226.265    31.367    33.709
   226.374    31.367    33.426
   226.483    31.367    33.190
   226.591    31.367    33.000
   226.716    31.367    32.953
   226.827    31.367    32.953
   226.937    31.367    32.905
   227.384    31.367    32.905
   227.498    31.419    32.859
   227.952    31.419    32.859
   228.063    31.419    32.669
   228.173    31.470    32.433
   228.288    31.470    32.338
   228.395    31.522    32.149
   228.509    31.522    32.149
   228.627    31.573    32.149
   228.736    31.677    32.197
   228.846    31.728    32.338
   230.934    31.728    32.338
   231.055    31.779    32.338
   231.163    31.779    32.338
   231.272    31.831    32.386
   231.384    31.831    32.386
   231.504    31.883    32.386
   231.957    31.883    32.386
   232.072    32.089    32.338
   233.312    32.089    32.338
   233.427    32.295    32.055
   233.547    32.604    31.818
   233.656    33.016    31.676
   233.770    33.377    31.535
   233.879    33.790    31.298
   233.987    33.841    31.298
   234.206    33.841    31.298
   234.318    33.893    31.298
   234.429    33.893    31.298
   234.538    33.945    31.251
   234.647    34.047    31.156
   235.204    34.047    31.156
   235.316    34.099    31.109
   235.425    34.563    31.014
   235.541    35.182    30.920
   235.650    35.594    30.873
   235.768    35.749    30.873
   235.888    35.851    30.873
   236.005    36.161    30.873
   236.112    36.213    30.825
   236.444    36.213    30.825
   236.552    36.315    30.779
   238.234    36.315    30.779
   238.352    36.367    30.779
   238.473    36.521    30.779
   238.580    36.573    30.779
   238.689    36.727    30.779
   238.797    36.831    30.779
   238.907    36.986    30.779
   239.024    37.089    30.779
   239.594    37.089    30.779
   239.718    37.192    30.779
   239.827    37.450    30.779
   239.939    37.655    30.779
   240.047    37.707    30.779
   240.411    37.707    30.779
   240.517    37.758    30.779
   240.643    37.758    30.779
   240.751    37.758    30.825
   240.865    37.758    30.825
   240.975    37.707    30.873
   241.867    37.707    30.873
   241.979    37.758    30.873
   242.092    37.758    30.873
   242.200    37.862    30.873
   242.327    37.913    30.873
   242.553    37.913    30.873
   242.671    37.655    30.779
   244.035    37.655    30.779
   244.144    37.552    30.779
   246.375    37.552    30.779
   246.483    37.707    30.731
   246.595    38.068    30.637
   246.711    38.171    30.637
   246.817    38.223    30.637
   247.379    38.223    30.637
   247.486    38.223    30.589
   247.595    38.223    30.589
   247.705    38.223    30.542
   247.816    38.223    30.447
   247.938    38.223    30.353
   248.047    38.223    30.306
   249.269    38.223    30.306
   249.379    38.223    30.258
   249.947    38.223    30.258
   250.055    38.223    30.211
   250.163    38.326    30.163
   250.296    38.377    30.116
   250.410    38.429    30.069
   250.518    38.480    30.069
   250.627    38.532    29.975
   250.739    38.583    29.927
   250.847    38.789    29.691
   250.961    38.789    29.644
   251.078    38.893    29.596
   251.189    38.944    29.549
   251.299    39.047    29.454
   251.408    39.099    29.454
   252.755    39.099    29.454
   252.873    39.047    29.454
   252.984    38.995    29.454
   254.233    38.995    29.454
   254.340    38.583    29.691
   256.838    38.583    29.691
   256.948    38.789    29.880
   257.078    39.047    30.116
   257.423    39.047    30.116
   257.533    39.047    30.069
   257.642    39.047    30.069
   257.768    39.047    29.975
   257.887    39.047    29.975
   258.001    38.995    29.927
   262.730    38.995    29.927
   262.838    38.893    29.927
   264.348    38.893    29.927
   264.454    38.841    29.927
   266.273    38.841    29.927
   266.398    38.789    29.927
   266.956    38.789    29.927
   267.084    38.738    29.927
   267.190    38.738    29.927
   267.305    38.532    29.927
   269.083    38.532    29.927
   269.201    38.429    29.927
   269.310    38.274    29.927
   269.433    38.171    29.975
   269.547    38.119    29.975
   270.098    38.119    29.975
   270.206    38.171    29.975
   270.536    38.171    29.975
   270.645    38.223    29.975
   270.756    38.274    29.975
   270.872    38.274    29.975
   270.983    38.326    29.975
   271.537    38.326    29.975
   271.647    38.326    30.116
   271.875    38.326    30.116
   271.983    38.274    30.163
   272.801    38.274    30.163
   272.915    38.480    30.022
   273.035    38.687    29.880
   273.143    38.789    29.785
   273.250    38.789    29.596
   273.356    38.738    29.407
   273.465    38.635    29.123
   273.798    38.635    29.123
   273.909    38.635    29.029
   276.224    38.635    29.029
   276.327    38.326    29.029
   276.439    38.326    29.029
   276.552    38.274    29.029
   289.497    38.274    29.029
   289.605    38.377    29.029
   289.714    38.583    28.982
   289.820    38.635    28.982
   289.933    38.687    28.982
   290.606    38.687    28.982
   290.714    38.635    28.982
   291.469    38.635    28.982
   291.585    38.532    29.076
   291.716    38.532    29.123
   307.693    38.532    29.123
   307.806    38.532    28.982
   307.917    38.635    28.651
   308.033    38.738    28.367
   308.706    38.738    28.367
   308.820    38.738    28.320
   309.505    38.738    28.320
   309.619    38.789    28.272
   309.732    38.789    28.225
   310.054    38.789    28.225
   310.165    38.789    28.178
   310.296    38.841    27.989
   310.745    38.841    27.989
   310.855    38.789    27.989
   310.970    38.789    27.989
   311.080    38.687    28.083
   311.190    38.532    28.178
   312.092    38.532    28.178
   312.202    38.480    28.178
   312.435    38.480    28.178
   312.555    38.480    28.131
   312.682    38.377    27.941
   312.789    38.171    27.705
   312.898    38.017    27.516
   313.011    37.862    27.422
   313.118    37.758    27.374
   313.690    37.758    27.374
   313.798    37.758    27.516
   313.908    37.758    27.705
   314.016    37.758    27.894
   314.125    37.758    27.941
   314.239    37.758    28.272
   314.679    37.758    28.272
   314.793    37.913    28.272
   314.908    38.017    28.178
   315.024    38.068    28.083
   315.352    38.068    28.083
   315.470    38.326    28.083
   315.585    38.635    28.083
   315.695    38.738    28.083
   315.808    38.841    28.083
   317.045    38.841    28.083
   317.164    38.893    28.083
   317.729    38.893    28.083
   317.845    38.532    28.272
   317.956    38.429    28.462
   318.068    38.429    28.793
   318.761    38.429    28.793
   318.889    38.635    28.934
   319.009    38.789    29.123
   319.125    39.099    29.596
   319.232    39.202    29.833
   319.342    39.202    29.880
   319.451    39.460    29.880
   319.561    39.718    29.880
   319.903    39.718    29.880
   320.028    39.718    29.927
   320.139    39.666    29.927
   321.726    39.666    29.927
   321.840    39.666    30.116
   322.525    39.666    30.116
   322.636    39.614    30.116
   323.752    39.614    30.116
   323.879    39.563    30.116
   323.986    39.305    30.306
   324.111    39.150    30.542
   324.230    39.099    30.684
   324.338    39.099    30.731
   324.450    38.995    30.920
   324.559    38.944    31.109
   324.670    38.893    31.345
   324.781    38.893    31.724
   324.892    39.047    32.291
   325.001    39.202    32.480
   325.109    39.511    33.000
   325.237    39.769    33.473
   325.360    39.924    33.757
   325.477    40.078    33.946
   325.589    40.285    34.182
   325.696    40.387    34.466
   325.805    40.542    34.797
   325.933    40.645    34.939
   326.050    40.851    35.127
   326.164    41.057    35.270
   326.278    41.418    35.412
   326.388    41.676    35.506
   326.497    41.728    35.506
   326.606    42.294    35.506
   326.714    42.552    35.506
   326.845    42.759    35.412
   326.957    43.119    35.317
   327.068    43.480    35.222
   327.184    43.480    35.222
   327.292    43.583    35.222
   327.408    43.583    35.270
   327.518    43.583    35.270
   327.623    43.377    35.317
   327.730    43.377    35.506
   327.837    43.377    35.789
   327.944    43.377    35.837
   328.055    43.377    35.884
   328.165    43.377    35.979
   328.274    43.429    36.073
   328.391    43.531    36.310
   328.520    43.635    36.593
   328.624    43.635    36.830
   328.734    43.635    36.924
   328.842    43.635    36.972
   328.948    43.635    36.972
   329.058    43.635    37.019
   329.169    43.480    37.492
   329.278    43.429    37.775
   329.409    43.429    37.823
   329.522    43.429    37.870
   329.630    43.996    38.154
   329.757    44.099    38.201
   329.875    44.099    38.295
   329.982    44.305    38.390
   330.088    44.562    38.532
   330.197    44.923    38.721
   330.315    45.336    38.958
   330.433    45.593    39.194
   330.551    45.645    39.288
   330.897    45.645    39.288
   331.005    45.593    39.288
   331.124    45.181    39.288
   331.248    44.975    39.288
   331.357    44.872    39.288
   331.480    44.872    39.288
   331.593    44.872    39.099
   331.711    44.872    38.958
   332.719    44.872    38.958
   332.827    44.872    39.194
   332.940    44.872    39.335
   333.046    44.872    39.430
   333.516    44.872    39.430
   333.626    44.820    39.335
   333.852    44.820    39.335
   333.962    44.717    39.241
   334.072    44.666    39.194
   335.717    44.666    39.194
   335.829    44.562    39.052
   338.754    44.562    39.052
   338.863    44.511    39.052
   339.464    44.511    39.052
   339.594    44.511    38.958
   339.706    44.511    38.958
   339.821    44.460    38.863
   339.933    44.253    38.768
   340.046    44.202    38.768
   340.400    44.202    38.768
   340.509    44.253    38.768
   340.622    44.408    38.768
   340.734    44.872    38.768
   340.846    45.027    38.768
   340.955    45.027    38.768
   341.077    45.181    38.768
   341.188    45.181    38.768
   341.295    45.284    38.768
   341.402    45.387    38.768
   341.510    45.645    38.579
   341.622    45.748    38.532
   341.732    45.903    38.485
   341.841    46.315    38.342
   341.951    46.418    38.342
   342.067    46.624    38.295
   342.325    46.624    38.295
   342.438    46.521    38.059
   342.546    46.521    38.012
   342.983    46.521    38.012
   343.091    46.366    38.059
   343.202    46.366    38.154
   343.437    46.366    38.154
   343.558    46.315    38.201
   343.666    46.315    38.201
   343.775    46.315    38.295
   344.216    46.315    38.295
   344.330    46.264    38.154
   344.442    46.264    38.106
   344.553    46.418    37.870
   344.664    46.573    37.728
   345.103    46.573    37.728
   345.215    46.830    37.397
   345.323    47.036    37.161
   345.435    47.140    37.019
   345.548    47.294    36.877
   346.707    47.294    36.877
   346.818    47.140    36.877
   346.935    47.140    36.924
   347.041    47.140    36.924
   347.156    47.036    36.924
   347.269    46.985    36.924
   348.777    46.985    36.924
   348.887    46.830    36.924
   349.005    46.779    36.924
   349.112    46.315    36.877
   349.235    46.109    36.877
   349.343    45.954    36.877
   349.451    45.799    36.830
   349.564    45.697    36.830
   349.679    45.490    36.688
   349.801    45.439    36.688
   349.912    45.233    36.641
   350.023    45.181    36.641
   350.132    45.027    36.593
   350.243    44.666    36.451
   350.360    44.562    36.404
   350.480    44.511    36.404
   350.588    44.460    36.404
   350.694    44.356    36.404
   350.808    43.996    36.215
   350.925    43.841    36.168
   351.038    43.686    36.026
   351.150    43.531    35.931
   351.255    43.325    35.695
   351.372    43.223    35.601
   351.482    43.171    35.553
   351.593    43.119    35.553
   351.715    43.119    35.553
   351.835    43.016    35.412
   351.945    43.016    35.412
   352.054    42.913    35.270
   352.381    42.913    35.270
   352.488    42.913    35.175
   352.597    42.913    35.175
   352.705    42.861    35.127
   353.382    42.861    35.127
   353.491    42.861    35.081
   354.495    42.861    35.081
   354.607    42.759    34.939
   357.327    42.759    34.939
   357.444    42.759    34.891
   358.993    42.759    34.891
   359.102    42.707    34.891
   359.208    42.346    34.986
   359.541    42.346    34.986
   359.649    42.294    34.986
   359.758    42.243    34.986
   359.865    42.192    35.033
   359.987    42.140    35.033
   360.431    42.140    35.033
   360.541    42.140    35.081
   360.986    42.140    35.081
   361.111    42.088    35.222
   363.808    42.088    35.222
   363.916    42.037    35.270
   364.025    41.831    35.270
   364.358    41.831    35.270
   364.466    41.779    35.270
   364.577    41.728    35.270
   364.915    41.728    35.270
   365.026    41.676    35.270
   365.135    41.624    35.270
   365.484    41.624    35.270
   365.607    41.573    35.270
   366.276    41.573    35.270
   366.379    41.573    35.317
   366.490    41.470    35.458
   366.610    41.418    35.648
   367.183    41.418    35.648
   367.294    41.315    35.931
   367.403    41.263    35.931
   369.302    41.263    35.931
   369.419    41.263    36.026
   372.496    41.263    36.026
   372.603    41.212    36.073
   373.042    41.212    36.073
   373.168    41.161    36.215
   373.278    41.006    36.451
   373.387    40.955    36.924
   373.499    40.955    37.066
   419.638    40.955    37.066
   419.760    40.903    37.066
   421.997    40.903    37.066
   422.109    40.851    37.066
   443.900    40.851    37.066
   444.007    40.491    37.019
   444.120    40.387    37.019
   444.228    40.232    37.019
   444.345    40.232    37.019
   444.451    40.181    36.972
   445.701    40.181    36.972
   445.816    40.078    36.972
   445.931    40.078    36.972
   446.044    40.026    36.972
   446.951    40.026    36.972
   447.074    39.975    36.972
   447.757    39.975    36.972
   447.889    39.924    36.924
   447.997    39.872    36.924
   448.107    39.820    36.924
   477.667    39.820    36.924
   477.776    39.820    36.877
   477.892    39.820    36.877
   478.006    39.718    36.830
   478.118    39.718    36.830
   478.247    39.718    36.782
   478.353    39.718    36.782
   478.461    39.666    36.782
   478.567    39.563    36.735
   478.673    39.563    36.688
   478.996    39.563    36.688
   479.104    39.511    36.641
   479.216    39.460    36.641
   489.287    39.460    36.641
   489.403    39.408    36.641
   489.634    39.408    36.641
   489.742    39.408    36.546
   489.854    39.356    36.499
   489.964    39.356    36.451
   560.691    39.356    36.451
   560.809    39.150    36.735
   560.918    38.944    37.019
   561.028    38.635    37.255
   561.142    38.583    37.255
   561.253    38.532    37.303
   561.473    38.532    37.303
   561.606    38.119    37.350
   561.718    38.068    37.397
   561.827    38.017    37.444
   561.943    37.862    37.539
   562.064    37.862    37.539
   562.172    37.862    37.586
   562.282    37.707    37.634
   562.391    37.707    37.634
   562.508    37.707    37.728
   563.074    37.707    37.728
   563.194    37.655    37.728
   564.211    37.655    37.728
   564.318    37.500    37.728
   564.435    37.295    37.728
   565.107    37.295    37.728
   565.232    37.192    37.728
   565.452    37.192    37.728
   565.560    37.140    37.728
   565.999    37.140    37.728
   566.112    36.727    37.397
   566.226    36.419    37.208
   566.349    35.955    37.019
   566.474    35.543    36.877
   566.585    34.872    36.782
   566.692    34.408    36.735
   566.808    33.945    36.688
   566.918    33.481    36.546
   567.060    33.171    36.451
   567.173    33.016    36.451
   567.284    32.914    36.451
   567.394    32.708    36.404
   567.508    32.398    36.262
   567.617    32.140    36.215
   567.727    31.934    36.120
   567.840    31.831    36.120
   568.197    31.831    36.120
   568.306    31.728    36.073
   568.525    31.728    36.073
   568.634    31.677    36.073
   568.751    31.367    35.979
   568.873    31.316    35.979
   568.980    31.264    35.979
   569.091    31.161    35.979
   569.211    30.955    35.979
   569.320    30.800    35.931
   569.430    30.646    35.837
   569.538    30.594    35.789
   569.650    30.440    35.648
   569.768    30.233    35.458
   569.894    30.079    35.222
   570.011    29.976    35.033
   570.127    29.976    34.986
   570.240    29.872    34.891
   570.359    29.770    34.797
   570.471    29.563    34.655
   570.583    29.409    34.466
   570.691    29.099    34.371
   570.806    28.790    34.229
   570.932    28.635    34.229
   571.047    28.378    34.088
   571.155    28.120    33.993
   571.274    27.914    33.851
   571.383    27.759    33.567
   571.501    27.708    33.426
   571.608    27.604    33.284
   571.717    27.502    33.142
   571.831    27.450    33.047
   571.940    27.450    33.000
   572.046    27.450    33.000
   572.155    27.450    32.953
   572.269    27.450    32.905
   572.722    27.450    32.905
   572.834    27.398    32.905
   572.943    27.141    32.905
   573.390    27.141    32.905
   573.504    27.089    32.905
   573.958    27.089    32.905
   574.076    26.986    32.905
   574.878    26.986    32.905
   574.986    27.089    32.905
   576.765    27.089    32.905
   576.880    27.089    32.811
   576.989    27.089    32.764
   577.108    27.089    32.717
   577.217    27.089    32.622
   577.324    27.089    32.528
   577.433    27.089    32.528
   577.543    27.089    32.386
   577.651    27.089    32.244
   577.766    27.037    32.149
   577.884    26.935    31.913
   578.000    26.780    31.724
   578.112    26.573    31.535
   578.224    26.522    31.393
   578.332    26.471    31.204
   578.440    26.419    30.920
   578.549    26.419    30.873
   578.661    26.367    30.637
   578.770    26.367    30.494
   578.877    26.367    30.258
   579.000    26.367    30.069
   579.107    26.316    29.880
   579.215    26.316    29.833
   579.332    26.316    29.691
   579.441    26.316    29.549
   579.548    26.316    29.407
   579.656    26.213    29.171
   579.763    26.110    28.887
   579.870    25.904    28.698
   579.982    25.852    28.651
   580.089    25.852    28.556
   580.197    25.800    28.509
   580.309    25.697    28.414
   580.418    25.543    28.272
   580.529    25.543    28.225
   580.642    25.388    28.083
   581.000    25.388    28.083
   581.112    25.182    27.989
   581.235    24.924    27.847
   581.343    24.615    27.563
   581.456    24.460    27.374
   581.570    24.409    27.327
   581.689    24.203    27.138
   581.795    23.945    26.854
   581.903    23.532    26.665
   582.010    23.275    26.476
   582.118    22.862    26.145
   582.253    22.708    26.003
   582.361    22.554    25.719
   582.470    22.399    25.388
   582.593    22.399    25.010
   582.706    22.347    24.821
   583.035    22.347    24.821
   583.149    22.347    24.680
   583.258    22.244    24.395
   583.381    22.141    24.112
   583.488    22.038    23.923
   583.597    21.986    23.687
   583.711    21.935    23.592
   583.824    21.935    23.545
   583.933    21.935    23.545
   584.052    21.883    23.403
   584.163    21.831    23.308
   584.395    21.831    23.308
   584.506    21.780    23.308
   584.622    21.677    23.403
   584.731    21.471    23.687
   584.845    21.419    23.781
   584.954    21.213    24.064
   585.073    21.110    24.207
   585.186    21.110    24.254
   585.295    21.058    24.254
   585.406    21.007    24.395
   585.520    21.007    24.395
   585.648    20.904    24.443
   585.771    20.904    24.443
   585.877    20.852    24.443
   586.206    20.852    24.443
   586.316    20.801    24.443
   586.434    20.388    24.490
   586.559    20.027    24.490
   586.676    19.925    24.490
   586.799    19.718    24.395
   586.914    19.615    24.301
   587.024    19.512    24.254
   594.317    19.512    24.254
   594.428    19.512    24.301
   594.539    19.512    24.349
   594.769    19.512    24.349
   594.875    19.563    24.395
   594.982    19.615    24.443
   843.917    19.615    24.443
   844.035    19.563    24.538
   844.148    19.512    24.585
   844.264    19.151    24.443
   844.371    18.996    24.301
   844.488    18.894    24.207
   844.604    18.894    24.207
   844.723    18.739    24.112
   844.830    18.584    24.159
   844.941    18.533    24.159
   845.051    18.533    24.254
   845.165    18.584    24.538
   845.284    18.584    25.010
   845.502    18.584    25.010
   845.614    18.584    25.341
   845.729    18.584    25.436
   846.407    18.584    25.436
   846.520    19.615    25.956
   846.627    20.131    26.145
   846.732    20.594    26.665
   846.839    20.801    26.854
   846.949    21.316    27.091
   847.058    21.729    27.374
   847.166    22.038    27.705
   847.277    22.708    28.083
   847.387    23.275    28.320
   847.504    24.099    28.556
   847.612    24.718    28.745
   847.719    24.821    28.934
   847.828    24.203    29.360
   847.935    24.099    29.407
   848.042    24.099    29.454
   848.493    24.099    29.454
   848.609    24.151    29.502
   848.718    24.203    29.502
   848.838    24.254    29.502
   849.293    24.254    29.502
   849.407    24.254    29.360
   849.522    24.254    29.360
   849.631    24.254    29.265
   849.758    24.254    29.218
   849.868    24.151    29.171
   849.974    23.945    29.076
   850.081    23.326    28.745
   850.196    23.120    28.651
   850.307    22.862    28.509
   850.414    22.450    28.320
   850.524    22.089    28.178
   850.637    21.729    27.989
   850.771    21.264    27.752
   850.880    20.594    27.422
   851.001    20.027    27.091
   851.110    19.563    26.854
   851.220    19.306    26.712
   851.333    18.894    26.287
   851.448    18.636    25.719
   851.562    18.533    25.436
   851.669    18.378    24.538
   851.802    17.966    23.923
   851.913    17.450    23.119
   852.024    17.141    22.694
   852.132    17.089    22.315
   852.241    17.038    21.417
   852.362    17.296    20.850
   852.478    17.399    20.330
   852.600    17.399    19.951
   852.839    17.399    19.951
   852.957    17.708    20.377
   853.065    18.018    20.377
   853.174    18.687    20.188
   853.283    19.255    19.857
   853.395    19.615    19.621
   853.524    19.873    19.148
   853.638    19.976    18.817
   853.751    20.337    18.060
   853.863    20.594    17.540
   853.974    20.852    16.926
   854.085    21.007    16.547
   854.192    21.162    16.216
   854.301    21.625    15.555
   854.412    21.883    15.035
   854.523    22.244    14.278
   854.637    22.295    13.569
   854.758    22.141    12.860
   854.881    21.677    12.056
   854.994    21.523    11.631
   855.112    20.698    10.969
   855.218    20.286    10.543
   855.335    20.079    10.260
   855.443    20.233    10.118
   855.573    20.749    10.071
   855.683    21.316     9.976
   855.796    21.729     9.598
   855.913    22.089     9.361
   856.024    22.089     9.361
   856.140    22.192     9.361
   856.250    22.656     9.267
   856.363    23.068     9.267
   856.488    23.584     9.219
   856.609    24.151     9.219
   856.720    24.821     9.030
   856.845    25.234     8.888
   856.955    25.285     8.888
   857.065    25.285     8.888
   857.171    25.234     8.888
   857.289    25.130     8.888
   857.401    25.079     8.888
   857.511    24.975     8.888
   857.638    24.769     8.936
   857.751    24.718     8.936
   857.969    24.718     8.936
   858.077    24.615     8.936
   858.188    24.357     8.936
   859.430    24.357     8.936
   859.566    24.409     8.936
   860.007    24.409     8.936
   860.115    24.409     8.983
   861.452    24.409     8.983
   861.564    24.821     9.078
   861.688    25.182     9.125
   861.798    25.388     9.172
   861.916    25.388     9.172
   862.036    25.440     9.172
   862.147    25.491     9.172
   862.253    25.800     9.125
   862.478    25.800     9.125
   862.589    25.800     8.983
   862.700    25.800     8.888
   862.809    25.852     8.841
   863.276    25.852     8.841
   863.403    25.955     8.841
   865.534    25.955     8.841
   865.642    25.955     8.936
   867.441    25.955     8.936
   867.558    25.904     8.936
   869.476    25.904     8.936
   869.582    25.904     9.030
   869.696    25.852     9.267
   872.220    25.852     9.267
   872.335    26.006     9.267
   872.448    27.296     9.078
   872.565    27.553     9.030
   872.892    27.553     9.030
   873.008    27.656     9.030
   873.131    27.862     9.030
   873.241    28.120     9.030
   873.353    28.378     9.030
   873.463    28.533     9.078
   873.581    28.635     9.125
   873.694    28.739     9.219
   873.802    29.151     9.409
   873.912    29.305     9.456
   874.020    29.409     9.503
   874.129    29.460     9.503
   874.234    29.460     9.503
   874.345    29.821     9.456
   874.460    29.924     9.456
   874.568    29.924     9.456
   874.679    30.130     9.172
   874.797    30.388     8.983
   874.905    30.697     8.794
   875.033    30.955     8.652
   875.143    31.213     8.557
   875.262    31.573     8.463
   875.380    31.625     8.416
   875.487    31.625     8.416
   875.608    31.625     8.180
   875.722    31.625     8.132
   875.827    31.625     7.990
   875.943    31.522     7.659
   876.051    31.470     7.423
   876.158    31.419     7.045
   876.270    31.419     6.666
   876.380    31.573     6.619
   876.494    31.677     6.619
   876.615    31.883     6.666
   876.728    31.883     6.714
   877.845    31.883     6.714
   877.965    31.883     6.808
   879.312    31.883     6.808
   879.431    31.883     6.666
   879.540    31.883     6.572
   879.649    31.934     6.430
   879.760    31.934     6.336
   879.874    31.985     6.288
   880.004    32.244     6.146
   880.115    32.398     6.052
   880.238    32.759     5.863
   880.351    33.016     5.768
   880.460    33.275     5.626
   880.567    33.481     5.579
   880.676    33.841     5.579
   880.801    34.253     5.484
   880.929    34.666     5.484
   881.038    35.027     5.437
   881.146    35.336     5.295
   881.265    35.645     5.248
   881.379    36.058     5.106
   881.492    36.315     5.059
   881.603    36.521     5.012
   881.711    36.676     4.965
   882.075    36.676     4.965
   882.193    36.573     4.917
   882.302    36.573     4.917
   882.414    36.521     4.917
   882.526    36.264     4.917
   882.638    36.006     5.012
   882.748    35.851     5.059
   882.863    35.543     5.059
   882.997    35.490     5.059
   883.116    35.439     5.059
   883.224    35.439     5.106
   883.333    35.439     5.153
   883.670    35.439     5.153
   883.802    35.439     5.012
   883.929    35.439     4.965
   884.040    35.388     4.822
   884.151    35.388     4.822
   884.261    35.388     4.775
   884.368    35.388     4.681
   884.722    35.388     4.681
   884.831    35.388     4.634
   884.943    35.388     4.586
   885.048    35.388     4.586
   885.168    35.388     4.539
   889.093    35.388     4.539
   889.214    35.439     4.539
   889.320    35.490     4.492
   889.429    35.490     4.444
   890.115    35.490     4.444
   890.246    35.490     4.303
   890.356    35.490     4.255
   890.575    35.490     4.255
   890.684    35.490     4.208
   890.795    35.490     4.114
   890.926    35.490     3.972
   891.373    35.490     3.972
   891.483    35.490     3.783
   891.592    35.490     3.593
   891.705    35.490     3.546
   891.816    35.490     3.499
   893.505    35.490     3.499
   893.619    35.490     3.452
   895.534    35.490     3.452
   895.645    35.543     3.452
   895.757    35.543     3.452
   895.873    35.594     3.452
   895.982    35.697     3.452
   896.196    35.697     3.452
   896.307    35.903     3.452
   896.416    36.058     3.452
   896.523    36.264     3.452
   896.631    36.419     3.452
   896.747    36.625     3.404
   896.875    36.625     3.404
   896.996    36.831     3.357
   897.112    36.986     3.310
   897.225    37.192     3.262
   897.333    37.397     3.262
   897.443    37.552     3.215
   897.569    37.862     3.073
   897.677    38.274     2.979
   897.787    38.635     2.790
   897.891    38.738     2.600
   898.110    38.738     2.600
   898.237    38.738     2.553
   898.347    38.789     2.553
   898.793    38.789     2.553
   898.925    38.789     2.506
   899.586    38.789     2.506
   899.697    38.944     2.506
   899.801    38.995     2.600
   899.921    39.047     2.600
   900.030    39.150     2.600
   900.146    39.202     2.600
   900.256    39.408     2.600
   900.370    39.666     2.600
   900.484    39.769     2.600
   900.595    39.820     2.600
   900.705    39.924     2.648
   900.817    40.026     2.648
   900.926    40.181     2.790
   901.043    40.181     2.790
   901.167    40.232     2.790
   901.279    40.439     2.790
   901.398    40.800     2.790
   901.510    41.315     2.790
   901.628    41.779     2.742
   901.742    42.243     2.742
   901.852    42.604     2.695
   901.961    42.810     2.695
   902.086    42.965     2.695
   902.200    43.068     2.695
   902.312    43.119     2.695
   903.542    43.119     2.695
   903.650    45.851     2.033
   903.763    46.212     1.892
   904.090    46.212     1.892
   904.200    46.264     1.892
   904.308    46.315     1.892
   906.214    46.315     1.892
   906.326    46.366     1.892
   906.437    46.418     1.892
   906.548    46.521     1.986
   906.665    46.573     2.081
   906.775    46.728     2.364
   906.887    46.779     2.600
   906.995    46.779     2.742
   907.110    46.779     2.979
   907.216    46.779     3.073
   907.438    46.779     3.073
   907.558    46.779     3.121
   907.794    46.779     3.121
   907.918    46.830     3.121
   908.244    46.830     3.121
   908.354    46.676     3.262
   908.462    46.676     3.262
   908.570    46.573     3.310
   908.685    46.521     3.357
   908.814    46.418     3.452
   908.923    46.366     3.688
   909.031    46.315     4.066
   909.142    46.315     4.208
   909.248    46.315     4.255
   909.578    46.315     4.255
   909.687    46.315     4.397
   909.808    46.315     4.586
   910.029    46.315     4.586
   910.146    46.315     4.775
   910.383    46.315     4.775
   910.493    46.264     4.775
   910.607    45.851     4.539
   910.723    45.645     4.444
   910.834    45.490     4.350
   911.514    45.490     4.350
   911.620    45.336     4.161
   911.733    45.129     3.972
   911.840    45.027     3.877
   912.432    45.027     3.877
   912.538    44.975     3.783
   912.649    44.923     3.688
   912.766    44.923     3.688
   912.875    44.923     3.641
   913.000    44.923     3.499
   913.360    44.923     3.499
   913.465    44.872     3.357
   914.363    44.872     3.357
   914.473    44.820     3.357
   914.693    44.820     3.357
   914.807    44.408     3.121
   914.922    44.408     3.121
   915.047    44.305     3.073
   915.162    44.150     3.073
   915.277    43.531     3.026
   915.510    43.531     3.026
   915.621    43.377     3.026
   915.729    43.016     2.979
   915.839    42.759     2.931
   915.960    42.759     2.931
   916.089    42.655     2.931
   916.205    42.500     2.884
   916.316    42.449     2.884
   916.421    42.192     2.884
   916.530    42.192     2.884
   916.639    41.676     2.884
   916.756    41.522     2.884
   917.103    41.522     2.884
   917.217    41.418     2.979
   917.330    41.418     2.979
   917.443    41.263     3.026
   917.555    41.212     3.026
   917.663    41.161     3.073
   917.771    41.006     3.121
   917.879    40.800     3.121
   917.988    40.645     3.121
   918.324    40.645     3.121
   918.444    40.594     3.121
   918.550    40.542     3.121
   919.212    40.542     3.121
   919.321    40.542     3.073
   919.686    40.542     3.073
   919.798    40.491     3.026
   920.684    40.491     3.026
   920.792    40.387     2.979
   920.900    40.181     2.931
   921.345    40.181     2.931
   921.459    39.975     2.931
   921.579    39.924     2.931
   921.697    39.666     2.931
   921.805    39.408     2.931
   921.917    39.150     2.979
   922.027    38.893     3.026
   922.143    38.326     3.121
   922.263    38.119     3.121
   922.375    38.017     3.168
   922.487    37.965     3.168
   922.604    37.862     3.168
   922.711    37.655     3.121
   922.933    37.655     3.121
   923.041    37.604     3.121
   923.717    37.604     3.121
   923.831    37.192     3.121
   923.953    37.089     3.168
   924.079    36.831     3.310
   924.190    36.521     3.593
   924.307    36.264     3.830
   924.415    36.161     3.877
   924.526    35.697     3.877
   924.654    35.336     4.019
   924.762    34.821     4.161
   924.874    34.718     4.208
   924.997    34.718     4.208
   925.112    34.666     4.255
   925.224    34.614     4.303
   925.339    33.893     4.539
   925.446    32.708     4.775
   925.550    32.192     4.822
   925.656    31.831     4.870
   925.764    31.522     5.012
   925.874    31.213     5.201
   926.001    30.697     5.390
   926.122    30.440     5.532
   926.234    30.285     5.579
   926.341    30.182     5.626
   926.447    29.976     5.674
   926.560    29.770     5.674
   926.672    29.615     5.674
   926.787    29.305     5.674
   926.900    29.048     5.626
   927.006    28.790     5.532
   927.119    28.584     5.390
   927.232    28.378     5.343
   927.339    28.223     5.343
   927.453    27.656     5.248
   927.564    27.243     5.153
   927.675    26.883     5.106
   927.796    26.471     5.106
   927.908    26.213     5.106
   928.031    25.904     5.153
   928.153    25.388     5.248
   928.277    24.924     5.295
   928.383    24.512     5.295
   928.492    23.945     5.295
   928.601    23.636     5.295
   928.714    23.378     5.343
   928.822    23.172     5.532
   928.931    23.068     5.626
   929.045    22.760     5.910
   929.155    22.605     6.005
   929.288    22.089     6.336
   929.399    21.729     6.619
   929.509    21.162     6.856
   929.617    20.698     7.045
   929.726    20.337     7.281
   929.840    19.976     7.328
   929.950    19.615     7.376
   930.087    19.100     7.281
   930.197    18.481     7.139
   930.308    17.863     7.045
   930.419    17.141     6.950
   930.530    16.626     6.903
   930.642    15.904     6.856
   930.764    15.389     6.666
   930.881    15.285     6.430
   930.989    14.976     5.957
   931.111    14.667     5.721
   931.236    14.513     5.626
   931.569    14.513     5.626
   931.678    14.513     5.674
   931.813    14.254     5.674
   931.921    14.048     5.768
   932.028    13.584     5.910
   932.155    13.121     6.052
   932.262    12.760     6.288
   932.368    12.502     6.477
   932.478    12.502     6.525
   932.586    12.347     6.572
   932.696    12.296     6.572
   933.042    12.296     6.572
   933.156    12.296     6.619
   934.044    12.296     6.619
   934.152    12.090     6.619
   934.272    11.935     6.572
   934.384    11.832     6.572
   934.494    11.729     6.572
   934.612    11.677     6.572
   934.723    11.626     6.572
   934.836    11.523     6.572
   934.948    11.265     6.572
   935.059    11.059     6.572
   935.178    10.440     6.666
   935.288     9.873     6.714
   935.406     9.358     6.856
   935.528     8.894     6.950
   935.635     8.481     7.045
   935.744     8.069     7.092
   935.854     7.657     7.139
   935.964     7.244     7.234
   936.076     6.729     7.281
   936.187     6.317     7.376
   936.296     5.853     7.423
   936.408     5.389     7.470
   936.517     4.874     7.565
   936.648     4.564     7.565
   936.761     4.204     7.565
   936.871     3.894     7.565
   936.988     3.533     7.565
   937.102     3.327     7.423
   937.221     3.069     7.234
   937.328     3.018     7.092
   937.453     2.863     6.903
   937.560     2.812     6.761
   938.696     2.812     6.761
   938.804     2.709     6.761
   938.913     2.554     6.808
   939.023     2.348     6.856
   939.132     2.193     6.950
   939.241     1.987     6.997
   939.353     1.987     7.045
   939.946     1.987     7.045
   940.054     1.936     7.045
   941.389     1.936     7.045
   941.523     2.038     7.187
   941.636     2.090     7.187
   941.758     2.090     7.281
   941.866     2.193     7.328
   941.977     2.245     7.376
   942.087     2.245     7.659
   942.197     2.296     7.849
   942.306     2.296     7.896
   942.420     2.348     7.990
   942.527     2.400     8.368
   942.634     2.400     8.463
   942.752     2.400     8.699
   942.874     2.296     8.936
   942.993     2.142     9.219
   943.101     1.936     9.550
   943.215     1.781     9.787
   943.327     1.678    10.165
   943.447     1.678    10.449
   943.560     1.678    10.496
   943.686     1.678    10.638
   943.805     1.678    10.733
   943.916     1.678    10.827
   944.024     1.678    10.874
   944.135     1.678    10.874
   944.246     1.730    10.921
   944.355     1.832    10.921
   944.462     1.884    10.921
   944.573     1.884    10.921
   944.681     1.936    10.921
   945.159     1.936    10.921
   945.267     2.142    11.158
   945.371     2.451    11.300
   945.484     2.863    11.489
   945.595     3.327    11.536
   945.726     3.998    11.772
   945.851     4.358    11.820
   945.965     4.513    11.867
   946.072     4.616    11.914
   946.176     4.719    12.103
   946.287     5.131    13.001
   946.394     5.337    13.332
   946.506     5.441    13.380
   946.618     6.214    13.616
   946.727     6.574    13.901
   946.839     6.884    14.373
   946.958     7.038    14.704
   947.070     7.193    15.035
   947.186     7.348    15.460
   947.295     7.399    15.791
   947.405     7.399    16.028
   947.516     7.399    16.311
   947.625     7.399    16.737
   947.737     7.399    17.162
   947.847     7.038    17.635
   947.964     6.678    18.108
   948.073     6.162    18.486
   948.190     5.801    18.722
   948.299     5.543    18.912
   948.417     5.131    19.195
   948.529     4.770    19.384
   948.636     4.616    19.526
   948.745     4.564    19.668
   948.854     4.513    19.904
   948.977     4.513    20.188
   949.083     4.770    20.519
   949.192     5.235    20.755
   949.324     5.595    20.850
   949.430     5.698    21.275
   949.553     5.750    21.465
   949.670     5.956    21.512
   950.236     5.956    21.512
   950.346     6.059    22.504
   950.454     6.214    22.883
   950.570     6.420    23.545
   950.689     6.574    23.876
   950.803     7.142    24.159
   950.923     7.863    24.349
   951.047     8.327    24.538
   951.162     8.430    24.726
   951.276     8.430    25.057
   951.386     8.636    25.341
   951.496     8.946    25.672
   951.607     9.410    26.192
   951.723    10.079    26.807
   951.840    10.389    27.091
   951.956    10.801    27.374
   952.062    11.214    27.658
   952.173    11.523    27.894
   952.286    11.729    27.941
   952.397    12.245    27.989
   952.506    12.553    27.989
   952.616    12.760    28.036
   952.957    12.760    28.036
   953.068    12.811    28.036
   953.193    12.811    28.036
   953.321    12.966    28.036
   953.433    13.584    28.036
   953.542    14.048    28.036
   953.651    14.254    28.036
   953.764    14.976    28.036
   953.894    15.285    28.036
   954.011    15.956    28.036
   954.129    16.162    28.036
   954.241    16.213    28.036
   954.352    16.368    28.036
   954.463    16.728    28.178
   954.572    16.883    28.414
   954.696    17.038    28.745
   954.809    17.141    29.029
   954.916    17.399    29.407
   955.029    17.708    29.738
   955.143    17.914    29.975
   955.254    18.172    30.353
   955.366    18.584    30.825
   955.474    19.100    31.440
   955.587    19.461    32.197
   955.698    19.821    32.905
   955.808    20.131    33.567
   955.920    20.233    34.466
   956.050    20.233    35.222
   956.165    20.131    35.412
   956.277    19.873    35.458
   956.382    19.512    35.506
   956.491    19.255    35.601
   956.601    19.151    35.695
   956.706    19.100    35.789
   956.824    19.100    35.789
   956.933    18.945    35.931
   957.045    18.894    36.026
   957.154    18.894    36.310
   957.280    18.894    36.593
   957.387    18.894    36.641
   957.496    18.842    36.877
   957.609    18.687    36.972
   957.722    18.275    37.161
   957.833    18.224    37.208
   961.176    18.224    37.208
   961.286    18.224    37.255
   961.397    18.224    37.255
   961.514    18.326    37.161
   961.626    18.430    37.019
   961.733    18.430    36.830
   961.841    18.430    36.782
   961.949    18.430    36.735
   962.060    18.326    36.688
   962.176    18.224    36.593
   962.286    18.172    36.546
   962.399    18.172    36.546
   962.516    18.172    36.451
  1037.397    18.172    36.451
  1037.503    18.224    36.451
  1037.633    18.326    36.451
  1037.746    18.636    36.641
  1037.861    18.739    36.688
  1037.967    18.739    36.688
  1038.077    18.739    36.735
  1038.185    18.739    36.782
  1038.310    18.894    36.924
  1038.428    18.996    36.972
  1038.545    19.049    36.972
  1038.659    19.100    37.019
  1038.768    19.151    37.066
  1038.885    19.255    37.161
  1038.993    19.409    37.208
  1039.121    19.512    37.303
  1041.713    19.512    37.303
  1041.822    19.357    37.161
  1041.937    19.151    36.972
  1042.047    19.100    36.924
  1044.179    19.100    36.924
  1044.291    19.151    36.924
  1044.400    19.357    36.924
  1044.509    19.357    36.924
  1044.631    19.461    36.924
  1044.740    19.512    36.924
  1045.750    19.512    36.924
  1045.861    19.512    36.972
  1045.969    19.512    37.066
  1046.657    19.512    37.066
  1046.767    19.512    37.113
  1046.876    19.512    37.161
  1047.005    19.512    37.161
  1047.113    19.512    37.208
  1047.225    19.512    37.208
  1047.345    19.512    37.255
  1047.453    19.512    37.255
  1047.566    19.667    37.444
  1048.143    19.667    37.444
  1048.256    19.563    37.303
  1048.365    19.512    37.255
  1048.484    19.461    37.208
  1102.115    19.461    37.208
  1102.224    20.131    36.972
  1102.332    20.131    36.972
  1102.440    20.698    36.593
  1102.573    20.904    36.451
  1102.682    21.162    36.310
  1102.789    21.368    36.215
  1102.916    21.419    36.215
  1103.034    21.419    36.215
  1103.145    21.523    36.215
  1103.252    21.831    36.310
  1103.365    22.244    36.404
  1103.716    22.244    36.404
  1103.825    22.295    36.404
  1103.944    22.347    36.357
  1104.054    22.399    36.357
  1104.162    22.450    36.310
  1104.272    22.605    36.168
  1104.490    22.605    36.168
  1104.600    22.605    36.120
  1104.712    22.656    36.026
  1104.823    22.966    35.884
  1104.932    23.068    35.837
  1105.040    23.378    35.743
  1105.168    23.687    35.695
  1105.283    24.254    35.601
  1105.398    24.306    35.553
  1105.506    24.306    35.553
  1105.616    24.357    35.601
  1105.727    24.357    35.648
  1105.841    24.563    35.884
  1105.961    24.615    35.884
  1106.096    24.975    36.026
  1106.210    25.440    36.215
  1106.319    25.749    36.357
  1106.431    25.852    36.357
  1106.540    26.006    36.546
  1106.647    26.213    36.641
  1106.757    26.471    36.830
  1106.864    26.573    36.830
  1106.972    26.573    36.877
  1107.305    26.573    36.877
  1107.411    26.625    36.877
  1107.528    26.831    36.924
  1107.640    26.935    37.019
  1107.755    27.243    37.113
  1107.865    27.296    37.161
  1107.970    27.398    37.208
  1108.078    27.604    37.255
  1108.186    27.759    37.350
  1108.309    27.811    37.350
  1108.423    28.120    37.492
  1108.544    28.429    37.586
  1108.658    28.687    37.681
  1108.770    28.996    37.775
  1108.880    29.357    37.823
  1108.988    29.615    37.870
  1109.098    29.770    37.917
  1109.210    30.079    37.917
  1109.324    30.233    37.965
  1109.454    30.285    38.059
  1109.569    30.336    38.106
  1110.119    30.336    38.106
  1110.232    30.336    38.012
  1111.944    30.336    38.012
  1112.051    30.285    37.965
  1112.526    30.285    37.965
  1112.642    30.285    37.917
  1112.755    30.182    37.917
  1112.863    30.130    37.870
  1113.878    30.130    37.870
  1113.985    30.130    37.823
  1114.210    30.130    37.823
  1114.317    30.130    37.870
  1114.428    30.130    37.870
  1114.544    30.233    37.917
  1114.885    30.233    37.917
  1114.996    30.233    38.106
  1115.113    30.233    38.106
  1115.220    30.130    38.059
  1118.095    30.130    38.059
  1118.220    29.048    38.295
  1118.344    28.893    38.437
  1118.462    28.687    38.910
  1118.586    28.687    39.335
  1118.703    28.687    39.572
  1120.085    28.687    39.572
  1120.195    28.635    39.572
  1120.302    28.533    39.666
  1120.417    28.533    39.666
  1120.527    28.429    39.761
  1120.636    28.223    40.045
  1120.751    28.223    40.092
  1120.875    28.223    40.281
  1120.991    28.223    40.328
  1121.326    28.223    40.328
  1121.435    28.172    40.281
  1121.655    28.172    40.281
  1121.763    28.120    40.234
  1121.870    28.120    40.234
  1121.986    27.965    40.139
  1122.094    27.965    40.092
  1122.432    27.965    40.092
  1122.543    27.708    40.092
  1122.659    27.656    40.092
  1123.109    27.656    40.092
  1123.221    27.656    40.139
  1123.329    27.656    40.139
  1123.438    27.553    40.281
  1123.552    27.502    40.281
  1123.664    27.192    40.470
  1123.782    26.471    40.848
  1123.899    26.265    40.990
  1124.012    26.265    41.038
  1124.563    26.265    41.038
  1124.695    26.213    41.132
  1124.810    26.213    41.179
  1125.375    26.213    41.179
  1125.486    26.213    41.226
  1125.830    26.213    41.226
  1125.937    26.265    41.226
  1126.061    26.265    41.321
  1126.190    26.265    41.369
  1126.297    26.265    41.369
  1126.407    26.265    41.652
  1127.857    26.265    41.652
  1127.965    26.316    41.652
  1128.073    26.367    41.652
  1128.770    26.367    41.652
  1128.879    26.367    41.747
  1129.331    26.367    41.747
  1129.446    26.367    41.888
  1129.553    26.367    41.983
  1129.665    26.367    42.172
  1129.776    26.367    42.314
  1129.896    26.367    42.314
  1130.011    26.419    42.408
  1130.120    26.419    42.408
  1130.233    26.419    42.503
  1130.557    26.419    42.503
  1130.667    26.471    42.598
  1134.059    26.471    42.598
  1134.170    26.471    42.787
  1134.281    26.471    42.881
  1134.501    26.471    42.881
  1134.612    26.471    42.929
  1134.831    26.471    42.929
  1134.939    26.471    42.976
  1135.399    26.471    42.976
  1135.512    26.522    43.118
  1135.621    26.573    43.165
  1136.175    26.573    43.165
  1136.295    26.625    43.354
  1136.411    26.728    43.543
  1136.870    26.728    43.543
  1136.975    26.935    43.732
  1137.100    26.935    44.489
  1143.471    26.935    44.489
  1143.581    26.831    44.584
  1143.692    26.780    44.630
  1144.464    26.780    44.630
  1144.577    26.780    44.678
  1144.689    26.780    44.725
  1146.497    26.780    44.725
  1146.610    26.780    44.772
  1146.720    26.780    44.772
  1146.829    26.780    44.867
  1147.178    26.780    44.867
  1147.287    26.780    44.914
  1147.395    26.780    44.961
  1147.504    26.780    44.961
  1147.612    26.780    45.009
  1147.723    26.780    45.056
  1147.830    26.780    45.103
  1147.940    26.780    45.103
  1148.051    26.780    45.198
  1148.601    26.780    45.198
  1148.713    26.780    45.245
  1152.438    26.780    45.245
