     2.882    33.222    35.601
     2.987    33.171    35.458
    88.460    33.171    35.458
    88.570    33.171    35.412
    88.681    33.171    35.270
    88.816    33.171    35.033
    88.922    33.171    35.033
    89.030    33.171    34.939
    89.248    33.171    34.939
    89.363    33.171    34.891
    89.491    33.171    34.844
    89.610    33.171    34.797
    89.720    33.171    34.750
    89.829    33.171    34.702
    89.942    32.914    34.608
    90.054    32.604    34.560
    90.163    32.192    34.466
    90.278    31.779    34.419
    90.409    31.316    34.324
    90.520    31.109    34.277
    90.630    31.058    34.277
    90.738    30.852    34.229
    90.846    30.646    34.182
    90.953    30.079    34.182
    91.066    29.460    34.135
    91.177    28.893    34.135
    91.284    28.480    34.135
    91.397    28.274    34.135
    91.517    28.120    34.182
    91.627    27.965    34.182
    91.738    27.759    34.229
    91.848    27.553    34.277
    91.955    27.398    34.277
    92.066    27.192    34.371
    92.173    26.831    34.466
    92.301    26.265    34.608
    92.408    26.058    34.608
    92.515    25.904    34.608
    92.625    25.646    34.702
    92.737    25.440    34.797
    93.179    25.440    34.797
    93.285    25.336    34.891
    93.392    25.182    34.986
    93.500    25.028    35.175
    93.611    24.769    35.412
    93.720    24.769    35.458
    93.828    24.718    35.458
    93.941    24.563    35.506
    94.055    24.357    35.601
    94.173    23.893    35.837
    94.286    23.430    36.026
    94.395    23.068    36.262
    94.502    22.862    36.451
    95.161    22.862    36.451
    95.280    22.966    36.451
    95.398    23.017    36.451
    96.206    23.017    36.451
    96.323    22.811    36.593
    96.432    22.811    36.593
    96.542    22.811    36.641
    96.655    22.811    36.782
    96.763    22.811    36.782
    96.873    22.811    36.830
    96.982    22.811    36.877
    97.097    22.811    36.877
    97.207    22.811    37.019
    97.335    22.811    37.066
    97.447    22.811    37.066
    97.562    22.811    37.113
    97.676    22.760    37.350
    97.802    22.605    37.634
    97.909    22.554    37.775
    98.021    22.554    37.917
    98.136    22.501    38.154
    98.251    22.450    38.390
    98.366    22.399    38.626
    98.478    22.347    38.768
    98.597    22.295    38.958
    98.707    22.244    39.099
    98.817    22.192    39.288
   102.955    22.192    39.288
   103.082    22.089    39.619
   103.199    22.038    39.714
   103.306    21.986    39.761
   103.414    21.935    39.761
   103.527    21.935    39.761
   103.637    21.883    39.761
   104.316    21.883    39.761
   104.427    21.831    39.761
   104.533    21.780    39.477
   104.645    21.780    39.288
   104.753    21.780    39.241
   104.864    21.780    39.146
   104.974    21.780    39.099
   105.096    21.780    39.099
   105.224    21.831    39.099
   105.332    21.883    39.146
   105.438    21.883    39.288
   105.547    21.883    39.288
   105.660    21.883    39.430
   105.770    21.883    39.525
   105.877    21.935    39.619
   105.988    21.986    39.714
   106.097    22.141    39.808
   106.211    22.141    39.808
   106.321    22.295    39.808
   106.438    22.399    39.856
   108.178    22.399    39.856
   108.287    22.554    39.950
   108.396    22.656    40.139
   108.523    22.656    40.328
   108.858    22.656    40.328
   108.963    22.656    40.423
   109.290    22.656    40.423
   109.414    22.656    40.470
   109.764    22.656    40.470
   109.881    22.656    40.565
   112.600    22.656    40.565
   112.708    22.760    40.565
   113.160    22.760    40.565
   113.268    22.862    40.565
   113.378    22.914    40.565
   113.505    23.017    40.565
   113.615    23.223    40.565
   113.727    23.378    40.565
   113.834    23.738    40.612
   113.955    23.893    40.659
   114.065    24.099    40.754
   114.173    24.254    40.754
   114.291    24.306    40.754
   114.400    24.460    40.754
   114.524    24.563    40.754
   114.640    24.873    40.754
   114.753    25.234    40.801
   114.869    25.440    40.896
   114.978    25.594    40.943
   115.089    25.646    40.990
   115.204    25.697    40.990
   115.650    25.697    40.990
   115.774    26.058    41.132
   115.883    26.316    41.226
   115.993    26.316    41.226
   116.101    26.367    41.226
   116.209    26.367    41.226
   116.322    26.213    41.226
   116.448    25.904    41.226
   116.560    25.852    41.226
   116.682    25.955    41.226
   116.790    26.006    41.226
   116.898    26.006    41.226
   117.010    26.419    41.226
   117.240    26.419    41.226
   117.358    26.265    41.226
   117.472    26.006    41.226
   117.584    25.800    41.226
   118.023    25.800    41.226
   118.131    25.955    41.226
   118.587    25.955    41.226
   118.694    25.955    41.179
   118.801    25.955    41.132
   118.909    25.955    41.085
   121.090    25.955    41.085
   121.209    26.006    41.132
   121.332    26.058    41.321
   121.453    26.058    41.416
   121.562    26.058    41.510
   123.231    26.058    41.510
   123.339    26.213    41.557
   127.678    26.213    41.557
   127.813    26.367    41.557
   127.919    26.367    41.557
   128.028    26.419    41.557
   130.692    26.419    41.557
   130.801    26.471    41.557
   130.908    26.471    41.605
   131.021    26.471    41.652
   131.131    26.471    41.652
   131.246    26.471    41.700
   131.356    26.471    41.700
   131.461    26.471    41.747
   131.909    26.471    41.747
   132.021    26.471    41.794
   132.348    26.471    41.794
   132.461    26.471    41.841
   133.270    26.471    41.841
   133.376    26.471    41.936
   133.493    26.471    42.172
   133.608    26.471    42.172
   133.730    26.471    42.219
   133.838    26.471    42.267
   134.080    26.471    42.267
   134.192    26.471    42.314
   134.299    26.471    42.314
   134.409    26.471    42.361
   134.637    26.471    42.361
   134.759    26.471    42.408
   134.866    26.471    42.456
   135.206    26.471    42.456
   135.319    26.471    42.503
   135.429    26.471    42.598
   135.645    26.471    42.598
   135.752    26.471    42.645
   135.862    26.471    42.692
   135.972    26.471    42.739
   136.091    26.471    42.834
   136.208    26.471    42.834
   136.318    26.471    42.881
   136.428    26.471    42.929
   136.537    26.471    42.976
   136.653    26.471    43.023
   136.764    26.471    43.023
   136.898    26.471    43.070
   137.016    26.471    43.165
   137.568    26.471    43.165
   137.682    26.471    43.212
   137.916    26.471    43.212
   138.032    26.471    43.260
   138.142    26.471    43.354
   139.583    26.471    43.354
   139.691    26.522    43.401
   141.525    26.522    43.401
   141.636    26.471    43.449
   166.268    26.471    43.449
   166.380    26.471    43.496
   166.495    26.419    43.638
   166.606    26.419    43.732
   166.738    26.419    43.827
   166.847    26.419    43.874
   166.957    26.419    43.922
   167.174    26.419    43.922
