     4.700    42.945    33.958
    22.877    42.945    33.958
    22.980    42.579    33.678
    46.439    42.579    33.678
    46.539    41.907    34.350
    46.639    41.845    34.406
    47.447    41.845    34.406
    47.547    41.845    34.350
    47.647    41.907    34.238
    47.749    41.907    34.238
    47.848    41.968    34.238
    47.950    42.029    34.238
    48.151    42.029    34.238
    48.251    42.151    34.238
    48.352    42.334    34.238
    48.453    42.395    34.238
    49.458    42.395    34.238
    49.559    42.395    34.126
    49.659    42.395    33.958
    49.759    42.395    33.902
    49.861    42.395    33.846
    49.962    42.273    33.622
    50.063    42.212    33.566
    50.365    42.212    33.566
    50.465    42.212    33.734
    50.565    42.273    33.958
    50.666    42.273    34.014
    50.766    42.334    34.014
    50.868    42.395    34.014
    50.967    42.456    34.014
    51.168    42.456    34.014
    51.270    42.273    33.902
    51.371    42.212    33.902
    51.672    42.212    33.902
    51.774    42.151    33.902
    51.874    42.029    33.902
    51.975    42.029    33.902
    52.075    41.907    33.902
    52.175    41.723    33.902
    52.278    41.662    33.902
    52.378    41.540    33.902
    52.880    41.540    33.902
    52.981    41.356    33.902
    53.485    41.356    33.902
    53.584    40.439    34.406
    54.087    40.439    34.406
    54.188    40.133    34.631
    55.195    40.133    34.631
    55.296    39.950    34.856
    55.397    39.767    35.080
    55.497    39.645    35.248
    55.598    39.583    35.416
    55.698    39.522    35.472
    55.798    39.217    35.753
    55.900    39.156    35.809
    56.000    38.911    36.033
    56.101    38.606    36.313
    56.201    38.116    36.650
    56.302    37.810    36.762
    56.403    37.505    36.930
    56.804    37.505    36.930
    56.905    37.505    36.987
    57.005    37.505    36.987
    57.106    37.322    37.099
    57.208    37.199    37.267
    57.307    37.138    37.323
    57.410    36.833    37.547
    57.510    36.711    37.547
    57.611    36.649    37.547
    57.711    36.527    37.547
    57.811    36.283    37.547
    57.913    36.222    37.603
    58.013    36.099    37.603
    58.114    36.038    37.659
    58.213    35.916    37.659
    58.314    35.794    37.659
    58.415    35.794    37.715
    58.516    35.610    37.715
    58.617    35.549    37.715
    60.327    35.549    37.715
    60.428    35.488    37.771
    60.529    35.427    37.828
    60.629    35.427    37.828
    60.730    35.366    37.828
    60.831    35.366    37.884
    60.931    35.182    37.940
    61.031    35.060    37.940
    61.131    35.060    37.940
    61.232    34.999    37.940
    61.333    34.876    37.940
    61.534    34.876    37.940
    61.635    34.754    38.052
    64.954    34.754    38.052
    65.054    34.999    37.884
    65.157    35.060    37.884
    72.097    35.060    37.884
    72.198    34.999    37.940
    72.299    34.754    38.220
    72.399    34.693    38.276
    74.211    34.693    38.276
    74.311    34.326    38.220
    74.513    34.326    38.220
    74.613    34.204    38.332
    74.714    34.082    38.388
    75.015    34.082    38.388
    75.117    33.960    38.556
    75.216    33.715    38.781
    75.317    33.654    38.781
    75.418    33.654    38.893
    75.520    33.654    38.949
    75.821    33.654    38.949
    75.921    33.654    39.061
    76.022    33.593    39.117
    76.124    33.593    39.229
    76.224    33.593    39.229
    76.324    33.593    39.285
    76.425    33.410    39.454
    93.828    33.410    39.454
    93.929    33.349    39.173
    94.130    33.349    39.173
    94.230    33.410    39.117
    94.332    33.471    39.061
   149.997    33.471    39.061
   150.099    32.921    39.173
   150.200    32.799    39.285
   150.300    32.615    39.397
   150.401    32.432    39.397
   150.501    32.187    39.397
   150.602    32.187    39.397
   150.703    32.004    39.397
   150.803    31.881    39.454
   150.904    31.637    39.510
   151.003    31.637    39.566
   151.105    31.392    39.678
   151.206    31.331    39.678
   151.306    31.331    39.678
   151.408    31.270    39.678
   151.508    31.209    39.734
   151.809    31.209    39.734
   151.910    31.148    39.790
   152.010    31.148    39.790
   152.112    31.026    39.790
   152.212    30.415    40.071
   152.312    30.048    40.183
   152.414    29.926    40.239
   152.513    29.804    40.295
   152.614    29.804    40.351
   152.915    29.804    40.351
   153.016    29.681    40.407
   153.118    29.559    40.519
   155.230    29.559    40.519
   155.331    29.559    40.743
   155.431    29.498    40.856
   155.532    29.498    40.912
   155.633    29.498    40.912
   155.733    29.437    40.968
   163.381    29.437    40.968
   163.482    29.008    41.024
   163.583    28.764    41.136
   163.683    28.642    41.136
   163.784    28.336    41.136
   163.884    28.153    41.136
   163.984    27.847    41.136
   164.085    27.786    41.136
   164.186    27.786    41.080
   164.387    27.786    41.080
   164.489    27.725    40.968
   164.588    27.664    40.968
   172.638    27.664    40.968
   172.738    27.481    40.687
   172.838    26.992    40.127
   172.939    26.747    40.127
   187.960    26.747    40.127
   188.062    26.931    40.463
   188.162    26.931    40.743
   199.965    26.931    40.743
   200.066    26.992    41.080
   200.167    26.992    41.248
   204.190    26.992    41.248
   204.290    26.992    41.528
   204.392    26.625    42.202
   204.493    26.319    42.426
   204.591    26.319    42.650
   204.693    26.319    42.762
   204.793    26.319    42.818
   205.198    26.319    42.818
   205.297    26.625    42.987
   205.399    26.808    42.987
   209.331    26.808    42.987
