     5.365    47.224    38.500
    11.582    47.224    38.500
    11.682    47.285    38.556
    11.783    47.285    38.612
    11.885    47.347    38.612
    11.985    47.408    38.669
    23.362    47.408    38.669
    23.463    47.530    38.893
    23.563    47.775    39.173
    23.664    47.897    39.285
    24.167    47.897    39.285
    24.267    47.897    39.454
    24.470    47.897    39.454
    24.571    47.897    39.510
    24.673    47.897    39.566
    25.781    47.897    39.566
    25.882    47.958    39.566
    25.983    48.019    39.790
    26.084    48.141    39.846
    26.184    48.447    40.127
    26.385    48.447    40.127
    26.485    48.447    40.071
    27.393    48.447    40.071
    27.494    48.080    40.463
    27.595    48.019    40.519
    27.695    48.019    40.575
    27.896    48.019    40.575
    27.997    47.958    40.575
    28.098    47.775    40.575
    28.198    47.652    40.575
    28.300    47.408    40.575
    28.400    46.980    40.575
    28.501    46.796    40.575
    28.602    46.552    40.575
    28.702    46.246    40.743
    28.803    46.063    40.800
    28.904    45.757    40.800
    29.005    45.146    40.856
    29.103    44.046    40.912
    29.710    44.046    40.912
    29.809    43.801    40.856
    29.911    43.434    40.912
    30.012    43.312    40.968
    30.111    43.129    40.968
    30.213    42.884    40.968
    30.313    42.762    40.968
    30.414    42.334    40.968
    30.515    42.090    40.968
    30.615    42.029    41.024
    30.715    41.601    41.024
    30.816    40.683    41.192
    30.917    40.622    41.248
    31.017    40.439    41.304
    31.119    40.256    41.304
    31.924    40.256    41.304
    32.023    40.439    41.192
    32.126    40.500    41.192
    32.628    40.500    41.192
    32.728    40.622    41.192
    44.405    40.622    41.192
    44.507    40.561    41.192
    44.606    40.378    41.192
    44.708    40.195    41.192
    46.418    40.195    41.192
    46.519    40.256    41.192
    46.822    40.256    41.192
    46.923    40.195    41.192
    47.023    40.133    41.136
    47.125    40.133    41.024
    47.224    40.072    40.800
    47.324    40.011    40.800
    47.426    39.950    40.743
    47.526    39.889    40.687
    47.626    39.828    40.575
    47.727    39.706    40.575
    47.828    39.461    40.575
    47.929    39.339    40.575
    48.053    39.278    40.463
    48.145    39.095    40.239
    48.240    38.972    40.127
    48.341    38.545    39.678
    48.441    38.361    39.454
    48.543    38.361    39.397
    49.146    38.361    39.397
    49.247    38.239    39.005
    49.347    37.810    38.444
    49.448    37.749    38.332
    49.750    37.749    38.332
    49.852    37.627    38.332
    49.957    37.444    38.332
    50.058    37.199    38.276
    50.158    36.466    38.164
    50.258    36.344    38.164
    50.358    36.161    38.108
    50.460    35.916    38.108
    50.560    35.549    38.108
    50.762    35.549    38.108
    50.862    35.182    38.108
    50.964    34.938    38.108
    51.063    34.632    38.108
    51.164    34.449    38.108
    51.265    34.143    38.108
    51.365    34.082    38.108
    51.868    34.082    38.108
    51.969    33.838    38.108
    52.069    33.715    38.108
    52.171    33.715    38.108
    52.269    33.593    37.996
    52.371    33.410    37.940
    52.472    33.410    37.940
    52.572    33.349    37.884
    52.673    33.288    37.828
    52.773    33.226    37.828
    52.974    33.226    37.828
    53.074    33.226    37.771
    55.390    33.226    37.771
    55.489    33.226    37.715
    55.591    33.410    37.715
    55.993    33.410    37.715
    56.094    33.104    37.659
    57.401    33.104    37.659
    57.502    32.860    37.659
    57.602    32.799    37.659
    57.704    32.799    37.659
    57.805    32.738    37.659
    57.905    32.432    37.547
    58.006    32.248    37.547
    58.106    32.126    37.547
    58.208    32.004    37.547
    74.306    32.004    37.547
    74.407    32.248    37.547
    74.508    32.676    37.435
   215.054    32.676    37.435
   215.154    32.371    38.052
   215.255    32.187    38.220
   216.160    32.187    38.220
   216.260    31.942    38.500
   216.361    31.637    38.669
   216.865    31.637    38.669
   216.965    31.576    38.725
   217.066    31.515    38.725
   217.367    31.515    38.725
   217.469    31.453    38.837
   217.569    31.392    38.949
   217.669    31.331    38.949
   217.770    31.331    39.061
   217.871    31.331    39.061
   217.970    31.270    39.117
   218.072    31.270    39.117
   218.173    31.270    39.173
   218.273    31.270    39.229
   218.574    31.270    39.229
   218.676    31.270    39.341
   218.776    31.270    39.397
   224.711    31.270    39.397
   224.811    31.270    39.510
   224.912    31.270    39.622
   227.829    31.270    39.622
   227.930    31.270    39.734
   228.031    31.270    39.846
   228.132    31.270    39.902
   228.231    31.453    40.015
   228.332    31.515    40.015
   228.433    31.576    40.015
   228.533    31.759    40.127
   228.634    32.004    40.407
   229.238    32.004    40.407
   229.338    32.004    40.463
   229.438    32.065    40.519
   229.740    32.065    40.519
   229.841    32.126    40.519
   229.942    32.248    40.519
   230.043    32.371    40.519
   230.144    32.493    40.519
   231.853    32.493    40.519
   231.954    32.493    40.463
   236.180    32.493    40.463
   236.281    32.676    40.351
   236.683    32.676    40.351
   236.785    32.738    40.351
   236.885    33.043    40.351
   236.985    33.104    40.351
   237.087    33.288    40.351
   237.187    33.471    40.351
   237.287    33.593    40.351
   237.387    33.838    40.351
   237.488    34.021    40.351
   237.589    34.082    40.351
   237.689    34.143    40.351
   237.791    34.265    40.295
   237.892    34.388    40.295
   237.994    34.571    40.295
   238.095    34.815    40.295
   238.195    34.876    40.295
   238.296    34.876    40.295
   238.395    34.938    40.295
   238.496    35.182    40.351
   244.029    35.182    40.351
   244.131    35.305    40.351
   244.230    35.488    40.351
   244.331    35.672    40.351
   244.432    35.794    40.351
   244.532    35.855    40.351
   244.633    35.977    40.351
   244.834    35.977    40.351
   244.934    36.099    40.351
   245.036    36.161    40.351
   245.235    36.161    40.351
   245.337    36.466    40.351
   245.439    36.649    40.351
   246.142    36.649    40.351
   246.243    36.833    40.239
   246.443    36.833    40.239
   246.545    36.833    40.015
   246.646    37.199    39.790
   246.747    37.199    39.790
   246.847    37.260    39.790
   246.948    37.260    39.790
   247.049    37.382    39.790
   247.149    37.566    39.790
   247.249    37.749    39.790
   247.349    38.116    39.734
   247.450    38.177    39.734
   247.551    38.422    39.510
   247.650    38.483    39.397
   247.752    38.667    39.341
   247.852    38.667    39.341
   247.954    38.911    39.285
   248.054    39.522    39.117
   248.154    39.767    39.117
   248.255    39.950    39.117
   248.355    40.378    39.061
   248.457    41.050    38.725
   248.556    41.723    38.332
   248.758    41.723    38.332
   248.859    41.968    38.332
   248.960    42.212    38.332
   249.059    42.212    38.388
   251.272    42.212    38.388
   251.374    42.212    38.444
   253.387    42.212    38.444
   253.487    42.334    38.444
   253.687    42.334    38.444
   253.789    42.456    38.388
   253.990    42.456    38.388
   254.091    42.456    38.332
   254.191    42.518    38.220
   254.292    42.518    38.220
   254.391    42.579    38.220
   254.493    42.762    38.220
   254.595    43.190    38.108
   254.693    43.190    38.108
   254.795    43.251    38.108
   254.895    43.251    38.108
   254.997    43.617    38.108
   255.399    43.617    38.108
   255.499    43.617    38.052
   255.802    43.617    38.052
   255.902    43.617    37.996
   256.204    43.617    37.996
   256.304    43.679    37.996
   256.405    43.679    37.940
   256.506    43.679    37.940
   256.606    43.679    37.996
   256.707    43.679    37.940
   256.807    44.046    37.940
   256.908    44.290    37.940
   257.009    44.596    37.828
   257.110    44.718    37.828
   257.210    44.841    37.828
   257.310    45.329    37.771
   257.411    45.696    37.771
   257.513    45.879    37.771
   257.612    46.185    37.715
   257.713    46.246    37.715
   257.813    46.307    37.715
   257.914    46.552    37.715
   258.015    46.735    37.603
   258.115    46.857    37.603
   258.216    46.857    37.603
   258.317    46.857    37.491
   258.417    46.857    37.435
   258.518    46.918    37.379
   258.619    46.980    37.323
   258.720    46.980    37.323
   258.820    47.041    37.323
   258.921    47.102    37.323
   259.022    47.163    37.323
   259.625    47.163    37.323
   259.725    47.224    37.323
   259.826    47.347    37.379
   260.028    47.347    37.379
   260.129    47.530    37.379
   260.229    47.652    37.379
   260.932    47.652    37.379
   261.035    47.836    37.491
   261.135    48.264    37.547
   261.236    48.630    37.547
   261.336    49.058    37.547
   261.436    49.425    37.547
   261.537    49.791    37.547
   261.637    50.036    37.547
   261.738    49.852    37.435
   261.838    49.669    37.379
   262.242    49.669    37.379
   262.341    49.669    37.323
   262.441    50.097    37.491
   262.543    50.953    37.996
   262.642    51.320    38.388
   262.744    51.503    38.500
   262.845    51.686    38.556
   262.945    51.931    38.837
   263.046    52.114    39.061
   263.146    52.297    39.229
   263.247    52.297    39.229
   263.347    52.297    39.173
   263.750    52.297    39.173
   263.849    52.359    38.949
   263.951    52.420    38.500
   264.052    52.420    38.500
   264.152    52.420    38.444
   264.254    52.420    38.332
   264.353    52.420    38.276
   264.454    52.420    38.108
   264.553    52.420    37.603
   264.655    52.420    37.491
   264.755    52.420    37.491
   264.856    52.359    37.491
   265.057    52.359    37.491
   265.158    52.297    37.435
   265.260    52.297    37.379
   265.359    52.297    37.267
   267.172    52.297    37.267
   267.270    52.297    37.379
   267.371    52.297    37.435
   268.178    52.297    37.435
   268.277    52.175    37.435
   268.379    51.931    37.435
   268.480    51.748    37.435
   268.581    51.503    37.491
   268.681    51.442    37.491
   268.782    51.442    37.491
   268.883    51.442    37.547
   268.984    51.320    37.603
   269.084    51.259    37.659
   269.183    51.259    37.659
   269.285    51.198    37.715
   269.787    51.198    37.715
   269.888    51.075    37.771
   269.989    51.075    37.771
   270.090    51.075    37.828
   270.190    50.953    37.884
   270.291    50.953    37.940
   271.296    50.953    37.940
   271.397    50.892    37.940
   271.498    50.831    37.940
   271.598    50.648    37.996
   271.699    50.158    38.164
   271.799    49.547    38.332
   271.900    49.425    38.332
   272.001    49.241    38.444
   272.101    48.997    38.556
   272.202    48.813    38.612
   272.303    48.508    38.500
   272.403    48.202    38.388
   272.503    47.836    38.220
   272.604    47.714    37.996
   272.705    47.469    37.884
   272.805    47.041    37.547
   272.907    46.857    37.155
   273.007    46.735    36.818
   273.107    46.735    36.706
   273.208    46.735    36.425
   273.308    46.735    36.145
   273.409    46.735    36.033
   273.510    46.735    35.865
   273.609    46.735    35.865
   273.711    46.735    35.809
   274.114    46.735    35.809
   274.215    46.735    35.697
   274.314    46.735    35.528
   274.416    46.735    35.472
   274.515    46.735    35.472
   274.616    46.735    35.416
   274.718    46.735    35.360
   274.818    46.735    35.080
   274.919    46.735    34.856
   275.019    46.613    34.687
   275.121    46.613    34.631
   275.722    46.613    34.631
   275.824    46.490    34.575
   275.925    46.246    34.350
   276.025    46.002    34.182
   276.126    45.940    34.070
   276.930    45.940    34.070
   277.032    45.940    33.902
   277.132    46.002    33.229
   277.232    46.002    33.117
   277.533    46.002    33.117
   277.634    46.002    33.061
   277.735    46.002    33.005
   278.037    46.002    33.005
   278.137    46.002    32.949
   278.238    45.818    32.444
   278.339    45.757    32.388
   278.438    45.757    32.388
   278.540    45.696    32.276
   278.640    45.635    31.996
   278.741    45.635    31.939
   278.841    45.635    31.883
   279.446    45.635    31.883
   279.547    45.635    31.659
   279.646    45.635    31.659
   279.748    45.574    31.491
   279.847    45.574    31.434
   280.854    45.574    31.434
   280.955    45.452    31.434
   281.055    45.024    31.434
   281.861    45.024    31.434
   281.962    44.779    31.434
   282.062    44.535    31.491
   282.163    44.474    31.491
   282.263    44.474    31.491
   282.363    44.290    31.491
   282.465    44.229    31.547
   282.564    44.168    31.547
   282.666    44.107    31.547
   282.765    43.862    31.547
   282.867    43.801    31.547
   285.884    43.801    31.547
   285.985    43.679    31.547
   286.086    43.556    31.547
   286.186    43.434    31.547
   286.287    43.068    31.547
   286.386    42.823    31.603
   286.487    42.518    31.659
   286.588    42.334    31.715
   286.689    42.273    31.715
   286.789    42.090    31.715
   286.890    41.907    31.771
   286.991    41.907    31.771
   287.092    41.845    31.771
   287.192    41.723    31.827
   287.292    41.601    31.883
   287.694    41.601    31.883
   287.796    41.356    31.939
   287.896    41.295    31.939
   287.997    41.112    31.996
   288.500    41.112    31.996
   288.600    40.867    32.052
   288.700    40.683    31.996
   288.802    40.317    31.996
   288.902    40.133    31.939
   289.003    39.950    31.883
   289.103    39.828    31.771
   289.203    39.828    31.715
   289.303    39.889    31.603
   289.505    39.889    31.603
   289.606    39.950    31.603
   290.814    39.950    31.603
   290.914    39.767    31.715
   291.014    39.583    31.883
   291.116    39.583    31.883
   291.216    39.461    31.939
   291.317    39.156    32.220
   291.517    39.156    32.220
   291.618    38.728    32.500
   291.719    38.483    32.668
   291.819    38.116    32.781
   291.921    37.260    33.117
   292.021    37.077    33.229
   292.223    37.077    33.229
   292.324    36.588    33.341
   292.424    36.344    33.341
   292.525    36.099    33.341
   292.625    35.794    33.397
   292.726    34.999    33.509
   292.826    34.876    33.509
   292.928    34.693    33.509
   293.028    34.632    33.509
   293.128    34.571    33.509
   293.229    34.449    33.509
   293.330    34.326    33.622
   293.429    33.899    33.846
   293.531    33.776    34.014
   293.631    33.654    34.126
   293.731    33.532    34.238
   293.832    33.226    34.519
   293.933    32.982    34.743
   294.034    32.860    34.799
   295.040    32.860    34.799
   295.140    32.921    34.799
   295.241    32.921    34.799
   295.342    32.982    34.799
   295.441    33.104    34.799
   296.247    33.104    34.799
   296.347    32.860    34.799
   296.447    32.860    34.799
   296.548    32.738    34.799
   296.648    32.554    34.687
   296.750    32.309    34.687
   296.849    31.881    34.463
   296.950    31.515    34.350
   297.052    31.270    34.182
   297.152    31.148    34.070
   297.252    30.781    33.958
   297.353    30.598    33.902
   297.454    30.292    33.902
   297.554    29.926    33.734
   297.655    29.559    33.453
   297.756    29.314    33.229
   297.857    29.131    33.173
   297.958    29.070    33.117
   298.460    29.070    33.117
   298.560    29.192    33.061
   299.063    29.192    33.061
   299.165    29.437    33.061
   299.265    29.559    33.117
   299.365    29.681    33.117
   299.467    29.742    33.117
   299.969    29.742    33.117
   300.070    29.559    33.173
   300.171    29.375    33.285
   300.271    29.070    33.566
   300.371    28.947    33.734
   300.773    28.947    33.734
   300.874    28.886    33.790
   300.975    28.764    33.846
   301.075    28.703    33.958
   301.177    28.703    33.958
   301.277    28.580    34.126
   301.378    28.458    34.350
   301.477    28.275    34.463
   301.579    28.214    34.575
   301.678    28.153    34.799
   301.780    28.031    35.024
   301.881    27.908    35.136
   301.981    27.786    35.192
   302.082    27.664    35.304
   302.182    27.542    35.528
   302.283    27.419    35.697
   302.383    27.297    35.977
   302.483    27.236    36.145
   302.584    27.175    36.201
   302.685    26.931    36.369
   302.787    26.686    36.594
   302.887    26.503    36.874
   302.987    26.258    37.043
   303.088    25.891    37.323
   303.189    25.585    37.547
   303.290    25.524    37.603
   303.390    25.524    37.603
   303.491    25.524    37.547
   303.592    25.524    37.379
   303.692    25.524    37.323
   303.792    25.585    37.211
   303.893    25.585    37.155
   305.202    25.585    37.155
   305.302    25.585    37.211
   305.403    25.585    37.267
   305.806    25.585    37.267
   305.908    25.463    37.267
   306.009    25.463    37.323
   306.309    25.463    37.323
   306.410    25.463    37.379
   307.315    25.463    37.379
   307.416    25.341    37.323
   307.518    25.219    37.267
   307.618    25.219    37.211
   307.920    25.219    37.211
   308.021    25.280    37.211
   308.122    25.341    37.211
   310.233    25.341    37.211
   310.333    25.402    37.211
   310.636    25.402    37.211
   310.737    25.341    37.267
   310.838    25.158    37.435
   310.938    25.035    37.435
   311.039    24.974    37.435
   311.140    24.791    37.547
   311.241    24.669    37.603
   311.341    24.485    37.659
   311.441    24.302    37.715
   311.542    23.997    37.828
   311.642    23.630    37.996
   311.744    23.446    38.164
   311.844    23.446    38.220
   311.945    23.263    38.276
   312.045    23.263    38.276
   312.146    23.201    38.276
   312.246    22.529    38.444
   312.346    22.162    38.556
   312.447    21.918    38.556
   312.548    21.551    38.669
   312.648    21.062    38.669
   312.749    20.573    38.725
   312.849    20.206    38.781
   312.950    19.717    38.837
   313.052    19.350    38.949
   313.353    19.350    38.949
   313.453    19.412    38.949
   313.553    19.534    38.949
   313.654    19.839    38.949
   313.755    20.084    38.837
   314.157    20.084    38.837
   314.258    20.267    38.837
   314.559    20.267    38.837
   314.660    20.267    38.781
   318.082    20.267    38.781
   318.182    20.329    38.781
   318.283    20.329    38.781
   318.385    20.390    38.781
   318.484    20.573    38.725
   318.585    20.634    38.612
   320.698    20.634    38.612
   320.800    20.634    38.725
   320.899    20.634    38.725
   321.001    20.634    38.781
   321.503    20.634    38.781
   321.603    20.573    38.781
   321.735    20.573    38.949
   321.837    20.573    38.949
   321.936    20.573    39.005
   322.037    20.573    39.061
   322.138    20.634    39.061
   322.239    20.696    39.117
   322.340    20.757    39.117
   325.659    20.757    39.117
   325.760    20.879    39.117
   326.063    20.879    39.117
   326.164    20.879    39.005
   328.275    20.879    39.005
   328.376    21.185    39.061
   328.477    21.246    39.061
   328.578    21.246    39.061
   328.678    21.307    39.061
   328.779    21.368    39.061
   328.880    21.612    39.061
   328.980    21.735    39.061
   329.283    21.735    39.061
   329.383    21.796    39.061
   329.484    21.857    39.061
   329.584    21.857    39.061
   329.684    21.918    39.173
   329.785    21.979    39.229
   329.886    22.040    39.229
   329.986    22.162    39.285
   330.087    22.407    39.341
   330.188    22.590    39.341
   330.289    22.590    39.341
   330.389    22.651    39.454
   330.489    22.651    39.510
   330.590    22.651    39.510
   330.689    22.712    39.566
   330.791    22.773    39.566
   330.891    22.773    39.734
   331.093    22.773    39.734
   331.195    22.773    39.790
   331.497    22.773    39.790
   331.596    22.835    39.790
   338.538    22.835    39.790
   338.637    22.896    39.790
   339.143    22.896    39.790
   339.244    22.896    39.678
   382.912    22.896    39.678
   383.012    23.446    39.790
   383.112    23.507    39.790
   383.917    23.507    39.790
   384.017    23.507    39.902
   384.119    23.507    40.015
   384.218    23.507    40.183
   384.318    23.507    40.239
   384.420    23.507    40.295
   384.520    23.507    40.463
   384.621    23.630    40.575
   384.722    23.630    40.687
   384.924    23.630    40.687
   385.024    23.630    40.800
   388.143    23.630    40.800
   388.244    23.507    40.800
   388.344    23.507    40.800
   388.445    23.446    40.800
   395.289    23.446    40.800
   395.388    23.507    40.968
   395.488    23.569    40.968
   395.590    23.569    41.024
   395.690    23.630    41.024
   395.892    23.630    41.024
   395.993    23.691    41.136
   409.273    23.691    41.136
   409.374    23.813    41.136
   409.474    23.874    41.136
   409.675    23.874    41.136
   409.776    23.997    41.248
   409.877    23.997    41.248
   409.977    24.058    41.248
   410.078    24.058    41.248
   410.178    24.119    41.304
   410.280    24.119    41.360
   410.681    24.119    41.360
   410.782    24.119    41.472
   410.883    24.180    41.584
   410.983    24.180    41.584
   411.085    24.241    41.584
   411.286    24.241    41.584
   411.386    24.302    41.697
   412.494    24.302    41.697
   412.593    24.302    41.921
   412.694    24.302    41.977
   414.807    24.302    41.977
   414.907    24.669    41.977
   415.009    24.730    41.977
   415.108    24.791    42.033
   415.210    24.791    42.033
   415.309    24.852    42.090
   415.410    24.974    42.090
   415.511    25.158    42.146
   415.611    25.341    42.258
   415.713    25.707    42.258
   415.812    25.830    42.258
   416.517    25.830    42.258
   416.618    25.830    42.314
   418.327    25.830    42.314
   418.428    25.646    42.258
   418.529    25.524    42.146
   418.831    25.524    42.146
   418.931    25.524    42.202
   419.032    25.463    42.202
   419.133    25.463    42.146
   419.534    25.463    42.146
   419.635    25.524    42.146
   422.352    25.524    42.146
   422.453    25.524    42.202
   422.553    25.585    42.426
   422.654    25.830    42.650
   422.754    25.891    42.706
   422.855    25.952    42.706
   422.955    25.952    42.706
   423.056    26.136    42.706
   423.157    26.197    42.706
   423.459    26.197    42.706
   423.558    26.074    42.706
   423.659    25.952    42.706
   423.760    25.952    42.706
   423.861    25.952    42.762
   423.962    26.136    42.818
   424.063    26.136    42.874
   424.164    26.197    42.874
   424.264    26.258    42.874
   424.364    26.319    42.931
   424.667    26.319    42.931
   424.766    26.380    42.931
   424.868    26.441    42.931
   424.968    26.686    42.931
   425.571    26.686    42.931
   425.672    26.686    43.043
   425.974    26.686    43.043
   426.074    26.686    43.099
   426.177    26.686    43.155
   426.376    26.686    43.155
   426.477    26.686    43.211
   426.577    26.686    43.211
   426.678    26.686    43.267
   426.779    26.747    43.323
   426.881    26.747    43.435
   426.981    26.747    43.435
   427.082    26.747    43.491
   427.182    26.747    43.547
   427.282    26.747    43.603
   427.383    26.747    43.603
   427.483    26.747    43.659
   427.584    26.747    43.659
   427.684    26.747    43.828
   427.885    26.747    43.828
   427.987    26.747    43.884
   428.087    26.747    43.940
   428.188    26.747    44.108
   428.288    26.747    44.220
   428.690    26.747    44.220
   428.792    26.747    44.276
   429.095    26.747    44.276
   429.196    26.747    44.332
   429.296    26.747    44.332
   429.397    26.747    44.389
   429.800    26.747    44.389
   429.900    26.747    44.445
   430.403    26.747    44.445
   430.504    26.747    44.613
   430.604    26.747    44.613
   430.704    26.747    44.669
   430.805    26.686    44.781
   430.905    26.686    44.837
   431.107    26.686    44.837
   431.207    26.625    44.893
   431.308    26.625    44.949
   431.912    26.625    44.949
