     3.422    14.212    12.430
     3.914    14.212    12.430
     4.024    14.167    12.430
     4.133    14.080    12.430
     4.576    14.080    12.430
     4.684    13.948    12.209
     4.795    13.904    12.076
     4.904    13.729    11.811
     5.015    13.685    11.767
     5.125    13.553    11.590
     5.243    13.466    11.369
     5.366    13.378    11.148
     5.474    13.334    10.926
     5.592    13.290    10.838
     5.705    13.290    10.750
     5.923    13.290    10.750
     6.029    13.290    10.572
     6.140    13.290    10.484
     6.267    13.290    10.351
     6.377    13.290    10.219
     6.486    13.290    10.130
     6.611    13.334     9.954
     6.721    13.334     9.909
     6.827    13.334     9.909
     6.936    13.334     9.821
     7.049    13.334     9.732
     7.160    13.334     9.600
     7.266    13.334     9.600
     7.372    13.334     9.555
     7.489    13.509     9.555
     7.617    13.597     9.600
     7.841    13.597     9.600
     7.952    13.378     9.600
     8.061    13.334     9.600
     8.167    13.334     9.600
     8.276    13.114     9.776
     8.388    13.114     9.821
     8.498    13.114     9.821
     8.610    13.071    10.042
     8.730    13.071    10.086
     8.842    13.071    10.086
     8.952    13.071     9.909
     9.062    13.071     9.644
     9.175    13.071     9.511
     9.282    13.071     9.378
     9.391    13.071     9.113
     9.501    13.071     9.069
     9.612    13.071     8.892
     9.724    13.027     8.759
     9.849    12.895     8.538
     9.972    12.852     8.450
    10.079    12.852     8.405
    10.632    12.852     8.405
    10.743    12.807     8.405
    10.864    12.720     8.317
    11.209    12.720     8.317
    11.325    12.676     8.317
    11.431    12.588     8.317
    11.544    12.500     8.317
    11.663    12.281     8.273
    11.769    12.106     8.228
    11.890    12.018     8.228
    12.004    11.930     8.228
    12.129    11.886     8.228
    12.342    11.886     8.228
    12.450    11.754     8.228
    12.562    11.667     8.184
    12.673    11.623     8.184
    12.784    11.579     8.184
    12.891    11.403     8.184
    13.006    11.184     8.184
    13.115    11.096     8.184
    13.224    11.096     8.184
    13.332    11.053     8.184
    13.451    11.053     8.184
    13.562    10.921     8.184
    13.781    10.921     8.184
    13.888    10.877     8.184
    13.996    10.789     8.184
    14.108    10.746     8.184
    14.211    10.701     8.184
    20.735    10.701     8.184
    20.842    10.789     8.140
    20.947    10.789     8.140
    21.054    10.833     8.096
    21.936    10.833     8.096
    22.042    10.877     8.096
    22.152    10.965     8.096
    22.260    11.008     8.096
    22.382    11.140     7.963
    22.488    11.140     7.963
    22.599    11.140     7.875
   147.883    11.140     7.875
   147.991    11.140     7.919
   156.534    11.140     7.919
   156.652    11.053     7.919
   258.897    11.053     7.919
   259.006    10.701     8.007
   259.125    10.570     8.140
   259.231    10.394     8.184
   259.345    10.351     8.228
   290.436    10.351     8.228
   290.542    10.351     8.317
   291.088    10.351     8.317
   291.209    10.482     8.273
   291.333    10.526     8.273
   294.048    10.526     8.273
   294.154    10.438     8.228
   294.259    10.394     8.184
   346.575    10.394     8.184
   346.688    10.307     8.317
   346.796    10.263     8.494
   346.902    10.263     8.582
   347.010    10.263     8.803
   347.449    10.263     8.803
   347.557    10.263     8.759
   348.348    10.263     8.759
   348.459    10.219     8.626
   348.566    10.131     8.538
   348.682    10.087     8.450
   348.790     9.955     8.405
   348.913     9.955     8.405
   349.037     9.912     8.405
   349.146     9.824     8.273
   349.252     9.824     8.273
   349.360     9.780     8.273
   349.791     9.780     8.273
   349.910     9.736     8.273
   350.457     9.736     8.273
   350.567     9.473     8.228
   351.788     9.473     8.228
   351.891     9.473     8.096
   351.994     9.473     8.096
   352.102     9.473     8.052
   352.211     9.473     7.963
   352.320     9.298     7.698
   352.425     9.298     7.698
   352.533     9.166     7.609
   352.638     8.946     7.432
   352.748     8.946     7.388
   352.853     8.903     7.300
   352.962     8.903     7.256
   353.069     8.903     7.167
   353.178     8.991     6.857
   353.298     9.034     6.769
   353.411     9.034     6.681
   353.516     9.034     6.636
   353.625     8.991     6.415
   353.731     8.991     6.282
   353.838     8.991     6.238
   353.949     8.946     6.149
   354.057     8.946     6.106
   354.164     8.903     5.973
   354.291     8.859     5.752
   354.396     8.859     5.663
   354.519     8.815     5.486
   354.637     8.815     5.486
   354.750     8.815     5.442
   354.874     8.815     5.309
   354.981     8.815     5.177
   355.086     8.815     4.911
   355.193     8.815     4.823
   355.301     8.815     4.513
   355.408     8.815     4.469
   355.514     8.815     4.292
   355.628     8.859     4.159
   355.737     8.903     4.071
   355.852     8.903     4.027
   355.969     8.903     3.894
   356.077     8.991     3.673
   356.186     9.166     3.186
   356.311     9.210     2.965
   356.422     9.122     2.921
   356.530     9.122     2.921
   356.637     9.034     2.788
   356.753     9.034     2.700
   356.869     8.859     2.434
   356.987     8.815     2.301
   357.091     8.815     2.257
   358.297     8.815     2.257
   358.412     8.815     2.390
   358.530     8.815     2.390
   358.640     8.903     2.479
   358.747     8.903     2.479
   358.853     9.034     2.523
   358.961     9.473     2.523
   359.075     9.692     2.523
   359.183     9.912     2.523
   359.290    10.043     2.567
   359.395    10.263     2.611
   359.502    10.438     2.611
   359.611    10.701     2.611
   359.722    11.053     2.655
   359.842    11.360     2.700
   359.961    11.711     2.700
   360.073    11.930     2.700
   360.179    12.237     2.700
   360.288    12.544     2.788
   360.393    12.588     2.788
   360.504    12.676     2.788
   360.608    12.720     2.788
   360.716    12.720     2.788
   360.821    12.764     2.788
   361.030    12.764     2.788
   361.142    12.764     2.832
   365.729    12.764     2.832
   365.845    12.852     2.832
   365.953    12.939     2.832
   366.065    12.939     2.832
   366.174    12.983     2.832
   366.286    13.114     2.876
   366.408    13.159     2.876
   366.515    13.334     2.921
   366.623    13.334     2.921
   366.728    13.421     2.965
   367.304    13.421     2.965
   367.413    13.466     2.965
   367.521    13.553     3.009
   367.627    13.641     3.230
   367.742    14.255     3.496
   367.847    14.299     3.496
   368.059    14.299     3.496
   368.167    14.299     3.452
   368.274    14.299     3.363
   368.493    14.299     3.363
   368.612    14.343     3.363
   369.383    14.343     3.363
   369.490    14.562     3.363
   369.595    14.650     3.363
   369.701    14.826     3.363
   369.808    14.913     3.363
   370.599    14.913     3.363
   370.708    14.826     3.363
   370.815    14.738     3.363
   370.921    14.606     3.275
   374.985    14.606     3.275
   375.091    14.475     3.186
   375.200    14.212     2.965
   375.310    14.124     2.876
   375.639    14.124     2.876
   375.775    14.124     2.832
   376.004    14.124     2.832
   376.117    14.167     2.744
   376.236    14.212     2.567
   376.340    14.212     2.523
   376.446    14.299     2.479
   376.551    14.299     2.390
   376.662    14.343     2.169
   376.768    14.343     2.169
   376.892    14.343     2.080
   376.996    14.343     1.904
   377.111    14.343     1.771
   377.219    14.387     1.683
   377.334    14.431     1.594
   377.439    14.431     1.505
   377.547    14.431     1.373
   377.654    14.475     1.329
   378.203    14.475     1.329
   378.311    14.475     1.373
   378.419    14.431     1.550
   379.192    14.431     1.550
   379.298    14.431     1.594
   379.408    14.299     1.594
   379.514    14.212     1.550
   379.627    13.773     1.461
   379.738    13.421     1.417
   379.955    13.421     1.417
   380.088    13.378     1.417
   380.198    13.334     1.417
   380.314    13.202     1.373
   380.420    12.939     1.373
   380.524    12.852     1.329
   380.640    12.852     1.329
   380.763    12.720     1.329
   380.868    12.544     1.550
   380.986    12.544     1.594
   381.088    12.149     1.815
   381.209    12.018     1.904
   381.319    11.974     2.036
   381.430    11.842     2.390
   381.536    11.842     2.390
   381.642    11.842     2.523
   381.748    11.842     2.744
   381.854    11.799     3.186
   381.962    11.799     3.319
   382.070    11.754     3.584
   382.180    11.754     3.628
   382.287    11.754     3.805
   382.396    11.754     3.850
   382.727    11.754     3.850
   382.834    11.535     3.982
   382.938    11.447     4.071
   383.152    11.447     4.071
   383.260    11.579     4.203
   383.370    11.623     4.380
   383.476    11.447     4.955
   383.585    11.447     4.955
   383.690    11.447     4.999
   383.798    11.535     5.265
   383.904    11.579     5.531
   384.012    11.579     5.663
   384.222    11.579     5.663
   384.337    11.579     5.840
   384.444    11.579     5.840
   384.554    11.579     5.928
   384.672    11.579     6.327
   384.785    11.535     6.503
   384.895    11.491     6.724
   385.002    11.491     6.902
   385.106    11.447     7.300
   385.223    11.447     7.521
   385.330    11.447     7.830
   385.442    11.491     8.140
   385.548    11.535     8.228
   385.658    11.535     8.228
   385.769    11.579     8.538
   385.883    11.667     8.803
   385.993    11.754     9.113
   386.099    11.886     9.334
   386.211    12.149     9.821
   386.330    12.413    10.175
   386.436    12.413    10.175
   386.541    12.413    10.219
   386.646    12.413    10.351
   386.753    12.413    10.396
   386.861    12.413    10.440
   387.304    12.413    10.440
   387.413    12.500    10.617
   387.519    12.720    10.971
   387.636    12.939    11.369
   387.756    13.027    11.590
   387.878    13.114    11.723
   387.983    13.202    11.900
   388.093    13.466    12.165
   388.201    13.597    12.298
   388.317    13.729    12.563
   388.422    13.860    12.696
   388.528    13.992    12.873
   388.645    14.080    13.005
   388.769    14.212    13.050
   388.882    14.255    13.050
   388.988    14.782    13.182
   389.099    14.913    13.182
   389.423    14.913    13.182
   389.528    14.913    13.271
   389.636    14.913    13.271
   389.763    14.913    13.492
   389.888    14.913    13.757
   389.997    14.869    13.890
   390.103    14.869    13.978
   390.225    14.826    14.023
   390.541    14.826    14.023
   390.648    14.738    14.023
   391.212    14.738    14.023
   391.331    14.738    13.890
   391.439    14.738    13.802
   391.548    14.738    13.802
   391.658    14.957    13.978
   391.765    15.045    14.111
   391.880    15.133    14.421
   391.989    15.176    14.686
   392.096    15.308    14.819
   392.205    15.528    14.907
   392.317    15.703    14.996
   392.424    15.835    14.996
   392.537    15.922    14.996
   392.649    16.361    14.996
   392.755    16.405    14.996
   392.867    16.405    14.996
   392.974    16.581    14.996
   393.093    16.932    14.996
   393.202    17.063    14.996
   393.306    17.282    14.996
   393.418    17.370    14.996
   393.639    17.370    14.996
   393.747    17.282    14.996
   394.734    17.282    14.996
   394.841    17.020    14.996
   394.949    16.756    15.040
   395.055    16.713    15.040
   395.167    16.713    15.040
   395.297    16.713    15.217
   395.402    16.888    15.349
   395.521    17.063    15.571
   395.636    17.195    15.659
   395.754    17.458    15.924
   395.866    17.502    15.969
   395.971    17.414    16.013
   396.084    17.282    16.013
   396.200    17.282    16.013
   396.324    17.195    16.323
   396.432    17.239    16.677
   396.538    17.239    16.809
   396.645    17.195    17.031
   396.758    17.239    17.384
   396.869    17.282    17.561
   396.971    17.282    17.694
   397.076    17.370    17.827
   397.201    17.458    17.915
   397.529    17.458    17.915
   397.635    17.458    17.959
   397.747    17.327    18.180
   397.852    17.327    18.313
   397.959    17.327    18.490
   398.179    17.327    18.490
   398.285    17.327    18.711
   398.391    17.327    18.800
   398.501    17.239    19.109
   398.832    17.239    19.109
   398.940    17.195    19.109
   400.943    17.195    19.109
   401.054    17.107    19.197
   401.162    17.107    19.197
   401.268    17.063    19.286
   401.809    17.063    19.286
   401.924    16.975    19.330
   402.367    16.975    19.330
   402.490    16.975    19.463
   405.646    16.975    19.463
   405.753    16.932    19.463
   407.850    16.932    19.463
   407.958    16.888    19.640
   408.087    16.888    19.684
   420.476    16.888    19.684
   420.586    16.888    19.950
   420.692    16.888    20.171
   420.800    16.888    20.480
   420.913    16.888    20.613
   421.020    16.888    20.613
   421.127    16.888    20.746
   421.243    16.888    20.746
   421.355    16.800    20.834
   421.476    16.756    20.834
   421.584    16.668    20.834
   425.319    16.668    20.834
   425.432    16.668    21.011
   425.538    16.668    21.011
   425.652    16.668    21.232
   426.217    16.668    21.232
   426.324    16.668    21.188
   432.071    16.668    21.188
   432.180    16.405    21.321
   432.284    16.098    21.586
   432.390    16.098    21.586
   432.503    16.098    21.630
   432.606    16.229    21.675
   432.928    16.229    21.675
   433.034    16.229    21.719
   433.144    16.229    21.807
   457.384    16.229    21.807
   457.491    16.186    21.719
   457.596    16.186    21.630
   457.707    16.142    21.542
   457.817    16.142    21.454
   457.924    16.142    21.409
   458.030    16.142    21.365
   458.160    16.054    21.365
   458.280    16.054    21.321
   458.387    16.054    21.321
   458.515    16.054    21.144
   458.829    16.054    21.144
   458.938    16.010    21.188
   467.536    16.010    21.188
   467.644    15.922    21.365
   467.758    15.835    21.586
   467.882    15.747    21.763
   468.429    15.747    21.763
   468.537    15.747    21.807
   469.200    15.747    21.807
   469.310    15.835    21.984
   469.416    15.879    22.161
   469.527    15.967    22.382
   469.634    15.967    22.382
   469.743    16.010    22.471
   469.848    16.054    22.604
   469.955    16.054    22.648
   470.170    16.054    22.648
   470.279    16.142    22.825
   470.389    16.186    22.913
   472.044    16.186    22.913
   472.172    16.186    22.957
   472.278    16.229    23.001
   475.999    16.229    23.001
   476.106    16.274    23.090
   476.208    16.274    23.090
   476.318    16.361    23.134
   476.558    16.361    23.134
   476.669    16.405    23.134
   477.660    16.405    23.134
   477.767    16.449    23.178
   481.294    16.449    23.178
   481.400    16.493    23.178
   481.721    16.493    23.178
   481.837    16.361    23.178
   481.958    16.229    23.178
   485.293    16.229    23.178
   485.401    16.142    23.178
   487.919    16.142    23.178
   488.030    16.142    23.267
   488.136    16.142    23.488
   488.252    16.142    23.577
   488.359    16.274    23.798
   488.467    16.405    23.886
   489.584    16.405    23.886
   489.688    16.405    24.019
   489.795    16.405    24.152
   489.900    16.405    24.328
   490.010    16.449    24.505
   490.114    16.493    24.549
   490.231    16.581    24.594
   490.339    16.625    24.594
   490.454    16.756    24.638
   490.780    16.756    24.638
   490.888    16.756    24.859
   491.006    16.756    25.036
   491.110    16.756    25.124
   491.218    16.756    25.213
   492.304    16.756    25.213
   492.410    16.800    25.036
   498.326    16.800    25.036
   498.432    16.932    25.036
   498.540    16.932    25.036
   498.646    16.975    25.036
   498.758    16.975    24.903
   498.866    16.975    24.859
   498.968    16.975    24.859
   499.077    16.975    24.815
   510.880    16.975    24.815
   511.001    16.844    24.815
   511.105    16.756    24.815
   511.220    16.713    24.815
   511.325    16.713    24.815
   511.433    16.668    24.815
   511.540    16.625    24.682
   511.648    16.625    24.549
   511.972    16.625    24.549
   512.078    16.537    24.505
   519.205    16.537    24.505
   519.315    16.668    24.594
   519.906    16.668    24.594
   520.015    16.668    24.638
   520.121    16.713    24.682
   520.229    16.713    24.727
   520.873    16.713    24.727
   520.979    16.713    24.770
   521.192    16.713    24.770
   521.300    16.756    24.770
   521.977    16.756    24.770
   522.088    16.800    24.815
   524.111    16.800    24.815
   524.216    16.844    24.815
   525.210    16.844    24.815
   525.319    16.844    24.859
   527.394    16.844    24.859
   527.499    16.844    24.948
   527.620    16.844    25.080
   531.480    16.844    25.080
   531.592    16.844    25.124
   531.699    16.932    25.124
   532.805    16.932    25.124
   532.914    16.975    25.124
   534.235    16.975    25.124
   534.342    17.020    25.124
   542.478    17.020    25.124
   542.588    17.151    25.080
   542.695    17.239    25.080
   542.828    17.282    25.036
   542.935    17.282    25.036
   543.040    17.370    24.992
   543.159    17.370    24.992
   543.274    17.546    24.948
   543.381    17.589    24.948
   544.943    17.589    24.948
   545.050    17.546    24.948
   546.905    17.546    24.948
   547.014    17.502    24.948
   548.858    17.502    24.948
   548.965    17.502    24.992
   562.582    17.502    24.992
   562.694    17.502    25.036
   570.023    17.502    25.036
   570.131    17.677    24.727
   570.274    17.677    24.727
   570.387    17.677    24.859
   570.495    17.677    24.992
   583.290    17.677    24.992
   583.395    17.677    25.036
   589.246    17.677    25.036
   589.359    17.677    25.257
   589.470    17.677    25.257
   589.583    17.677    25.302
   591.896    17.677    25.302
   592.007    17.809    25.302
   592.443    17.809    25.302
   592.549    17.809    25.346
   594.528    17.809    25.346
   594.638    17.897    25.346
   594.743    17.897    25.257
   594.851    17.897    25.213
   594.956    17.897    25.124
   595.067    17.677    24.992
   595.173    17.589    24.903
   595.293    17.589    24.727
   595.399    17.589    24.594
   595.519    17.546    24.505
   595.629    17.546    24.505
   595.735    17.502    24.461
   595.844    17.414    24.461
   595.953    17.370    24.417
   596.170    17.370    24.417
   596.286    17.370    24.284
   596.395    17.370    24.196
   596.847    17.370    24.196
   596.951    17.370    24.063
   597.057    17.370    24.019
   597.706    17.370    24.019
   597.822    17.327    24.019
   601.036    17.327    24.019
   601.143    17.282    24.107
   601.253    17.282    24.152
   601.356    17.282    24.196
   601.463    17.282    24.240
   602.467    17.282    24.240
   602.580    17.282    24.284
   602.685    17.282    24.328
   602.791    17.282    24.328
   602.898    17.282    24.417
   603.006    17.282    24.461
   604.116    17.282    24.461
   604.220    17.239    24.505
   604.327    17.239    24.505
   604.439    17.195    24.549
   604.548    17.195    24.549
   604.656    17.195    24.638
   607.850    17.195    24.638
   607.978    17.195    24.770
   608.093    17.239    24.992
   608.202    17.327    25.080
   608.416    17.327    25.080
   608.522    17.327    25.124
   610.408    17.327    25.124
   610.527    17.282    25.080
   610.740    17.282    25.080
   610.851    17.282    25.036
   610.957    17.282    25.036
   611.064    17.282    24.992
   612.581    17.282    24.992
   612.688    17.282    24.948
   614.455    17.282    24.948
   614.562    17.195    24.859
   614.672    17.107    24.727
   614.779    17.107    24.682
   614.893    17.107    24.638
   615.009    17.107    24.549
   615.116    17.063    24.461
   615.226    17.063    24.417
   615.339    17.063    24.373
   615.668    17.063    24.373
   615.774    17.063    24.328
   616.443    17.063    24.328
   616.558    17.063    24.284
   618.801    17.063    24.284
   618.910    17.063    24.240
   619.462    17.063    24.240
   619.577    17.063    24.196
   621.976    17.063    24.196
   622.087    17.107    24.240
   626.063    17.107    24.240
   626.171    17.151    24.328
   626.295    17.195    24.373
   626.402    17.195    24.461
   627.415    17.195    24.461
   627.524    17.195    24.505
   630.809    17.195    24.505
   630.925    17.239    24.417
   631.034    17.239    24.417
   631.144    17.239    24.373
   631.246    17.239    24.328
   631.353    17.239    24.328
   631.461    17.239    24.284
   632.612    17.239    24.284
   632.719    17.239    24.328
   635.346    17.239    24.328
   635.456    17.239    24.417
   635.563    17.239    24.505
   636.754    17.239    24.505
   636.862    17.239    24.549
   637.088    17.239    24.549
   637.195    17.239    24.594
   637.301    17.239    24.594
   637.404    17.239    24.638
   641.833    17.239    24.638
   641.940    17.239    24.594
   644.221    17.239    24.594
   644.327    17.239    24.638
   644.438    17.239    24.682
   644.544    17.239    24.682
   644.654    17.282    24.815
   644.874    17.282    24.815
   644.984    17.282    24.859
   645.859    17.282    24.859
   645.966    17.282    24.903
   646.936    17.282    24.903
   647.046    17.282    24.815
   647.154    17.282    24.770
   650.008    17.282    24.770
   650.113    17.327    24.682
   665.428    17.327    24.682
   665.542    17.282    24.682
   665.661    16.800    24.948
   665.776    16.713    24.948
   718.851    16.713    24.948
   718.967    16.713    24.992
   719.081    16.713    25.036
   719.200    16.713    25.036
   719.307    16.713    25.124
   719.420    16.713    25.169
   719.636    16.713    25.169
   719.743    16.713    25.213
   719.974    16.713    25.213
   720.102    16.713    25.302
   723.774    16.713    25.302
   723.881    16.713    25.346
   723.989    16.713    25.611
   724.099    16.713    25.611
   724.216    16.756    25.744
   724.323    16.844    25.788
   724.535    16.844    25.788
   724.654    16.888    25.788
   725.228    16.888    25.788
   725.337    16.975    25.788
   725.443    17.020    25.788
   725.554    17.020    25.788
   725.665    17.151    25.877
   725.771    17.151    25.921
   725.890    17.151    25.921
   725.992    17.151    25.965
   733.321    17.151    25.965
   733.437    17.151    25.877
   739.843    17.151    25.877
   739.954    16.975    25.877
   764.950    16.975    25.877
   765.063    16.975    25.788
   765.176    16.932    25.346
   765.287    16.975    25.080
   765.399    17.063    24.948
   765.507    17.107    24.903
   765.614    17.107    24.859
   765.730    17.151    24.770
   765.838    17.151    24.727
   766.051    17.151    24.727
   766.160    17.151    24.682
   775.080    17.151    24.682
   775.182    17.239    24.682
   775.407    17.239    24.682
   775.509    17.239    24.638
   775.614    17.239    24.594
   775.720    17.239    24.549
   775.826    17.239    24.549
   775.933    17.239    24.505
   776.044    17.239    24.505
   776.153    17.239    24.461
   776.948    17.239    24.461
   777.053    17.239    24.417
   782.448    17.239    24.417
   782.556    17.063    24.417
   782.669    16.975    24.328
   784.644    16.975    24.328
   784.750    16.756    24.328
   801.068    16.756    24.328
   801.175    16.756    24.284
   801.613    16.756    24.284
   801.725    16.756    24.240
   802.086    16.756    24.240
   802.193    16.800    24.196
   802.301    16.800    24.152
   802.408    16.800    24.107
   802.515    16.800    23.930
   802.620    16.800    23.798
   802.957    16.800    23.798
   803.066    16.888    23.621
   803.174    16.932    23.621
   803.288    16.932    23.532
   803.399    16.932    23.532
   803.508    16.932    23.577
   803.619    16.888    23.621
   809.378    16.888    23.621
   809.485    16.844    23.665
   809.606    16.844    23.709
   809.733    16.844    23.842
   809.839    16.844    24.019
   809.960    16.844    24.063
   810.067    16.844    24.063
   810.184    16.844    24.107
   810.292    16.888    24.152
   810.398    16.888    24.152
   810.512    16.975    24.284
   810.734    16.975    24.284
   810.855    17.020    24.328
   810.964    17.063    24.373
   811.411    17.063    24.373
   811.520    17.151    24.373
   811.627    17.195    24.240
   811.733    17.195    24.196
   811.848    17.195    24.152
   812.406    17.195    24.152
   812.514    17.151    24.152
   812.626    17.107    24.152
   812.780    17.063    24.196
   813.341    17.063    24.196
   813.458    17.020    24.417
   813.572    17.020    24.461
   813.697    17.020    24.505
   813.938    17.020    24.505
   814.044    17.020    24.549
   814.152    17.020    24.549
   814.260    17.020    24.638
   814.586    17.020    24.638
   814.692    16.975    24.682
   815.226    16.975    24.682
   815.337    16.888    24.815
   815.463    16.888    24.859
   817.128    16.888    24.859
   817.237    16.932    24.859
   818.016    16.932    24.859
   818.122    16.975    24.859
   819.776    16.975    24.859
   819.889    17.020    24.859
   820.788    17.020    24.859
   820.898    17.020    24.903
   825.426    17.020    24.903
   825.536    17.020    24.859
   825.642    17.020    24.859
   825.753    17.020    24.815
   825.860    17.020    24.770
   825.968    17.020    24.638
   826.090    17.020    24.594
   826.196    17.020    24.505
   826.305    17.020    24.461
   827.388    17.020    24.461
   827.492    17.020    24.373
   827.595    17.020    24.373
   827.705    16.975    24.284
   827.924    16.975    24.284
   828.033    16.888    24.284
   828.146    16.844    24.284
   875.078    16.844    24.284
   875.192    16.800    24.373
   878.937    16.800    24.373
   879.049    16.756    24.461
   881.116    16.756    24.461
   881.225    16.800    24.461
   881.784    16.800    24.461
   881.896    16.844    24.461
   885.948    16.844    24.461
   886.062    16.932    24.461
   886.168    16.932    24.461
   886.280    16.975    24.417
   886.395    16.975    24.417
   886.505    17.063    24.417
   887.922    17.063    24.417
   888.040    17.239    24.549
   888.147    17.239    24.549
   888.256    17.370    24.594
   888.373    17.370    24.594
   888.481    17.458    24.594
   888.701    17.458    24.594
   888.826    17.502    24.594
   889.151    17.502    24.594
   889.262    17.546    24.638
   889.591    17.546    24.638
   889.700    17.589    24.682
   889.805    17.589    24.682
   889.915    17.677    24.770
   890.787    17.677    24.770
   890.895    17.809    24.770
   891.000    17.809    24.770
   891.116    17.853    24.770
   891.329    17.853    24.770
   891.453    17.853    24.859
   891.584    17.853    25.036
   891.902    17.853    25.036
   892.018    17.853    25.080
   892.126    17.809    25.169
   896.189    17.809    25.169
   896.297    17.853    25.257
   896.418    17.853    25.302
   899.403    17.853    25.302
   899.510    17.853    25.257
   903.603    17.853    25.257
   903.712    17.809    25.169
   903.823    17.809    25.080
   903.940    17.765    25.080
   904.055    17.765    25.080
   904.161    17.765    25.036
   904.289    17.765    24.992
   904.396    17.765    24.903
   904.521    17.765    24.903
   904.630    17.765    24.859
   904.985    17.765    24.859
   905.088    17.765    24.815
   905.195    17.765    24.727
   907.503    17.765    24.727
   907.612    17.897    24.549
   907.736    17.897    24.549
   907.847    17.941    24.549
   922.254    17.941    24.549
   922.362    17.941    24.594
   924.444    17.941    24.594
   924.552    17.941    24.682
   924.658    17.941    24.727
   927.838    17.941    24.727
   927.948    17.985    24.727
   928.278    17.985    24.727
   928.386    18.116    24.727
   928.496    18.204    24.727
   928.611    18.292    24.727
   931.117    18.292    24.727
   931.226    18.073    24.770
   931.334    17.809    24.859
   944.304    17.809    24.859
   944.410    17.853    24.859
   944.514    17.853    24.859
   944.623    17.941    24.859
   944.837    17.941    24.859
   944.948    17.985    24.815
   945.295    17.985    24.815
   945.402    18.028    24.770
   945.758    18.028    24.770
   945.871    18.028    24.682
   947.137    18.028    24.682
   947.261    17.985    24.682
   949.326    17.985    24.682
   949.433    17.941    24.682
   965.914    17.941    24.682
   966.019    17.985    24.682
   966.355    17.985    24.682
   966.466    18.028    24.638
   966.691    18.028    24.638
   966.795    18.028    24.594
   967.019    18.028    24.594
   967.128    18.028    24.549
   967.250    18.073    24.505
   967.839    18.073    24.505
   967.948    18.116    24.461
   968.384    18.116    24.461
   968.497    18.204    24.461
   968.607    18.292    24.284
   968.722    18.292    24.240
   969.057    18.292    24.240
   969.166    18.292    24.284
   975.219    18.292    24.284
   975.326    18.248    24.417
   975.447    18.248    24.461
   977.202    18.248    24.461
   977.311    18.248    24.505
   977.424    18.248    24.638
   977.530    18.248    24.638
   977.637    18.248    24.682
   977.743    18.248    24.727
   977.971    18.248    24.727
   978.098    18.204    24.859
   984.511    18.204    24.859
   984.617    18.116    24.948
   989.005    18.116    24.948
   989.121    18.116    24.859
   989.230    18.116    24.859
   989.332    18.116    24.815
   989.441    18.116    24.727
   989.547    18.116    24.682
   990.214    18.116    24.682
   990.339    18.116    24.727
   994.758    18.116    24.727
   994.869    18.116    24.770
   999.891    18.116    24.770
   999.999    18.160    24.770
  1000.105    18.292    24.770
  1000.216    18.335    24.770
  1000.973    18.335    24.770
  1001.096    18.423    24.770
  1001.544    18.423    24.770
  1001.647    18.467    24.770
  1005.459    18.467    24.770
  1005.566    18.511    24.770
  1005.901    18.511    24.770
  1006.007    18.555    24.770
  1006.128    18.599    24.682
  1006.233    18.687    24.594
  1006.347    18.687    24.549
  1008.847    18.687    24.549
  1008.958    18.687    24.505
  1009.065    18.687    24.505
  1009.173    18.687    24.461
  1024.655    18.687    24.461
  1024.762    18.818    24.417
  1024.872    18.862    24.284
  1024.983    18.862    24.284
  1025.104    18.906    24.196
  1028.433    18.906    24.196
  1028.545    18.906    24.152
  1029.854    18.906    24.152
  1029.968    18.950    24.107
  1030.075    19.081    24.019
  1030.181    19.213    23.974
  1036.067    19.213    23.974
  1036.181    19.213    24.019
  1039.345    19.213    24.019
  1039.456    19.213    24.063
  1046.022    19.213    24.063
  1046.128    19.213    24.107
  1046.234    19.213    24.152
  1046.342    19.213    24.196
  1050.086    19.213    24.196
  1050.194    19.213    24.240
  1050.301    19.257    24.284
  1050.410    19.257    24.328
  1050.518    19.257    24.373
  1050.867    19.257    24.373
  1050.982    19.345    24.417
  1051.087    19.345    24.417
  1051.192    19.389    24.461
  1051.301    19.389    24.461
  1051.405    19.433    24.549
  1051.514    19.433    24.549
  1051.625    19.433    24.594
  1051.738    19.433    24.727
  1052.717    19.433    24.727
  1052.822    19.433    24.770
  1054.341    19.433    24.770
  1054.452    19.389    24.770
  1056.331    19.389    24.770
  1056.435    19.345    24.770
  1056.541    19.257    24.638
  1056.647    19.257    24.594
  1056.756    19.257    24.505
  1056.864    19.257    24.505
  1056.968    19.257    24.417
  1057.076    19.257    24.373
  1057.185    19.257    24.328
  1057.306    19.257    24.196
  1057.423    19.257    24.152
  1064.126    19.257    24.152
  1064.234    19.257    24.107
  1064.343    19.257    24.019
  1064.450    19.257    24.019
  1064.556    19.213    23.974
  1064.665    19.213    23.930
  1064.880    19.213    23.930
  1064.992    19.169    23.930
  1065.096    19.125    23.930
  1065.748    19.125    23.930
  1065.856    19.081    23.930
  1082.600    19.081    23.930
  1082.706    19.081    23.974
  1096.889    19.081    23.974
  1096.996    19.037    23.974
  1097.105    18.994    23.974
  1098.093    18.994    23.974
  1098.205    18.950    23.930
  1098.319    18.906    23.798
  1098.428    18.862    23.753
  1098.531    18.862    23.709
  1098.636    18.818    23.709
  1098.743    18.818    23.709
  1098.848    18.730    23.665
  1098.953    18.730    23.621
  1099.167    18.730    23.621
  1099.276    18.730    23.577
  1099.917    18.730    23.577
  1100.023    18.730    23.532
  1100.249    18.730    23.532
  1100.370    18.730    23.488
  1100.475    18.730    23.444
  1101.233    18.730    23.444
  1101.356    18.730    23.400
  1101.470    18.730    23.267
  1101.916    18.730    23.267
  1102.018    18.730    23.178
  1102.231    18.730    23.178
  1102.338    18.687    23.178
  1102.456    18.687    23.178
  1102.568    18.599    23.178
  1104.558    18.599    23.178
  1104.664    18.555    23.223
  1104.880    18.555    23.223
  1104.990    18.555    23.267
  1105.204    18.555    23.267
  1105.310    18.555    23.311
  1109.004    18.555    23.311
  1109.141    18.555    23.400
  1109.246    18.555    23.444
  1109.365    18.555    23.577
  1109.469    18.555    23.577
  1109.576    18.555    23.621
  1109.686    18.555    23.621
  1109.791    18.555    23.709
  1113.430    18.555    23.709
  1113.542    18.555    23.753
  1113.659    18.555    23.798
  1113.875    18.555    23.798
  1113.982    18.555    23.886
  1114.088    18.599    23.930
  1114.198    18.599    23.974
  1114.305    18.599    24.019
  1114.418    18.599    24.063
  1114.526    18.599    24.107
  1114.636    18.643    24.284
  1114.750    18.643    24.328
  1114.856    18.643    24.328
  1114.963    18.643    24.373
  1115.090    18.643    24.417
  1115.197    18.643    24.549
  1115.302    18.643    24.638
  1115.406    18.687    24.727
  1115.514    18.687    24.727
  1115.620    18.687    24.770
  1115.729    18.687    24.770
  1115.838    18.774    24.770
  1116.160    18.774    24.770
  1116.266    18.818    24.815
  1116.927    18.818    24.815
  1117.038    18.818    24.859
  1117.144    18.862    24.903
  1118.908    18.862    24.903
  1119.018    18.906    25.036
  1119.127    18.950    25.080
  1119.342    18.950    25.080
  1119.463    18.950    25.124
  1119.685    18.950    25.124
  1119.792    18.862    25.036
  1119.899    18.818    24.992
  1120.332    18.818    24.992
  1120.437    18.818    25.036
  1121.421    18.818    25.036
  1121.533    18.862    25.124
  1122.065    18.862    25.124
  1122.173    18.906    25.124
  1122.293    18.906    25.124
  1122.403    18.950    25.124
  1122.510    18.950    25.169
  1135.532    18.950    25.169
  1135.644    19.037    25.080
  1135.760    19.125    24.992
  1135.868    19.169    24.903
  1135.982    19.213    24.859
  1140.386    19.213    24.859
  1140.490    19.213    24.903
  1141.371    19.213    24.903
  1141.476    19.213    24.859
  1141.582    19.213    24.770
  1143.442    19.213    24.770
  1143.553    19.213    24.417
  1143.660    19.213    24.284
  1143.768    19.257    24.107
  1143.892    19.257    24.107
  1144.000    19.257    23.798
  1145.104    19.257    23.798
  1145.214    19.257    23.753
  1147.090    19.257    23.753
  1147.197    19.169    23.753
  1148.620    19.169    23.753
  1148.732    19.125    23.753
  1148.945    19.125    23.753
  1149.066    19.081    23.842
  1149.174    19.081    23.886
  1149.301    19.081    23.886
  1149.417    19.081    24.019
  1149.528    19.081    24.152
  1149.638    18.994    24.373
  1151.086    18.994    24.373
  1151.195    18.950    24.461
  1151.304    18.950    24.461
  1151.425    18.862    24.638
  1151.540    18.862    24.770
  1151.652    18.862    24.815
  1151.888    18.862    24.815
  1151.995    18.950    24.992
  1152.104    18.950    24.992
  1152.214    18.950    25.036
  1152.322    18.994    25.080
  1152.430    18.994    25.124
  1152.541    18.994    25.169
  1152.775    18.994    25.169
  1152.892    18.994    25.213
  1153.002    19.037    25.257
  1153.238    19.037    25.257
  1153.347    19.125    25.390
  1153.459    19.125    25.434
  1156.532    19.125    25.434
  1156.642    19.213    25.434
  1156.770    19.389    25.434
  1156.888    19.389    25.390
  1156.995    19.476    25.257
  1157.102    19.476    25.213
  1157.214    19.476    25.169
  1157.428    19.476    25.169
  1157.545    19.520    25.124
  1157.766    19.520    25.124
  1157.876    19.564    25.080
  1157.982    19.564    25.080
  1158.095    19.608    25.036
  1158.216    19.608    24.948
  1158.330    19.652    24.770
  1158.453    19.652    24.727
  1158.994    19.652    24.727
  1159.102    19.652    24.682
  1159.210    19.652    24.682
  1159.321    19.652    24.638
  1159.559    19.652    24.638
  1159.677    19.652    24.417
  1159.790    19.608    24.373
  1160.123    19.608    24.373
  1160.234    19.608    24.417
  1165.377    19.608    24.417
  1165.483    19.564    24.461
  1167.624    19.564    24.461
  1167.738    19.520    24.549
  1167.846    19.345    24.638
  1167.953    19.257    24.638
  1168.060    19.081    24.727
  1173.535    19.081    24.727
  1173.642    19.081    24.682
  1173.882    19.081    24.682
  1173.989    19.081    24.594
  1174.097    19.037    24.549
  1174.323    19.037    24.549
  1174.432    19.037    24.505
  1176.311    19.037    24.505
  1176.421    18.994    24.505
  1176.637    18.994    24.505
  1176.754    18.994    24.461
  1176.861    18.994    24.328
  1176.968    18.994    24.152
  1177.307    18.994    24.152
  1177.416    18.906    24.107
  1177.523    18.906    24.063
  1177.847    18.906    24.063
  1177.957    18.906    23.974
  1178.061    18.906    23.974
  1178.170    18.906    23.930
  1178.276    18.906    23.886
  1178.380    18.906    23.886
  1178.483    18.906    23.842
  1178.803    18.906    23.842
  1178.910    18.906    23.798
  1179.128    18.906    23.798
  1179.236    18.906    23.753
  1179.343    18.906    23.665
  1179.457    18.906    23.532
  1179.575    18.906    23.444
  1179.684    18.906    23.400
  1179.793    18.862    23.355
  1181.313    18.862    23.355
  1181.423    18.862    23.311
  1187.457    18.862    23.311
  1187.562    18.862    23.355
  1187.669    18.818    23.444
  1187.780    18.774    23.532
  1188.227    18.774    23.532
  1188.335    18.774    23.621
  1188.441    18.774    23.753
  1188.561    18.774    23.753
  1188.669    18.774    23.798
  1188.780    18.774    24.019
  1188.890    18.774    24.152
  1188.996    18.774    24.373
  1189.101    18.818    24.417
  1189.220    18.818    24.417
  1189.338    18.906    24.461
  1189.445    19.081    24.505
  1189.555    19.125    24.549
  1190.006    19.125    24.549
  1190.113    19.125    24.594
  1191.761    19.125    24.594
  1191.870    19.169    24.549
  1191.980    19.169    24.549
  1192.093    19.169    24.505
  1192.746    19.169    24.505
  1192.854    19.257    24.505
  1192.962    19.345    24.505
  1193.079    19.433    24.505
  1193.187    19.608    24.505
  1196.678    19.608    24.505
  1196.785    19.608    24.638
  1196.893    19.608    24.638
  1197.007    19.608    24.727
  1197.121    19.608    24.727
  1197.228    19.608    24.770
  1197.335    19.608    24.815
  1197.795    19.608    24.815
  1197.900    19.608    24.903
  1198.006    19.564    25.080
  1198.117    19.476    25.302
  1198.224    19.433    25.346
  1199.447    19.433    25.346
  1199.567    19.389    25.390
  1200.783    19.389    25.390
  1200.892    19.433    25.390
  1201.547    19.433    25.390
  1201.656    19.740    25.478
  1201.769    19.783    25.478
  1207.878    19.783    25.478
  1207.987    19.783    25.611
  1208.312    19.783    25.611
  1208.419    19.783    25.655
  1208.852    19.783    25.655
  1208.977    19.740    25.655
  1209.423    19.740    25.655
  1209.529    19.696    25.655
  1209.637    19.696    25.655
  1209.746    19.608    25.655
  1210.179    19.608    25.655
  1210.285    19.564    25.655
  1210.395    19.520    25.655
  1221.845    19.520    25.655
  1221.949    19.301    25.567
  1222.053    19.301    25.567
  1222.160    19.257    25.567
  1222.590    19.257    25.567
  1222.698    19.213    25.567
  1223.033    19.213    25.567
  1223.144    19.169    25.567
  1223.256    19.169    25.567
  1223.379    18.862    25.567
  1223.491    18.818    25.567
  1223.608    18.774    25.567
  1223.714    18.730    25.567
  1223.829    18.687    25.567
  1223.939    18.599    25.567
  1224.064    18.467    25.567
  1224.173    18.335    25.434
  1224.288    18.292    25.434
  1224.404    18.292    25.390
  1224.522    18.248    25.346
  1224.649    18.028    25.169
  1224.757    17.941    25.124
  1224.864    17.897    25.080
  1225.087    17.897    25.080
  1225.205    17.634    25.080
  1225.316    17.546    25.169
  1225.431    17.458    25.257
  1225.989    17.458    25.257
  1226.097    17.502    25.257
  1226.955    17.502    25.257
  1227.062    17.502    25.346
  1227.177    17.546    25.390
  1227.305    17.589    25.523
  1227.410    17.589    25.523
  1227.516    17.634    25.655
  1227.621    17.677    25.655
  1232.545    17.677    25.655
  1232.653    17.677    25.699
  1233.648    17.677    25.699
  1233.755    17.677    25.655
  1234.185    17.677    25.655
  1234.292    17.677    25.611
  1239.566    17.677    25.611
  1239.671    17.589    25.611
  1239.778    17.589    25.611
  1239.885    17.458    25.788
  1240.102    17.458    25.788
  1240.207    17.546    25.832
  1240.317    17.589    25.832
  1240.861    17.589    25.832
  1240.970    17.589    25.877
  1241.191    17.589    25.877
  1241.304    17.589    25.921
  1248.076    17.589    25.921
  1248.193    17.634    25.921
  1251.941    17.634    25.921
  1252.051    17.589    25.921
  1252.157    17.502    25.921
  1252.265    17.414    25.877
  1252.835    17.414    25.877
  1252.942    17.370    25.832
  1253.167    17.370    25.832
  1253.274    17.327    25.788
  1261.395    17.327    25.788
  1261.501    17.151    25.169
  1261.616    16.975    24.948
  1261.738    15.264    24.284
  1261.842    15.133    24.196
  1261.947    15.001    24.019
  1262.054    15.001    23.842
  1262.392    15.001    23.842
  1262.497    15.133    23.842
  1262.611    15.176    23.842
  1262.718    15.221    23.842
  1262.825    15.221    23.753
  1262.932    15.221    23.532
  1263.828    15.221    23.532
  1263.938    15.221    23.577
  1265.057    15.221    23.577
  1265.181    15.308    23.621
  1265.288    15.308    23.621
  1265.407    15.308    23.665
  1265.732    15.308    23.665
  1265.842    15.264    23.665
  1265.950    15.264    23.665
  1266.059    15.176    23.665
  1266.166    15.176    23.665
  1266.275    15.133    23.665
  1266.380    15.001    23.665
  1266.499    14.869    23.665
  1266.618    14.562    23.665
  1266.726    14.036    23.577
  1266.840    13.641    23.532
  1266.952    13.466    23.532
  1267.067    13.466    23.532
  1267.175    13.159    23.532
  1267.284    13.071    23.532
  1267.391    12.720    23.444
  1267.508    12.413    23.444
  1267.616    12.281    23.444
  1267.723    12.106    23.400
  1268.179    12.106    23.400
  1268.288    12.325    23.311
  1268.840    12.325    23.311
  1268.946    12.281    23.267
  1269.051    12.281    23.267
  1269.180    12.237    23.267
  1270.585    12.237    23.267
  1270.706    12.413    23.267
  1270.811    12.588    23.267
  1270.923    12.807    23.355
  1271.045    12.807    23.355
  1271.156    12.895    23.400
  1271.263    13.114    23.488
  1271.369    13.202    23.532
  1271.476    13.246    23.532
  1271.583    13.378    23.665
  1271.693    13.466    23.753
  1271.802    13.553    23.842
  1272.119    13.553    23.842
  1272.226    13.553    23.886
  1273.108    13.553    23.886
  1273.216    13.553    23.842
  1273.329    13.597    23.709
  1273.439    13.597    23.665
  1273.545    13.597    23.621
  1273.660    13.597    23.577
  1273.776    13.597    23.444
  1273.888    13.597    23.355
  1274.010    13.597    23.311
  1274.331    13.597    23.311
  1274.439    13.597    23.223
  1274.548    13.597    23.178
  1274.653    13.597    23.134
  1274.771    13.641    22.913
  1274.887    13.685    22.736
  1275.003    13.773    22.515
  1275.111    13.816    22.471
  1275.436    13.816    22.471
  1275.543    13.816    22.382
  1275.657    13.816    22.294
  1276.521    13.816    22.294
  1276.628    13.816    22.250
  1277.312    13.816    22.250
  1277.418    13.816    22.205
  1277.531    13.816    22.205
  1277.651    13.816    22.161
  1277.778    13.816    22.117
  1277.886    13.816    22.073
  1278.326    13.816    22.073
  1278.435    13.773    22.073
  1278.755    13.773    22.073
  1278.868    13.729    21.851
  1280.530    13.729    21.851
  1280.636    13.685    21.851
  1280.855    13.685    21.851
  1280.965    13.597    21.851
  1281.080    13.597    21.851
  1281.187    13.553    21.851
  1283.850    13.553    21.851
  1283.956    13.378    22.029
  1284.063    13.378    22.073
  1284.490    13.378    22.073
  1284.594    13.378    22.161
  1284.710    13.378    22.294
  1284.835    13.378    22.338
  1285.073    13.378    22.338
  1285.183    13.378    22.382
  1287.113    13.378    22.382
  1287.220    13.378    22.471
  1287.329    13.421    22.471
  1289.065    13.421    22.471
  1289.174    13.509    22.471
  1289.616    13.509    22.471
  1289.733    13.509    22.338
  1320.105    13.509    22.338
  1320.212    13.509    22.471
  1320.321    13.509    22.515
  1320.429    13.509    22.559
  1321.744    13.509    22.559
  1321.853    13.509    22.604
  1322.407    13.509    22.604
  1322.514    13.509    22.736
  1322.620    13.466    22.825
  1322.736    13.466    23.046
  1322.859    13.466    23.223
  1322.966    13.553    23.355
  1323.071    13.597    23.355
  1323.179    13.685    23.532
  1323.291    13.816    23.665
  1328.241    13.816    23.665
  1328.350    13.773    23.665
  1328.680    13.773    23.665
  1328.787    13.729    23.665
  1329.006    13.729    23.665
  1329.118    13.729    23.621
  1329.221    13.685    23.621
  1329.326    13.685    23.621
  1329.434    13.553    23.621
  1330.012    13.553    23.621
  1330.121    13.509    23.577
  1336.893    13.509    23.577
  1337.000    13.729    23.577
  1337.445    13.729    23.577
  1337.579    13.773    23.577
  1338.009    13.773    23.577
  1338.119    13.948    23.577
  1358.121    13.948    23.577
  1358.231    13.904    23.577
  1358.343    13.904    23.577
  1358.448    13.904    23.532
  1358.991    13.904    23.532
  1359.099    13.860    23.532
  1361.212    13.860    23.532
  1361.320    13.816    23.532
  1376.982    13.816    23.532
  1377.094    13.816    23.577
  1377.217    13.816    23.621
  1379.106    13.816    23.621
  1379.213    14.036    23.842
  1380.439    14.036    23.842
  1380.544    13.948    23.842
  1380.663    13.904    23.886
  1380.774    13.860    23.886
  1382.078    13.860    23.886
  1382.206    13.816    23.974
  1384.321    13.816    23.974
  1384.440    13.816    24.063
  1388.318    13.816    24.063
  1388.426    14.036    24.240
  1388.550    14.080    24.240
  1388.761    14.080    24.240
  1388.867    14.124    24.196
  1390.497    14.124    24.196
  1390.608    14.167    24.196
  1393.254    14.167    24.196
  1393.361    14.694    24.152
  1393.467    14.957    24.063
  1393.572    15.176    24.019
  1394.880    15.176    24.019
  1395.006    14.913    24.063
  1398.706    14.913    24.063
  1398.816    14.869    23.974
  1398.931    14.869    23.886
  1399.049    14.869    23.753
  1399.172    14.869    23.709
  1399.277    14.869    23.621
  1399.387    14.869    23.577
  1399.701    14.869    23.577
  1399.808    14.869    23.532
  1401.245    14.869    23.532
  1401.348    14.826    23.444
  1401.453    14.826    23.223
  1401.566    14.826    23.090
  1401.684    14.826    22.957
  1401.798    14.826    22.913
  1401.907    14.782    22.869
  1402.016    14.782    22.869
  1402.133    14.738    22.869
  1402.238    14.694    22.869
  1402.350    14.650    22.869
  1402.456    14.650    22.869
  1402.565    14.606    22.780
  1404.475    14.606    22.780
  1404.583    14.606    22.736
  1406.347    14.606    22.736
  1406.452    14.606    22.692
  1406.567    14.606    22.471
  1406.673    14.606    21.984
  1406.782    14.606    21.896
  1406.892    14.606    21.896
  1407.012    14.606    21.630
  1408.563    14.606    21.630
  1408.670    14.650    21.542
  1408.772    14.738    21.454
  1408.878    14.782    21.321
  1408.983    14.826    21.232
  1409.090    14.826    21.188
  1409.198    14.957    21.100
  1409.328    15.001    21.100
  1409.437    15.133    21.055
  1409.543    15.133    21.055
  1409.650    15.176    21.011
  1409.757    15.352    20.879
  1409.865    15.352    20.879
  1409.982    15.396    20.879
  1410.096    15.484    20.879
  1410.204    15.528    20.879
  1410.318    15.528    20.879
  1410.424    15.572    20.879
  1410.529    15.615    20.790
  1410.636    15.659    20.790
  1414.718    15.659    20.790
  1414.825    15.703    20.790
  1414.934    15.747    20.790
  1415.043    15.879    20.657
  1415.151    15.922    20.657
  1415.808    15.922    20.657
  1415.914    15.967    20.657
  1416.240    15.967    20.657
  1416.347    16.010    20.657
  1416.773    16.010    20.657
  1416.881    16.054    20.657
  1416.993    16.098    20.657
  1417.221    16.098    20.657
  1417.327    16.142    20.657
  1418.511    16.142    20.657
  1418.614    16.186    20.657
  1422.806    16.186    20.657
  1422.926    16.229    20.657
  1424.822    16.229    20.657
  1424.932    16.274    20.657
  1434.476    16.274    20.657
  1434.593    16.317    20.657
  1450.118    16.317    20.657
  1450.243    16.317    20.613
  1450.353    16.317    20.613
  1450.470    16.361    20.613
  1455.281    16.361    20.613
  1455.390    16.361    20.525
  1456.029    16.361    20.525
  1456.145    16.449    20.525
  1456.366    16.449    20.525
  1456.472    16.449    20.480
  1473.793    16.449    20.480
  1473.899    16.493    20.392
  1474.121    16.493    20.392
  1474.237    16.800    20.171
  1474.358    16.888    20.082
  1474.483    17.063    19.905
  1474.596    17.327    19.772
  1474.703    17.589    19.640
  1474.810    17.853    19.463
  1474.916    17.897    19.419
  1475.026    17.897    19.375
  1475.130    17.897    19.197
  1475.239    17.897    19.065
  1475.365    17.897    18.888
  1475.473    17.941    18.711
  1475.580    17.941    18.623
  1475.693    17.941    18.534
  1475.799    17.941    18.446
  1475.915    17.941    18.401
  1476.023    17.941    18.357
  1476.127    17.941    18.313
  1476.231    17.941    18.269
  1476.444    17.941    18.269
  1476.556    17.941    18.225
  1476.667    17.941    18.225
  1476.773    17.897    18.225
  1476.887    17.853    18.225
  1476.993    17.853    18.225
  1477.125    17.765    18.225
  1477.451    17.765    18.225
  1477.557    17.765    18.136
  1477.663    17.765    18.092
  1477.771    17.765    17.827
  1477.883    17.721    17.694
  1477.998    17.721    17.650
  1478.114    17.721    17.650
  1478.223    17.721    17.517
  1478.329    17.589    17.428
  1478.436    17.546    17.384
  1478.559    17.502    17.384
  1478.773    17.502    17.384
  1478.887    17.414    17.340
  1479.005    17.414    17.340
  1479.112    17.327    17.296
  1479.220    17.239    17.163
  1479.325    17.151    17.074
  1479.435    17.063    16.986
  1479.547    16.975    16.721
  1479.656    16.888    16.456
  1479.764    16.713    16.234
  1479.874    16.625    16.057
  1479.992    16.449    15.836
  1480.096    16.274    15.659
  1480.210    16.054    15.438
  1480.324    15.791    15.217
  1480.429    15.615    15.084
  1480.537    15.528    14.996
  1480.647    15.396    14.863
  1480.753    15.308    14.686
  1480.865    15.176    14.642
  1480.975    15.045    14.421
  1481.080    14.913    14.244
  1481.186    14.650    14.067
  1481.300    14.343    13.934
  1481.412    14.080    13.846
  1481.525    13.860    13.713
  1481.636    13.553    13.403
  1481.740    13.378    13.315
  1481.848    13.246    13.271
  1481.957    13.027    13.226
  1482.072    12.807    13.182
  1482.177    12.632    13.094
  1482.289    12.632    13.050
  1482.412    12.807    12.740
  1482.524    12.852    12.740
  1482.740    12.852    12.740
  1482.849    12.983    12.740
  1482.955    13.071    12.740
  1483.078    13.114    12.740
  1483.729    13.114    12.740
  1483.848    12.632    12.563
  1483.963    12.193    12.165
  1484.088    12.018    11.944
  1484.197    11.799    11.634
  1484.304    11.667    11.280
  1484.409    11.447    10.926
  1484.521    11.272    10.794
  1484.631    11.228    10.750
  1484.738    11.184    10.750
  1484.840    11.184    10.750
  1484.953    11.053    10.705
  1485.070    11.053    10.705
  1485.175    10.877    10.396
  1485.280    10.789    10.307
  1485.399    10.746    10.263
  1485.514    10.701    10.263
  1485.624    10.701    10.263
  1485.731    10.658    10.351
  1485.947    10.658    10.351
  1486.052    10.614    10.351
  1486.170    10.482    10.351
  1486.497    10.482    10.351
  1486.610    10.263    10.307
  1486.738    10.000    10.263
  1486.847     9.648    10.219
  1486.952     9.385    10.219
  1487.076     9.166    10.219
  1487.187     9.122    10.219
  1487.293     8.991    10.130
  1487.400     8.771    10.042
  1487.504     8.552     9.954
  1487.616     8.288     9.732
  1487.728     8.157     9.644
  1487.834     7.981     9.555
  1488.175     7.981     9.555
  1488.290     7.850     9.555
  1488.397     7.762     9.555
  1488.505     7.718     9.555
  1488.613     7.718     9.555
  1488.726     7.586     9.555
  1488.838     7.411     9.555
  1488.962     7.411     9.555
  1489.075     7.235     9.600
  1489.208     7.060     9.688
  1489.324     6.885     9.821
  1489.430     6.621     9.954
  1489.535     6.490     9.997
  1489.648     6.226    10.042
  1489.759     6.051    10.086
  1489.867     5.875    10.086
  1490.525     5.875    10.086
  1490.636     5.832    10.086
  1490.953     5.832    10.086
  1491.063     5.744    10.130
  1491.707     5.744    10.130
  1491.813     5.744    10.086
  1492.149     5.744    10.086
  1492.258     5.744     9.909
  1492.375     5.744     9.909
  1492.483     5.744     9.865
  1492.590     5.744     9.821
  1492.909     5.744     9.821
  1493.013     5.656     9.776
  1493.231     5.656     9.776
  1493.337     5.656     9.732
  1493.447     5.656     9.732
  1493.571     5.612     9.732
  1493.682     5.525     9.555
  1494.129     5.525     9.555
  1494.236     5.656     9.555
  1494.564     5.656     9.555
  1494.685     5.612     9.422
  1494.803     5.568     9.334
  1494.907     5.568     9.069
  1495.023     5.568     8.892
  1495.135     5.612     8.759
  1495.241     5.612     8.759
  1495.349     5.612     8.671
  1495.457     5.656     8.450
  1495.563     5.656     8.361
  1498.438     5.656     8.361
  1498.551     5.700     8.361
  1498.659     5.832     8.361
  1500.074     5.832     8.361
  1500.184     5.744     8.228
  1500.288     5.744     8.228
  1500.406     5.744     8.184
  1500.839     5.744     8.184
  1500.946     5.744     8.140
  1501.059     5.744     8.096
  1501.170     5.744     8.052
  1501.279     5.744     8.007
  1501.384     5.744     7.963
  1501.491     5.744     7.830
  1501.595     5.787     7.786
  1502.250     5.787     7.786
  1502.360     5.787     7.698
  1502.479     5.787     7.653
  1502.813     5.787     7.653
  1502.921     5.787     7.609
  1503.683     5.787     7.609
  1503.789     5.787     7.565
  1503.903     5.787     7.521
  1504.011     5.787     7.521
  1504.118     5.744     7.521
  1504.329     5.744     7.521
  1504.438     5.393     7.521
  1505.121     5.393     7.521
  1505.240     5.480     7.521
  1505.449     5.480     7.521
  1505.556     5.525     7.521
  1505.661     5.525     7.521
  1505.769     5.568     7.521
  1506.208     5.568     7.521
  1506.317     5.480     7.521
  1509.742     5.480     7.521
  1509.853     5.480     7.388
  1509.968     5.480     7.300
  1510.078     5.480     7.211
  1510.198     5.612     6.946
  1510.303     5.656     6.724
  1510.408     5.656     6.636
  1510.524     5.700     6.592
  1510.639     5.700     6.282
  1510.745     5.744     6.282
  1510.856     5.744     6.106
  1510.961     5.744     5.973
  1511.069     5.744     5.796
  1511.175     5.744     5.574
  1511.291     5.744     5.353
  1511.407     5.744     5.088
  1511.513     5.744     4.955
  1511.622     5.744     4.823
  1511.736     5.744     4.734
  1511.851     5.744     4.602
  1511.962     5.744     4.513
  1512.081     5.744     4.424
  1512.189     5.744     4.203
  1512.304     5.919     3.850
  1512.412     6.182     3.540
  1512.519     6.358     3.319
  1512.627     6.490     3.230
  1512.734     6.578     3.186
  1512.841     6.621     3.142
  1513.398     6.621     3.142
  1513.505     6.665     3.098
  1513.619     6.665     3.098
  1513.731     6.665     3.053
  1513.837     6.665     3.053
  1513.947     6.709     2.965
  1514.053     6.709     2.965
  1514.161     6.709     2.921
  1514.268     6.709     2.832
  1514.374     6.797     2.611
  1514.483     6.797     2.567
  1514.593     6.797     2.434
  1514.699     6.753     2.169
  1514.807     6.621     1.948
  1514.911     6.621     1.904
  1515.024     6.621     1.904
  1515.134     6.578     1.771
  1515.247     6.578     1.683
  1515.368     6.533     1.550
  1515.692     6.533     1.550
  1515.798     6.533     1.461
  1517.359     6.533     1.461
  1517.469     6.094     1.284
  1517.592     5.832     1.240
  1517.704     5.437     1.196
  1517.820     5.129     1.151
  1517.934     4.910     1.107
  1518.792     4.910     1.107
  1518.904     4.910     1.151
  1519.010     4.910     1.196
  1519.122     4.866     1.329
  1519.230     4.559     1.859
  1519.336     4.164     2.169
  1519.450     4.033     2.257
  1519.564     4.033     2.257
  1519.668     3.901     2.257
  1519.774     3.769     2.346
  1519.882     3.681     2.346
  1519.987     3.506     2.479
  1520.092     3.331     2.567
  1520.199     3.155     2.700
  1520.327     3.111     2.744
  1520.435     2.979     2.876
  1520.568     2.892     2.921
  1520.669     2.804     2.921
  1521.430     2.804     2.921
  1521.536     2.804     2.965
  1521.643     2.804     3.098
  1521.753     2.804     3.275
  1521.870     2.804     3.275
  1521.998     2.804     3.363
  1522.107     2.804     3.452
  1522.214     2.804     3.584
  1522.329     2.804     3.673
  1522.444     2.804     3.894
  1522.552     2.804     4.115
  1522.658     2.804     4.115
  1522.764     2.804     4.248
  1522.876     2.804     4.292
  1522.982     2.760     4.690
  1523.087     2.760     4.690
  1523.206     2.760     4.823
  1523.312     2.760     4.867
  1523.423     2.760     4.955
  1523.532     2.760     4.999
  1526.946     2.760     4.999
  1527.051     2.804     5.177
  1527.161     2.848     5.265
  1527.270     2.848     5.353
  1527.380     2.848     5.398
  1527.488     2.848     5.707
  1527.611     2.892     5.973
  1527.719     3.067     6.459
  1527.826     3.155     6.592
  1527.939     3.462     6.813
  1528.046     3.725     7.078
  1528.154     3.901     7.300
  1528.260     4.033     7.653
  1528.369     4.077     7.830
  1528.476     4.077     7.875
  1529.451     4.077     7.875
  1529.559     3.945     8.007
  1529.678     3.901     8.096
  1530.907     3.901     8.096
  1531.016     4.164     8.450
  1531.131     4.340     8.803
  1531.240     4.515     9.025
  1531.345     4.559     9.113
  1531.452     4.779     9.290
  1531.557     4.866     9.378
  1531.684     4.954     9.555
  1531.791     4.998     9.644
  1531.900     5.042     9.732
  1532.006     5.042     9.821
  1532.116     5.042     9.821
  1532.220     5.042     9.865
  1532.326     5.042     9.865
  1532.433     5.042     9.909
  1532.543     5.129     9.954
  1532.649     5.129     9.954
  1532.756     5.173    10.042
  1533.546     5.173    10.042
  1533.652     5.173    10.130
  1535.481     5.173    10.130
  1535.604     5.173    10.263
  1535.710     5.173    10.307
  1535.927     5.173    10.307
  1536.042     5.261    10.307
  1536.158     5.349    10.042
  1540.176     5.349    10.042
  1540.281     5.525     9.909
  1544.353     5.525     9.909
  1544.460     5.568     9.909
  1548.445     5.568     9.909
  1548.573     5.568     9.954
  1548.676     5.568     9.997
  1548.789     5.568    10.042
  1548.902     5.568    10.042
  1549.009     5.568    10.175
  1549.122     5.700    10.572
  1549.237     5.875    10.794
  1549.344     5.919    10.926
  1549.451     6.051    11.148
  1549.559     6.182    11.369
  1549.665     6.358    11.767
  1549.771     6.533    11.988
  1549.886     6.753    12.298
  1549.991     6.797    12.519
  1550.102     6.797    12.563
  1550.215     6.840    12.696
  1550.321     6.840    12.696
  1550.429     6.840    12.784
  1550.535     6.840    12.829
  1550.969     6.840    12.829
  1551.075     6.840    12.784
  1551.182     6.840    12.784
  1551.292     6.840    12.696
  1551.409     6.840    12.651
  1551.530     6.840    12.651
  1551.636     6.840    12.519
  1551.967     6.840    12.519
  1552.079     6.840    12.430
  1552.297     6.840    12.430
  1552.414     6.665    13.005
  1552.533     6.621    13.182
  1552.642     6.533    13.713
  1552.759     6.446    13.978
  1552.882     6.446    14.067
  1553.203     6.446    14.067
  1553.309     6.446    14.111
  1553.415     6.270    14.288
  1554.094     6.270    14.288
  1554.205     6.270    14.598
  1554.312     6.446    14.952
  1554.422     6.446    14.952
  1554.532     6.446    15.217
  1554.746     6.446    15.217
  1554.856     6.621    15.394
  1554.961     6.665    15.394
  1555.071     6.928    15.438
  1555.181     6.972    15.482
  1555.294     7.147    15.615
  1555.414     7.411    15.748
  1555.529     7.718    16.146
  1555.640     7.893    16.278
  1555.747     8.069    16.544
  1555.856     8.157    16.721
  1555.963     8.332    16.986
  1556.071     8.508    17.296
  1556.178     8.639    17.561
  1556.286     8.683    17.827
  1556.412     8.683    18.003
  1556.518     8.683    18.048
  1556.646     8.683    18.180
  1556.863     8.683    18.180
  1556.971     8.683    18.225
  1557.080     8.683    18.225
  1557.185     8.683    18.269
  1557.289     8.683    18.313
  1557.516     8.683    18.313
  1557.633     8.771    18.401
  1557.749     8.859    18.534
  1557.872     8.991    18.623
  1557.989     9.166    18.711
  1558.096     9.385    18.800
  1558.206     9.736    18.932
  1558.311     9.780    18.932
  1558.633     9.780    18.932
  1558.743     9.736    18.932
  1559.854     9.736    18.932
  1559.969     9.912    18.932
  1560.089    10.263    19.065
  1560.204    10.351    19.153
  1560.310    10.570    19.375
  1560.423    10.789    19.729
  1560.532    10.833    19.817
  1560.966    10.833    19.817
  1561.075    10.833    19.772
  1561.182    10.833    19.772
  1561.290    10.833    19.596
  1561.396    10.833    19.551
  1561.879    10.833    19.551
  1561.986    10.877    19.684
  1562.199    10.877    19.684
  1562.307    11.096    19.772
  1562.414    11.228    19.861
  1562.519    11.535    19.994
  1562.643    12.018    20.304
  1562.752    12.237    20.525
  1562.865    12.456    20.657
  1562.977    12.500    20.746
  1563.087    12.500    20.746
  1563.194    12.588    20.790
  1563.301    12.720    20.790
  1565.282    12.720    20.790
  1565.390    12.807    20.790
  1565.501    13.290    20.834
  1565.606    13.421    20.834
  1567.377    13.421    20.834
  1567.487    13.466    20.922
  1567.595    13.509    21.055
  1567.702    13.509    21.055
  1567.815    13.509    21.100
  1567.922    13.509    21.100
  1568.028    13.553    21.144
  1568.139    13.553    21.144
  1568.246    13.553    21.232
  1569.230    13.553    21.232
  1569.340    13.597    21.365
  1569.446    13.597    21.454
  1569.559    13.597    21.586
  1572.072    13.597    21.586
  1572.179    13.509    21.454
  1572.290    13.509    21.454
  1572.396    13.641    21.454
  1574.479    13.641    21.454
  1574.585    13.466    22.073
  1574.693    13.466    22.161
  1574.801    13.466    22.250
  1575.035    13.466    22.250
  1575.145    13.509    22.117
  1575.267    13.553    22.029
  1580.119    13.553    22.029
  1580.241    13.641    22.029
  1618.302    13.641    22.029
  1618.409    13.553    22.029
  1619.436    13.553    22.029
  1619.538    13.509    22.073
  1619.860    13.509    22.073
  1619.965    13.421    22.073
  1620.070    13.334    22.073
  1749.608    13.334    22.073
  1749.713    13.202    22.073
  1749.823    13.290    22.382
  1749.935    13.421    22.471
  1750.047    13.509    22.515
  1750.267    13.509    22.515
  1750.377    13.509    22.604
  1762.188    13.509    22.604
  1762.313    13.509    22.692
  1762.419    13.553    22.869
  1762.526    13.553    23.001
  2028.932    13.553    23.001
  2029.040    13.553    22.957
  2029.145    13.597    22.913
  2029.252    13.597    22.913
  2029.367    13.597    22.825
  2029.472    13.597    22.692
  2029.580    13.597    22.648
  2029.686    13.597    22.559
  2062.471    13.597    22.559
  2062.574    14.782    19.197
  2062.680    14.782    19.109
  2062.785    14.782    18.844
  2062.891    14.782    18.755
  2062.998    14.782    18.755
  2063.106    14.782    19.021
  2063.212    14.782    19.286
  2063.328    14.782    19.286
  2063.436    13.773    21.542
  2063.555    13.685    21.851
  2063.769    13.685    21.851
  2063.894    13.685    22.029
  2066.353    13.685    22.029
  2066.458    13.773    22.338
  2066.565    13.816    22.515
  2066.691    13.948    22.825
  2066.805    13.992    22.869
  2066.909    14.167    23.046
  2067.042    14.212    23.134
  2067.152    14.431    23.267
  2067.262    14.650    23.400
  2067.369    14.738    23.488
  2067.480    14.782    23.488
  2068.174    14.782    23.488
  2068.282    14.826    23.577
  2068.393    14.826    23.621
  2068.500    14.826    23.665
  2068.611    14.826    23.709
  2069.386    14.826    23.709
  2069.496    14.782    23.709
  2069.602    14.694    23.621
  2069.708    14.650    23.621
  2070.029    14.650    23.621
  2070.135    14.826    23.886
  2070.244    14.913    23.930
  2070.359    15.264    24.196
  2070.472    15.528    24.284
  2070.585    15.703    24.284
  2070.708    15.879    24.284
  2070.815    16.229    24.284
  2070.929    16.625    24.328
  2071.036    16.975    24.461
  2071.151    17.020    24.461
  2072.146    17.020    24.461
  2072.258    17.020    24.505
  2072.704    17.020    24.505
  2072.829    16.975    24.549
  2073.266    16.975    24.549
  2073.372    16.975    24.638
  2075.280    16.975    24.638
  2075.402    17.458    24.992
  2075.621    17.458    24.992
  2075.737    17.765    25.302
  2075.846    17.985    25.478
  2075.952    18.204    25.655
  2076.060    18.248    25.655
  2076.166    18.335    25.699
  2076.381    18.335    25.699
  2076.490    18.423    25.699
  2076.596    18.467    25.699
  2076.708    18.467    25.699
  2076.834    18.467    25.567
  2076.939    18.380    25.434
  2077.164    18.380    25.434
  2077.271    18.292    25.434
  2078.384    18.292    25.434
  2078.491    18.116    25.390
  2078.596    18.116    25.390
  2078.702    18.028    25.390
  2079.241    18.028    25.390
  2079.350    18.028    25.523
  2081.263    18.028    25.523
  2081.371    18.028    25.346
  2081.483    18.160    25.080
  2081.590    18.160    24.992
  2081.705    18.204    24.903
  2081.816    18.335    24.770
  2081.929    18.467    24.682
  2082.046    18.599    24.549
  2082.163    18.643    24.505
  2082.278    18.643    24.461
  2082.391    18.730    24.417
  2082.495    18.730    24.417
  2082.603    18.818    24.328
  2082.713    18.906    24.240
  2082.818    19.037    24.152
  2082.925    19.169    23.930
  2083.035    19.257    23.753
  2083.148    19.345    23.621
  2083.260    19.345    23.488
  2083.387    19.345    23.400
  2083.491    19.345    23.311
  2083.598    19.345    23.001
  2083.704    19.301    22.869
  2083.812    19.301    22.825
  2083.916    19.213    22.825
  2084.031    18.950    22.692
  2084.137    18.643    22.471
  2084.250    18.511    22.382
  2084.361    18.511    22.382
  2084.467    18.116    22.515
  2084.576    18.028    22.692
  2084.681    17.985    22.692
  2084.790    17.985    22.692
  2084.895    17.941    22.692
  2085.007    17.721    22.692
  2085.646    17.721    22.692
  2085.752    17.634    22.692
  2085.870    17.502    22.515
  2086.084    17.502    22.515
  2086.196    17.414    22.515
  2086.315    17.327    22.471
  2086.420    17.107    22.338
  2086.537    16.800    22.294
  2086.663    16.493    22.294
  2086.777    16.142    22.250
  2086.894    15.879    22.250
  2086.999    15.440    22.294
  2087.105    15.176    22.382
  2087.554    15.176    22.382
  2087.674    14.782    22.338
  2087.785    14.650    22.338
  2087.913    14.299    22.205
  2088.019    14.124    22.161
  2088.122    13.641    21.896
  2088.602    13.641    21.896
  2088.708    13.641    22.029
  2089.138    13.641    22.029
  2089.245    13.641    22.161
  2089.353    13.641    22.205
  2090.272    13.641    22.205
  2090.388    13.641    22.250
  2090.507    13.641    22.250
  2090.628    13.685    22.250
  2090.732    13.904    22.338
  2091.858    13.904    22.338
  2091.962    14.167    22.338
  2092.072    14.343    22.338
  2092.179    14.475    22.338
  2092.287    14.475    22.338
  2092.393    14.519    22.338
  2092.512    14.606    22.338
  2092.619    14.782    22.250
  2092.727    14.826    22.029
  2092.834    14.869    21.940
  2092.942    14.869    21.940
  2093.059    14.869    21.851
  2093.168    14.869    21.807
  2093.279    14.869    21.807
  2093.403    14.869    21.675
  2093.517    14.913    21.630
  2093.728    14.913    21.630
  2093.837    14.913    21.586
  2094.590    14.913    21.586
  2094.700    14.913    21.675
  2094.804    14.869    21.896
  2095.045    14.869    21.896
  2095.148    14.869    22.205
  2095.252    14.869    22.250
  2096.996    14.869    22.250
  2097.104    14.869    22.338
  2097.210    14.913    22.515
  2097.320    14.957    22.559
  2097.430    14.957    22.559
  2097.538    15.001    22.559
  2098.435    15.001    22.559
  2098.541    15.089    22.604
  2098.652    15.221    22.736
  2098.761    15.352    22.780
  2102.394    15.352    22.780
  2102.501    15.352    22.869
  2103.288    15.352    22.869
  2103.411    15.396    22.913
  2107.378    15.396    22.913
  2107.485    15.922    23.355
  2107.619    16.186    23.532
  2107.725    16.493    23.665
  2107.832    16.713    23.753
  2108.046    16.713    23.753
  2108.150    17.020    23.753
  2108.255    17.370    23.842
  2108.359    17.458    23.886
  2108.464    17.677    23.930
  2108.573    17.721    23.974
  2108.681    17.765    23.974
  2108.807    17.853    23.974
  2109.038    17.853    23.974
  2109.146    17.941    23.974
  2109.259    18.028    23.974
  2109.366    18.028    23.974
  2109.478    18.073    23.974
  2110.787    18.073    23.974
  2110.904    18.160    23.974
  2111.013    18.204    23.974
  2111.127    18.248    23.974
  2112.562    18.248    23.974
  2112.669    18.335    23.974
  2114.773    18.335    23.974
  2114.877    18.423    23.974
  2114.982    18.511    23.798
  2115.091    18.599    23.665
  2115.314    18.599    23.665
  2115.426    18.774    23.665
  2115.544    18.994    23.753
  2115.653    18.994    23.753
  2115.763    19.081    23.753
  2115.872    19.125    23.665
  2115.989    19.125    23.665
  2116.094    19.213    23.577
  2116.208    19.257    23.577
  2116.316    19.433    23.444
  2116.422    19.476    23.355
  2116.530    19.564    23.178
  2116.638    19.608    23.134
  2116.745    19.740    23.090
  2116.960    19.740    23.090
  2117.068    19.827    23.090
  2117.192    19.871    23.090
  2117.302    19.959    23.090
  2117.529    19.959    23.090
  2117.639    20.003    23.001
  2117.748    20.003    23.001
  2117.859    20.003    22.825
  2117.964    20.003    22.825
  2118.072    20.047    22.780
  2118.183    20.090    22.736
  2118.291    20.222    22.736
  2118.398    20.442    22.736
  2118.509    20.705    22.736
  2118.641    20.968    22.736
  2118.748    21.143    22.736
  2118.862    21.319    22.648
  2118.968    21.582    22.559
  2119.081    21.934    22.426
  2119.191    22.065    22.382
  2119.296    22.109    22.382
  2119.620    22.109    22.382
  2119.725    22.065    22.338
  2120.507    22.065    22.338
  2120.613    22.065    22.250
  2120.718    22.153    22.117
  2120.827    22.241    22.073
  2120.935    22.460    21.984
  2121.043    22.503    21.984
  2121.149    22.591    21.940
  2121.260    22.679    21.896
  2121.488    22.679    21.896
  2121.602    22.679    21.851
  2122.043    22.679    21.851
  2122.150    24.434    21.409
  2122.258    24.697    21.365
  2122.372    24.610    21.365
  2122.481    24.171    21.586
  2122.585    23.162    21.807
  2122.707    22.942    21.807
  2124.149    22.942    21.807
  2124.255    22.942    21.851
  2124.371    22.942    21.940
  2124.482    22.942    22.073
  2124.588    22.942    22.073
  2124.694    22.942    22.117
  2125.452    22.942    22.117
  2125.560    23.030    22.117
  2126.005    23.030    22.117
  2126.119    23.206    22.117
  2126.335    23.206    22.117
  2126.442    23.337    22.117
  2126.548    23.556    22.117
  2126.657    23.732    22.117
  2126.761    23.776    22.117
  2128.185    23.776    22.117
  2128.293    23.995    22.161
  2132.514    23.995    22.161
  2132.623    24.259    22.294
  2135.199    24.259    22.294
  2135.305    31.849    22.648
  2136.545    31.849    22.648
  2136.656    31.849    22.869
  2136.784    31.893    23.355
  2136.899    31.893    23.532
  2137.018    31.849    23.886
  2137.127    31.805    23.930
  2137.571    31.805    23.930
  2137.682    31.805    24.063
  2137.910    31.805    24.063
  2138.033    31.805    24.152
  2138.146    31.805    24.196
  2138.256    31.805    24.196
  2138.368    31.673    24.328
  2145.524    31.673    24.328
  2145.632    31.454    24.461
  2145.859    31.454    24.461
  2145.965    31.366    24.461
  2146.079    31.235    24.461
  2146.519    31.235    24.461
  2146.629    31.191    24.461
  2146.738    31.147    24.461
  2147.189    31.147    24.461
  2147.295    31.103    24.461
  2147.415    31.103    24.461
  2147.525    31.059    24.417
  2148.205    31.059    24.417
  2148.312    31.059    24.373
  2150.664    31.059    24.373
  2150.780    31.103    24.284
  2151.240    31.103    24.284
  2151.352    31.103    24.240
  2152.234    31.103    24.240
  2152.352    31.103    24.152
  2152.463    31.103    24.019
  2153.365    31.103    24.019
  2153.475    31.103    23.974
  2170.539    31.103    23.974
  2170.652    31.015    23.886
  2171.567    31.015    23.886
  2171.678    30.971    23.886
  2174.244    30.971    23.886
  2174.361    30.971    23.974
  2174.599    30.971    23.974
  2174.710    30.928    23.974
  2182.027    30.928    23.974
  2182.145    30.752    23.798
  2182.261    30.708    23.709
  2182.372    30.708    23.665
  2182.605    30.708    23.665
  2182.713    30.796    23.842
  2182.823    30.796    23.842
  2182.934    30.840    23.886
  2190.706    30.840    23.886
  2190.812    30.840    23.709
  2191.055    30.840    23.709
  2191.162    30.884    23.798
  2211.120    30.884    23.798
  2211.228    30.840    23.753
  2211.338    30.664    23.577
  2211.447    30.577    23.400
  2211.556    30.533    23.355
  2214.233    30.533    23.355
  2214.362    30.533    23.267
  2214.477    30.533    23.178
  2223.042    30.533    23.178
  2223.159    30.533    23.090
  2223.280    30.533    23.046
  2223.388    30.533    22.869
  2223.501    30.533    22.869
  2223.618    30.533    22.825
  2223.728    30.533    22.780
  2224.520    30.533    22.780
  2224.646    30.533    22.648
  2224.870    30.533    22.648
  2224.989    30.533    22.471
  2226.233    30.533    22.471
  2226.342    30.533    22.382
  2226.450    30.533    22.382
  2226.562    30.533    22.294
  2226.671    30.533    22.250
  2226.781    30.533    22.205
  2226.892    30.533    22.161
  2229.219    30.533    22.161
  2229.328    30.533    22.073
  2229.565    30.533    22.073
  2229.679    30.533    22.029
  2231.372    30.533    22.029
  2231.481    30.577    21.896
  2231.706    30.577    21.896
  2231.813    30.620    21.851
  2232.154    30.620    21.851
  2232.276    30.620    21.763
  2232.390    30.664    21.675
  2235.615    30.664    21.675
  2235.737    30.664    21.542
  2235.846    30.708    21.498
  2235.954    30.708    21.498
  2236.062    30.708    21.454
  2242.455    30.708    21.454
  2242.572    30.708    21.409
  2242.692    30.708    21.365
  2242.802    30.708    21.188
  2242.912    30.708    20.967
  2243.020    30.708    20.879
  2243.129    30.708    20.790
  2243.236    30.664    20.701
  2243.346    30.664    20.613
  2243.452    30.620    20.525
  2243.695    30.620    20.525
  2243.801    30.533    20.392
  2244.031    30.533    20.392
  2244.141    30.533    20.347
  2244.251    30.489    20.259
  2244.363    30.313    19.905
  2244.799    30.313    19.905
  2244.908    30.313    19.861
  2245.020    30.313    19.772
  2245.244    30.313    19.772
  2245.351    30.313    19.729
  2245.460    30.313    19.640
  2245.571    30.313    19.596
  2245.680    30.313    19.551
  2245.789    30.269    19.375
  2245.899    30.138    19.109
  2246.253    30.138    19.109
  2246.360    30.094    19.109
  2249.266    30.094    19.109
  2249.377    30.182    19.242
  2249.486    30.225    19.286
  2249.611    30.269    19.286
  2249.947    30.269    19.286
  2250.055    30.313    19.109
  2261.839    30.313    19.109
  2261.948    30.357    19.109
  2262.060    30.664    19.109
  2262.168    30.840    19.065
  2262.279    30.928    19.065
  2262.401    31.103    19.065
  2262.513    31.147    18.976
  2262.636    31.191    18.976
  2263.301    31.191    18.976
  2263.410    31.235    18.976
  2263.524    31.323    18.932
  2263.648    31.410    18.844
  2263.755    31.630    18.711
  2263.862    31.805    18.667
  2263.971    32.112    18.534
  2264.088    32.288    18.446
  2264.195    32.331    18.446
  2264.324    32.419    18.401
  2264.444    32.463    18.313
  2264.563    32.595    18.225
  2264.675    32.595    18.136
  2264.784    32.683    18.048
  2264.897    32.858    17.915
  2265.007    33.077    17.827
  2265.115    33.209    17.782
  2265.224    33.253    17.738
  2265.343    33.253    17.738
  2265.452    33.253    17.650
  2265.584    33.253    17.561
  2265.696    33.472    17.252
  2265.805    33.560    16.986
  2265.913    33.648    16.765
  2266.023    33.691    16.632
  2266.349    33.691    16.632
  2266.458    33.648    16.632
  2266.678    33.648    16.632
  2266.795    33.560    16.632
  2267.143    33.560    16.632
  2267.254    33.560    16.677
  2269.066    33.560    16.677
  2269.171    33.560    16.942
  2269.279    33.560    17.031
  2269.387    33.560    17.163
  2269.496    33.560    17.207
  2269.604    33.560    17.473
  2269.719    33.516    17.827
  2269.854    33.429    18.269
  2269.961    33.429    18.401
  2270.075    33.384    18.711
  2270.190    33.297    19.153
  2270.323    33.253    19.286
  2270.434    33.209    19.419
  2271.148    33.209    19.419
  2271.257    33.209    19.330
  2271.367    33.209    19.242
  2271.482    33.209    19.109
  2271.701    33.209    19.109
  2271.812    33.209    19.065
  2272.492    33.209    19.065
  2272.600    33.077    19.065
  2272.711    32.770    19.330
  2272.839    32.419    19.551
  2272.958    32.288    19.640
  2273.067    32.156    19.640
  2273.177    31.981    19.729
  2273.399    31.981    19.729
  2273.507    31.981    19.772
  2277.661    31.981    19.772
  2277.772    31.981    19.729
  2277.879    31.937    19.507
  2277.995    31.937    19.463
  2278.113    31.937    19.463
  2278.225    31.937    19.375
  2279.672    31.937    19.375
  2279.790    31.893    19.375
  2279.911    31.673    19.375
  2280.023    31.542    19.375
  2285.131    31.542    19.375
  2285.241    31.498    19.375
  2285.460    31.498    19.375
  2285.580    31.410    19.375
  2285.699    31.366    19.375
  2285.820    31.323    19.375
  2285.933    31.323    19.375
  2286.039    31.278    19.375
  2286.803    31.278    19.375
  2286.917    31.191    19.375
  2290.067    31.191    19.375
  2290.176    31.147    19.375
  2290.281    31.103    19.375
  2290.852    31.103    19.375
  2290.962    31.147    19.375
  2292.676    31.147    19.375
  2292.785    31.103    19.375
  2297.207    31.103    19.375
  2297.316    31.147    19.463
  2297.442    31.191    19.551
  2297.562    31.235    19.596
  2297.791    31.235    19.596
  2297.910    31.278    19.640
  2301.372    31.278    19.640
  2301.484    31.323    19.640
  2303.165    31.323    19.640
  2303.275    31.366    19.640
  2303.516    31.366    19.640
  2303.628    31.410    19.684
  2303.736    31.498    19.772
  2307.738    31.498    19.772
  2307.859    31.454    19.905
  2307.977    31.410    20.082
  2308.092    31.410    20.126
  2308.207    31.410    20.304
  2308.322    31.410    20.436
  2308.430    31.410    20.613
  2308.534    31.410    20.657
  2308.641    31.410    20.746
  2308.970    31.410    20.746
  2309.090    31.278    20.746
  2309.214    31.235    20.746
  2309.437    31.235    20.746
  2309.563    31.191    20.746
  2309.674    31.191    20.746
  2309.789    31.191    20.790
  2309.902    31.191    20.790
  2310.011    31.191    20.834
  2310.122    31.191    20.879
  2311.406    31.191    20.879
  2311.514    31.191    20.922
  2311.838    31.191    20.922
  2311.961    31.323    20.967
  2312.066    31.410    21.011
  2312.175    31.410    21.011
  2312.288    31.366    21.011
  2312.395    31.323    21.011
  2312.520    31.235    21.144
  2312.628    31.147    21.365
  2312.738    31.147    21.365
  2312.844    31.103    21.409
  2312.955    30.928    21.498
  2314.847    30.928    21.498
  2314.957    30.840    21.630
  2315.067    30.708    21.851
  2315.184    30.708    21.851
  2315.291    30.620    21.940
  2315.405    30.533    21.984
  2315.517    30.313    22.073
  2315.637    30.313    22.073
  2315.767    30.225    22.117
  2315.876    30.182    22.161
  2315.987    30.138    22.161
  2316.327    30.138    22.161
  2316.444    30.050    22.250
  2316.569    29.962    22.338
  2318.814    29.962    22.338
  2318.928    29.831    22.338
  2319.037    29.787    22.338
  2319.143    29.743    22.338
  2319.265    29.655    22.338
  2319.372    29.568    22.338
  2319.480    29.523    22.338
  2319.588    29.436    22.382
  2319.698    29.304    22.382
  2319.812    28.909    22.338
  2319.938    28.734    22.294
  2320.046    28.646    22.294
  2320.169    28.515    22.294
  2320.281    28.295    22.250
  2320.403    28.208    22.250
  2320.741    28.208    22.250
  2320.850    28.076    22.250
  2320.958    28.032    22.250
  2327.995    28.032    22.250
  2328.133    27.988    22.250
  2328.241    27.856    22.250
  2328.361    27.637    22.205
  2328.476    27.374    22.205
  2328.593    27.242    22.205
  2328.701    27.110    22.382
  2328.815    27.023    22.515
  2328.921    27.023    22.559
  2346.030    27.023    22.559
  2346.139    27.023    22.604
  2346.246    26.978    22.736
  2346.354    26.978    22.825
  2346.465    26.891    22.957
  2346.576    26.803    23.046
  2346.685    26.584    23.267
  2346.796    26.496    23.355
  2347.150    26.496    23.355
  2347.263    26.496    23.400
  2347.368    26.496    23.488
  2347.475    26.496    23.488
  2347.591    26.496    23.532
  2347.702    26.496    23.532
  2347.815    26.496    23.577
  2347.937    26.496    23.665
  2348.728    26.496    23.665
  2348.836    26.409    23.974
  2348.955    26.321    24.152
  2349.067    26.321    24.196
  2349.178    26.277    24.196
  2349.509    26.277    24.196
  2349.625    26.145    24.196
  2349.738    25.970    24.240
  2350.865    25.970    24.240
  2350.977    25.970    24.284
  2351.087    25.882    24.373
  2352.807    25.882    24.373
  2352.918    25.838    24.417
  2354.942    25.838    24.417
  2355.054    25.838    24.505
  2355.520    25.838    24.505
  2355.627    25.882    24.549
  2355.737    25.926    24.549
  2357.200    25.926    24.549
  2357.314    26.057    24.727
  2359.720    26.057    24.727
  2359.831    26.145    24.682
  2359.954    26.277    24.594
  2360.406    26.277    24.594
  2360.517    26.233    24.417
  2360.633    26.233    24.417
  2360.757    26.233    24.240
  2361.437    26.233    24.240
  2361.558    26.189    24.152
  2362.562    26.189    24.152
  2362.688    26.233    24.152
  2362.798    26.233    24.152
  2362.906    26.364    24.284
  2364.368    26.364    24.284
  2364.487    26.409    24.328
  2364.614    26.409    24.328
  2364.733    26.452    24.373
  2366.558    26.452    24.373
  2366.684    26.452    24.328
  2367.005    26.452    24.328
  2367.117    26.716    24.240
  2367.233    26.847    24.196
  2367.363    27.023    24.196
  2367.481    27.066    24.196
  2367.603    27.066    24.196
  2367.710    27.155    24.196
  2367.818    27.242    24.196
  2367.926    27.286    24.196
  2368.522    27.286    24.196
  2368.631    27.462    24.152
  2369.182    27.462    24.152
  2369.293    27.505    24.152
  2369.861    27.505    24.152
  2369.970    27.505    24.063
  2370.082    27.505    24.063
  2370.216    27.505    24.019
  2371.691    27.505    24.019
  2371.802    27.505    23.930
  2372.803    27.505    23.930
  2372.914    27.549    23.798
  2373.041    27.549    23.798
  2373.158    27.549    23.753
  2373.272    27.549    23.753
  2373.397    27.549    23.665
  2373.526    27.549    23.665
  2373.639    27.593    23.488
  2373.752    27.593    23.488
  2373.860    27.637    23.355
  2381.620    27.637    23.355
  2381.731    27.681    23.178
  2381.845    27.681    23.178
  2381.953    27.769    23.001
  2382.065    27.769    22.913
  2382.172    27.769    22.913
  2382.281    27.812    22.736
  2382.394    27.812    22.559
  2382.498    27.812    22.559
  2382.608    27.812    22.515
  2383.060    27.812    22.515
  2383.183    27.812    22.559
  2384.121    27.812    22.559
  2384.232    27.812    22.515
  2387.282    27.812    22.515
  2387.397    27.856    22.029
  2387.527    27.856    22.029
  2387.635    27.856    21.940
  2387.745    27.856    21.940
  2387.855    27.856    21.984
  2387.965    27.856    22.205
  2388.988    27.856    22.205
  2389.097    27.856    22.426
  2389.215    27.856    22.426
  2389.324    27.856    22.515
  2389.563    27.856    22.515
  2389.672    27.900    22.515
  2390.581    27.900    22.515
  2390.692    27.944    22.515
  2390.810    27.988    22.515
  2392.298    27.988    22.515
  2392.413    28.032    22.515
  2392.523    28.076    22.515
  2393.407    28.076    22.515
  2393.522    27.944    22.426
  2393.746    27.944    22.426
  2393.865    27.988    22.426
  2393.974    28.120    22.559
  2394.084    28.120    22.604
  2394.760    28.120    22.604
  2394.867    28.163    22.648
  2394.979    28.208    22.648
  2395.533    28.208    22.648
  2395.660    28.295    22.692
  2395.772    28.383    22.780
  2395.893    28.383    22.780
  2396.001    28.515    22.913
  2396.115    28.515    22.913
  2396.224    28.558    22.957
  2396.332    28.602    23.046
  2397.439    28.602    23.046
  2397.545    28.646    23.046
  2397.759    28.646    23.046
  2397.871    28.646    23.090
  2398.756    28.646    23.090
  2398.867    28.646    23.134
  2398.976    28.646    23.178
  2399.087    28.646    23.267
  2399.201    28.646    23.355
  2464.817    28.646    23.355
  2464.926    28.339    23.621
  2465.041    28.295    23.665
  2465.151    28.251    23.930
  2465.269    28.251    23.930
  2465.375    28.295    23.930
  2467.067    28.295    23.930
  2467.175    28.163    23.842
  2467.636    28.163    23.842
  2467.747    28.076    23.842
  2468.079    28.076    23.842
  2468.189    28.032    23.842
  2468.411    28.032    23.842
  2468.524    27.988    23.842
  2468.761    27.988    23.842
  2468.881    27.812    23.886
  2468.991    27.812    23.886
  2469.102    27.724    23.886
  2469.211    27.155    24.107
  2469.325    26.978    24.152
  2469.438    26.672    24.240
  2469.667    26.672    24.240
  2469.783    26.584    24.240
  2469.895    26.540    24.240
  2470.013    26.409    24.240
  2470.123    26.321    24.240
  2470.240    26.277    24.240
  2470.348    26.277    24.240
  2470.457    26.233    24.240
  2470.574    26.189    24.240
  2470.691    26.189    24.240
  2470.799    26.145    24.240
  2470.908    25.970    24.240
  2471.019    25.180    24.417
  2471.350    25.180    24.417
  2471.457    25.356    24.284
  2471.565    25.443    24.240
  2471.671    25.443    24.240
  2471.779    25.356    24.284
  2471.896    25.224    24.373
  2472.244    25.224    24.373
  2472.352    25.268    24.417
  2475.029    25.268    24.417
  2475.143    25.180    24.417
  2475.253    24.961    24.284
  2475.363    24.785    24.196
  2475.468    24.610    24.063
  2475.576    24.566    24.019
  2475.694    24.478    23.974
  2476.262    24.478    23.974
  2476.372    24.347    24.063
  2476.489    24.215    24.196
  2476.596    24.171    24.328
  2476.731    24.171    24.373
  2477.617    24.171    24.373
  2477.724    24.127    24.461
  2477.854    24.083    24.505
  2477.966    23.864    24.638
  2478.081    23.601    24.727
  2478.194    23.601    24.727
  2478.305    23.556    24.727
  2478.417    23.425    24.903
  2478.537    23.294    25.036
  2478.648    23.206    25.080
  2478.751    23.206    25.124
  2479.332    23.206    25.124
  2479.460    23.206    25.213
  2480.023    23.206    25.213
  2480.132    23.162    25.257
  2480.683    23.162    25.257
  2480.803    23.118    25.257
  2480.911    23.118    25.302
  2481.020    23.118    25.302
  2481.128    23.118    25.346
  2481.355    23.118    25.346
  2481.487    23.118    25.390
  2481.817    23.118    25.390
  2481.928    23.162    25.478
  2482.039    23.162    25.478
  2482.168    23.206    25.478
  2482.289    23.249    25.434
  2482.407    23.249    25.434
  2482.524    23.030    25.567
  2482.647    22.986    25.699
  2482.762    22.986    25.699
  2482.884    22.986    25.744
  2482.992    22.855    25.744
  2483.097    22.855    25.744
  2483.207    22.811    25.744
  2483.431    22.811    25.744
  2483.544    22.635    25.921
  2483.654    22.591    25.921
  2483.762    22.591    25.965
  2483.895    22.591    26.009
  2484.002    22.328    26.009
  2484.110    22.153    26.009
  2484.216    22.065    26.009
  2484.324    21.934    26.009
  2484.433    21.934    26.009
  2484.540    21.846    26.009
  2484.648    21.714    26.098
  2484.759    21.495    26.142
