     0.721    32.234    15.939
     1.306    32.234    15.939
     1.408    32.113    15.879
     1.921    32.113    15.879
     2.024    32.174    15.879
     2.126    32.234    15.879
     7.768    32.234    15.879
     7.870    32.234    16.000
     7.972    32.234    16.000
     8.074    32.234    16.121
     8.182    32.234    16.121
     8.285    32.113    16.182
     8.387    32.053    16.364
     8.693    32.053    16.364
     8.795    32.053    16.303
     8.896    32.053    16.303
     8.998    32.053    16.242
     9.103    32.053    16.061
     9.205    32.113    15.939
     9.309    32.113    15.879
     9.411    32.113    15.818
     9.513    32.174    15.697
    10.235    32.174    15.697
    10.337    32.174    15.758
    10.439    32.234    15.818
    14.725    32.234    15.818
    14.826    32.234    15.758
   309.342    32.234    15.758
   309.444    32.174    15.697
   309.545    32.113    15.576
   309.646    32.113    15.515
   309.848    32.113    15.515
   309.949    32.053    15.515
   310.050    31.993    15.515
   310.151    31.933    15.515
   310.252    31.873    15.576
   310.353    31.813    15.576
   310.454    31.813    15.636
   311.667    31.813    15.636
   311.767    31.753    15.636
   317.405    31.753    15.636
   317.507    31.753    15.576
   317.608    31.753    15.515
   317.709    31.813    15.454
   317.812    31.873    15.394
   317.914    31.933    15.333
   318.116    31.933    15.333
   318.216    31.993    15.333
   318.316    32.053    15.333
   324.455    32.053    15.333
   324.556    32.053    15.273
   327.072    32.053    15.273
   327.172    32.053    15.212
   327.272    31.993    15.151
   327.372    31.933    15.030
   327.473    31.933    14.970
   327.573    31.933    14.970
   327.674    31.933    14.909
   327.774    31.873    14.848
   327.874    31.873    14.848
   327.974    31.873    14.788
   328.276    31.873    14.788
   328.376    31.873    14.727
   328.477    31.813    14.727
   328.578    31.813    14.666
   328.678    31.813    14.606
   328.780    31.692    14.545
   328.880    31.692    14.485
   328.982    31.632    14.485
   329.084    31.632    14.424
   329.898    31.632    14.424
   329.999    31.572    14.424
   572.938    31.572    14.424
   573.039    31.572    14.485
   573.140    31.572    14.545
   573.241    31.512    14.545
   573.544    31.512    14.545
   573.644    31.512    14.606
   573.744    31.452    14.606
   573.944    31.452    14.606
   574.044    31.452    14.666
   574.144    31.452    14.666
   574.245    31.452    14.727
   619.783    31.452    14.727
   619.884    31.392    14.727
   636.552    31.392    14.727
   636.652    31.452    14.666
   636.752    31.512    14.606
   636.853    31.512    14.485
   636.954    31.632    14.424
   637.053    31.692    14.303
   637.154    31.753    14.303
   637.255    31.753    14.242
   637.457    31.753    14.242
   637.559    31.813    14.182
   641.177    31.813    14.182
   641.277    31.753    14.242
   641.376    31.692    14.242
   645.902    31.692    14.242
   646.002    31.692    14.303
   764.480    31.692    14.303
   764.582    31.632    14.303
   764.683    31.572    14.242
   764.784    31.572    14.242
   764.886    31.512    14.242
   765.086    31.512    14.242
   765.186    31.452    14.242
   765.486    31.452    14.242
   765.586    31.452    14.182
   772.025    31.452    14.182
   772.125    31.452    14.121
   772.226    31.452    14.121
   772.326    31.392    14.060
   772.426    31.392    14.000
   772.527    31.392    14.000
   772.626    31.392    13.939
   773.128    31.392    13.939
   773.230    31.392    13.879
   773.330    31.392    13.818
   773.433    31.392    13.757
   773.636    31.392    13.757
   773.736    31.392    13.697
   774.142    31.392    13.697
   774.243    31.392    13.636
   774.344    31.392    13.575
   774.445    31.392    13.575
   774.548    31.392    13.515
   776.761    31.392    13.515
   776.862    31.452    13.515
   923.461    31.452    13.515
   923.563    31.512    13.515
   923.665    31.572    13.515
   923.768    31.692    13.454
   923.870    31.692    13.454
   923.971    31.753    13.454
   924.474    31.753    13.454
   924.574    31.753    13.515
   924.675    31.753    13.515
   924.775    31.813    13.575
   924.875    31.873    13.636
   939.332    31.873    13.636
   939.434    31.933    13.636
   939.536    31.933    13.636
   939.637    31.993    13.575
   939.739    32.053    13.575
   939.840    32.234    13.515
   939.941    32.294    13.515
   940.042    32.354    13.454
   940.144    32.414    13.454
   940.244    32.474    13.454
   940.344    32.534    13.454
   940.444    32.534    13.454
   940.544    32.655    13.394
   940.644    32.715    13.333
   949.833    32.715    13.333
   949.933    32.655    13.333
   950.034    32.655    13.333
   950.133    32.595    13.333
   950.234    32.595    13.333
   950.334    32.595    13.272
   950.434    32.534    13.272
   950.534    32.534    13.272
   950.634    32.474    13.272
   950.734    32.414    13.212
   950.835    32.354    13.212
   950.936    32.294    13.212
   951.037    32.234    13.212
   951.139    32.174    13.212
   951.240    32.113    13.212
   951.341    32.053    13.151
   951.442    31.993    13.151
   951.543    31.993    13.091
   951.645    31.873    13.091
   951.746    31.873    13.091
   951.847    31.813    13.091
   952.755    31.813    13.091
   952.855    31.753    13.091
   952.956    31.753    13.030
   954.668    31.753    13.030
   954.771    31.753    12.970
   954.871    31.753    12.909
   954.973    31.753    12.788
   955.074    31.753    12.727
   955.176    31.753    12.727
   955.276    31.753    12.667
   955.378    31.753    12.606
   955.479    31.753    12.606
   955.581    31.692    12.606
   955.684    31.632    12.546
   955.786    31.632    12.485
   955.887    31.572    12.485
   955.988    31.512    12.364
   956.091    31.512    12.303
   956.192    31.512    12.242
   956.293    31.452    12.242
   956.394    31.392    12.182
   956.495    31.392    12.182
   956.598    31.392    12.121
   956.901    31.392    12.121
   957.004    31.332    12.121
   957.105    31.332    12.061
   957.206    31.271    12.000
   957.307    31.212    12.000
   957.408    31.151    11.939
   957.509    31.091    11.879
   957.610    31.031    11.879
   957.711    30.971    11.879
   960.548    30.971    11.879
   960.652    30.910    11.879
   960.754    30.910    11.879
   960.856    30.851    11.879
   960.956    30.730    11.879
   961.057    30.610    11.879
   961.157    30.490    11.879
   961.257    30.370    11.879
   961.357    30.309    11.879
   961.457    30.309    11.939
   961.557    30.249    11.939
   961.657    30.189    11.939
   961.757    30.129    11.939
   962.562    30.129    11.939
   962.664    30.129    12.000
   962.765    30.189    12.000
   962.967    30.189    12.000
   963.069    30.249    12.000
   963.170    30.249    12.000
   963.272    30.309    12.000
   963.372    30.370    12.000
   963.472    30.370    12.000
   963.572    30.430    12.000
   963.672    30.430    11.939
   963.972    30.430    11.939
   964.073    30.430    11.879
   964.173    30.490    11.879
   967.094    30.490    11.879
   967.194    30.490    11.939
   967.521    30.490    11.939
   967.600    30.550    11.939
   967.700    30.550    11.939
   967.802    30.610    11.939
   967.902    30.670    11.939
   968.003    30.670    11.939
   968.104    30.730    11.939
   968.310    30.730    11.939
   968.411    30.730    11.879
   968.512    30.791    11.818
   969.829    30.791    11.818
   969.930    30.730    11.879
   970.032    30.670    11.939
   970.240    30.670    11.939
   970.343    30.610    11.939
   970.444    30.610    11.939
   970.545    30.550    11.939
   970.646    30.550    11.939
   970.748    30.490    11.939
   971.152    30.490    11.939
   971.253    30.490    12.000
   971.355    30.430    12.000
   971.661    30.430    12.000
   971.761    30.430    12.061
   971.962    30.430    12.061
   972.061    30.430    12.121
   972.162    30.370    12.121
   972.262    30.370    12.182
   972.362    30.309    12.182
   972.462    30.249    12.242
   972.563    30.189    12.242
   972.663    30.189    12.303
   972.764    30.129    12.303
   972.864    30.129    12.303
   972.964    30.129    12.364
   973.064    30.069    12.364
   973.165    30.069    12.424
   974.386    30.069    12.424
   974.488    30.009    12.424
   974.589    30.009    12.424
   974.692    29.948    12.424
   974.793    29.888    12.485
   974.895    29.828    12.485
   974.996    29.708    12.546
   975.098    29.648    12.546
   975.199    29.648    12.546
   975.301    29.588    12.606
   975.503    29.588    12.606
   975.605    29.588    12.667
   975.707    29.588    12.667
   975.808    29.527    12.667
   975.910    29.527    12.667
   976.011    29.467    12.667
   976.519    29.467    12.667
   976.622    29.408    12.727
   976.824    29.408    12.727
   976.924    29.408    12.788
   977.024    29.347    12.788
   977.124    29.347    12.788
   977.224    29.287    12.849
   977.324    29.227    12.909
   977.423    29.227    12.909
   977.524    29.167    12.909
   977.625    29.167    12.909
   977.725    29.167    12.970
   978.025    29.167    12.970
   978.126    29.106    12.970
   997.210    29.106    12.970
   997.311    29.047    12.970
   998.021    29.047    12.970
   998.122    28.986    12.970
   998.223    28.986    13.030
  1162.989    28.986    13.030
  1163.091    28.926    13.030
  1184.307    28.926    13.030
  1184.408    28.926    13.091
  1184.509    28.926    13.151
  1184.611    28.866    13.212
  1184.713    28.806    13.212
  1184.814    28.746    13.272
  1184.916    28.686    13.333
  1185.018    28.626    13.394
  1185.120    28.626    13.394
  1185.221    28.626    13.454
  1185.323    28.626    13.454
  1185.424    28.626    13.515
  1185.525    28.626    13.515
  1185.626    28.626    13.575
  1190.455    28.626    13.575
  1190.555    28.565    13.575
  1202.358    28.565    13.575
  1202.462    28.505    13.575
  1202.866    28.505    13.575
  1202.968    28.505    13.636
  1203.070    28.505    13.636
  1203.171    28.445    13.636
  1203.272    28.445    13.697
  1209.113    28.445    13.697
  1209.213    28.445    13.757
  1209.415    28.445    13.757
  1209.540    28.445    13.818
  1209.626    28.445    13.818
  1209.719    28.445    13.939
  1210.123    28.445    13.939
  1210.224    28.445    14.000
  1210.933    28.445    14.000
  1211.034    28.505    14.060
  1211.239    28.505    14.060
  1211.341    28.565    14.121
  1211.442    28.565    14.121
  1211.544    28.626    14.121
  1213.061    28.626    14.121
  1213.162    28.565    14.121
  1214.889    28.565    14.121
  1214.991    28.505    14.121
  1221.646    28.505    14.121
  1221.747    28.445    14.121
  1244.944    28.445    14.121
  1245.045    28.445    14.060
  1245.146    28.445    13.939
  1245.246    28.385    13.879
  1245.346    28.385    13.818
  1245.765    28.385    13.818
  1245.866    28.385    13.757
  1245.966    28.385    13.757
  1246.066    28.385    13.697
  1246.167    28.385    13.636
  1246.267    28.385    13.575
  1246.570    28.385    13.575
  1246.671    28.385    13.515
  1246.772    28.385    13.515
  1246.875    28.325    13.515
  1246.976    28.325    13.515
  1247.077    28.325    13.454
  1315.526    28.325    13.454
  1315.627    28.325    13.515
  1315.729    28.385    13.515
  1315.830    28.385    13.575
  1315.931    28.445    13.575
  1316.032    28.445    13.575
  1316.133    28.505    13.575
  1316.234    28.505    13.636
  1343.476    28.505    13.636
  1343.577    28.686    13.636
  1343.679    28.746    13.636
  1343.781    28.806    13.636
  1343.882    28.866    13.636
  1343.984    28.866    13.636
  1344.085    28.926    13.636
  1344.287    28.926    13.636
  1344.389    28.986    13.636
  1347.529    28.986    13.636
  1347.629    28.926    13.636
  1347.932    28.926    13.636
  1348.031    28.866    13.636
  1348.635    28.866    13.636
  1348.736    28.806    13.697
  1348.837    28.806    13.697
  1348.938    28.806    13.757
  1349.038    28.746    13.818
  1349.138    28.746    13.818
  1349.238    28.746    13.879
  1349.339    28.686    13.879
  1349.440    28.686    13.939
  1349.541    28.686    13.939
  1349.641    28.686    14.000
  1349.742    28.746    14.000
  1351.450    28.746    14.000
  1351.551    28.806    14.000
  1351.652    28.806    14.000
  1351.751    28.806    13.939
  1360.903    28.806    13.939
  1361.004    28.806    13.757
  1361.104    28.806    13.697
  1361.204    28.806    13.636
  1361.304    28.806    13.575
  1361.404    28.806    13.575
  1361.504    28.806    13.454
  1361.605    28.806    13.454
  1361.706    28.806    13.394
  1361.807    28.806    13.394
  1361.908    28.806    13.333
  1362.012    28.806    13.333
  1362.112    28.806    13.272
  1362.212    28.806    13.212
  1363.720    28.806    13.212
  1363.820    28.806    13.151
  1363.920    28.806    13.091
  1364.021    28.806    13.091
  1364.121    28.806    13.030
  1364.221    28.806    12.970
  1370.569    28.806    12.970
  1370.670    28.806    13.030
  1370.771    28.806    13.091
  1370.871    28.806    13.091
  1370.971    28.806    13.151
  1371.072    28.806    13.212
  1371.172    28.806    13.272
  1371.271    28.806    13.333
  1371.373    28.746    13.333
  1371.472    28.686    13.333
  1371.573    28.686    13.333
  1371.673    28.626    13.333
  1372.076    28.626    13.333
  1372.177    28.626    13.272
  1372.379    28.626    13.272
  1372.480    28.565    13.272
  1372.783    28.565    13.272
  1372.885    28.565    13.212
  1372.985    28.565    13.212
  1373.085    28.505    13.212
  1373.185    28.505    13.151
  1373.285    28.445    13.151
  1373.586    28.445    13.151
  1373.686    28.445    13.091
  1579.942    28.445    13.091
  1580.043    28.445    13.151
  1580.145    28.445    13.212
  1580.246    28.445    13.333
  1580.349    28.445    13.394
  1580.450    28.445    13.454
  1580.550    28.385    13.454
  1599.083    28.385    13.454
  1599.183    28.385    13.515
  1599.583    28.385    13.515
  1599.683    28.325    13.515
  1599.783    28.205    13.575
  1599.883    28.205    13.575
  1599.983    28.144    13.636
  1600.082    28.144    13.697
  1600.183    28.084    13.697
  1600.284    28.084    13.757
  1600.485    28.084    13.757
  1600.586    28.084    13.818
  1605.620    28.084    13.818
  1605.721    28.024    13.818
  1610.480    28.024    13.818
  1610.581    27.964    13.818
  1610.986    27.964    13.818
  1611.088    27.904    13.818
  1611.291    27.904    13.818
  1611.392    27.844    13.818
  1611.493    27.844    13.818
  1611.595    27.844    13.757
  1611.699    27.844    13.757
  1611.800    27.723    13.697
  1611.901    27.723    13.697
  1612.002    27.663    13.697
  1612.206    27.663    13.697
  1612.308    27.663    13.636
  1614.919    27.663    13.636
  1615.021    27.723    13.757
  1615.121    27.844    13.818
  1615.221    27.904    13.939
  1615.322    27.964    13.939
  1615.422    27.964    13.939
  1615.522    28.024    13.939
  1615.621    28.084    13.939
  1616.225    28.084    13.939
  1616.325    28.024    13.939
  1619.241    28.024    13.939
  1619.341    28.024    14.000
  1619.443    28.024    14.000
  1619.543    28.024    14.060
  1619.644    28.024    14.060
  1619.745    28.024    14.121
  1619.948    28.024    14.121
  1620.049    28.024    14.182
  1620.149    28.024    14.242
  1620.249    28.024    14.303
  1620.349    28.024    14.303
  1620.459    28.084    14.303
  1621.260    28.084    14.303
  1621.359    28.084    14.363
  1621.460    28.144    14.363
  1648.841    28.144    14.363
  1648.943    28.144    14.424
  1649.044    28.205    14.424
  1649.145    28.205    14.545
  1649.248    28.205    14.606
  1649.348    28.205    14.666
  1649.449    28.205    14.788
  1649.551    28.205    14.848
  1649.652    28.205    14.909
  1649.755    28.265    15.030
  1649.855    28.265    15.030
  1649.956    28.265    15.091
  1650.058    28.265    15.151
  1650.158    28.205    15.151
  1656.579    28.205    15.151
  1656.679    28.084    15.091
  1656.780    27.904    15.030
  1656.882    27.844    14.970
  1656.982    27.783    14.970
  1657.082    27.783    14.970
  1657.182    27.663    14.848
  1657.282    27.663    14.788
  1657.382    27.603    14.727
  1657.482    27.543    14.666
  1657.583    27.543    14.606
  1657.683    27.543    14.545
  1657.783    27.482    14.545
  1657.883    27.423    14.485
  1657.983    27.423    14.424
  1658.083    27.362    14.424
  1658.183    27.362    14.424
  1658.283    27.362    14.363
  1666.342    27.362    14.363
  1666.443    27.362    14.303
  1666.545    27.362    14.303
  1666.645    27.362    14.242
  1666.849    27.362    14.242
  1666.949    27.362    14.121
  1667.052    27.362    14.121
  1667.153    27.362    14.060
  1670.473    27.362    14.060
  1670.573    27.423    14.060
  1670.674    27.482    14.000
  1670.776    27.543    14.000
  1670.876    27.603    13.939
  1670.978    27.663    13.879
  1671.078    27.723    13.879
  1677.120    27.723    13.879
  1677.220    27.723    13.818
  1677.320    27.723    13.818
  1677.420    27.783    13.757
  1677.720    27.783    13.757
  1677.820    27.844    13.757
  1677.920    27.964    13.636
  1678.020    28.024    13.636
  1678.120    28.084    13.636
  1678.320    28.084    13.636
  1678.421    28.144    13.697
  1678.521    28.144    13.757
  1678.621    28.205    13.757
  1678.721    28.325    13.757
  1678.821    28.445    13.818
  1679.022    28.445    13.818
  1679.124    28.505    13.818
  1682.338    28.505    13.818
  1682.438    28.445    13.818
  1682.539    28.385    13.818
  1682.741    28.385    13.818
  1682.842    28.325    13.818
  1682.943    28.265    13.879
  1683.044    28.144    13.879
  1683.146    28.084    13.939
  1683.245    28.024    14.000
  1683.345    27.904    14.000
  1683.445    27.844    14.121
  1683.546    27.844    14.182
  1683.645    27.783    14.182
  1683.845    27.783    14.182
  1683.946    27.783    14.242
  1684.045    27.723    14.303
  1684.446    27.723    14.303
  1684.547    27.723    14.363
  1898.046    27.723    14.363
  1898.149    27.663    14.363
  1898.250    27.603    14.363
  1898.451    27.603    14.363
  1898.553    27.603    14.303
  1898.757    27.603    14.303
  1898.858    27.603    14.242
  1898.959    27.603    14.242
  1899.059    27.543    14.242
  1899.159    27.543    14.182
  1934.046    27.543    14.182
  1934.147    27.543    14.242
  1934.248    27.543    14.363
  1934.351    27.543    14.424
  1934.555    27.543    14.424
  1934.658    27.543    14.485
  1934.759    27.482    14.485
  1941.562    27.482    14.485
  1941.663    27.482    14.545
  1942.272    27.482    14.545
  1942.373    27.482    14.606
  1942.575    27.482    14.606
  1942.676    27.482    14.666
  1942.777    27.482    14.666
  1942.878    27.482    14.727
  1942.979    27.482    14.788
  2301.171    27.482    14.788
  2301.273    27.423    14.727
  2301.376    27.302    14.606
  2301.883    27.302    14.606
  2301.984    27.302    14.545
  2303.291    27.302    14.545
  2303.392    27.243    14.545
  2316.655    27.243    14.545
  2316.756    27.243    14.485
  2317.064    27.243    14.485
  2317.164    27.182    14.485
  2317.266    27.182    14.485
  2317.367    27.122    14.485
  2317.469    27.122    14.485
  2317.571    27.062    14.424
  2317.975    27.062    14.424
  2318.075    27.002    14.363
  2318.275    27.002    14.363
  2318.375    27.002    14.303
  2318.876    27.002    14.303
  2318.976    27.002    14.242
  2319.177    27.002    14.242
  2319.278    27.062    14.242
  2319.379    27.122    14.242
  2319.481    27.122    14.242
  2319.581    27.182    14.182
  2319.683    27.243    14.182
  2319.785    27.302    14.182
  2319.886    27.362    14.121
  2319.989    27.482    14.060
  2320.191    27.482    14.060
  2320.292    27.543    14.060
  2320.698    27.543    14.060
  2320.802    27.603    14.000
  2320.904    27.603    14.000
  2321.005    27.663    14.000
  2321.207    27.663    14.000
  2321.308    27.723    14.000
  2321.409    27.783    14.000
  2322.209    27.783    14.000
  2322.310    27.723    14.000
  2322.610    27.723    14.000
  2322.711    27.723    13.939
  2323.216    27.723    13.939
  2323.317    27.844    13.879
  2323.418    27.904    13.818
  2324.120    27.904    13.818
  2324.220    27.904    13.757
  2324.320    27.964    13.757
  2324.421    28.024    13.757
  2324.521    28.024    13.697
  2324.621    28.084    13.697
  2324.721    28.084    13.697
  2324.822    28.084    13.636
  2324.923    28.205    13.575
  2325.024    28.265    13.515
  2325.125    28.265    13.515
  2325.225    28.265    13.454
  2325.325    28.325    13.454
  2326.727    28.325    13.454
  2326.827    28.385    13.454
  2327.327    28.385    13.454
  2327.427    28.505    13.454
  2327.527    28.686    13.454
  2327.628    28.806    13.454
  2327.728    28.866    13.454
  2328.028    28.866    13.454
  2328.129    28.926    13.454
  2329.239    28.926    13.454
  2329.340    28.806    13.454
  2329.441    28.746    13.394
  2329.543    28.626    13.394
  2329.644    28.626    13.333
  2329.746    28.565    13.333
  2329.846    28.565    13.333
  2329.947    28.505    13.333
  2330.048    28.505    13.394
  2330.150    28.445    13.394
  2330.252    28.445    13.454
  2332.285    28.445    13.454
  2332.385    28.385    13.454
  2335.128    28.385    13.454
  2335.228    28.445    13.454
  2335.332    28.445    13.454
  2335.433    28.505    13.454
  2335.534    28.505    13.454
  2335.635    28.565    13.454
  2335.737    28.565    13.454
  2335.839    28.626    13.454
  2335.940    28.686    13.515
  2336.041    28.686    13.575
  2336.143    28.746    13.636
  2336.243    28.746    13.697
  2336.344    28.746    13.697
  2336.446    28.746    13.757
  2336.547    28.746    13.818
  2336.647    28.746    13.939
  2336.750    28.746    14.000
  2336.850    28.746    14.000
  2336.952    28.746    14.060
  2337.052    28.746    14.060
  2337.154    28.746    14.121
  2337.255    28.746    14.182
  2337.357    28.746    14.242
  2337.460    28.746    14.242
  2337.561    28.746    14.303
  2337.663    28.686    14.303
  2344.198    28.686    14.303
  2344.300    28.686    14.363
  2344.907    28.686    14.363
  2345.009    28.746    14.363
  2345.110    28.746    14.424
  2345.213    28.806    14.424
  2345.416    28.806    14.424
  2345.516    28.866    14.424
  2347.526    28.866    14.424
  2347.627    28.926    14.424
  2347.728    28.926    14.424
  2347.830    28.986    14.424
  2360.978    28.986    14.424
  2361.079    28.986    14.485
  2361.180    28.986    14.485
  2361.284    28.926    14.606
  2361.384    28.866    14.666
  2361.484    28.866    14.788
  2361.584    28.806    14.909
  2361.684    28.806    15.030
  2361.784    28.806    15.151
  2361.885    28.746    15.212
  2361.985    28.746    15.333
  2362.085    28.746    15.454
  2362.186    28.746    15.576
  2362.286    28.626    15.758
  2362.386    28.626    15.939
  2362.486    28.626    16.061
  2362.587    28.626    16.242
  2362.687    28.626    16.364
  2362.788    28.626    16.485
  2362.889    28.626    16.545
  2362.990    28.565    16.545
  2365.202    28.565    16.545
  2365.303    28.505    16.545
  2365.405    28.445    16.545
  2365.508    28.385    16.485
  2367.128    28.385    16.485
  2367.229    28.325    16.485
  2377.524    28.325    16.485
  2377.625    28.265    16.485
  2377.726    28.265    16.485
  2377.827    28.144    16.424
  2377.928    28.144    16.424
  2378.029    28.084    16.364
  2378.129    28.084    16.364
  2378.229    28.024    16.364
  2378.329    28.024    16.303
  2379.934    28.024    16.303
  2380.034    28.084    16.303
  2380.234    28.084    16.303
  2380.334    28.084    16.364
  2380.434    28.084    16.424
  2380.634    28.084    16.424
  2380.734    28.084    16.485
  2380.834    28.144    16.485
  2381.840    28.144    16.485
  2381.940    28.205    16.485
  2424.450    28.205    16.485
  2424.551    28.144    16.485
  2428.964    28.144    16.485
  2429.064    28.084    16.545
  2433.199    28.084    16.545
  2433.300    28.024    16.545
  2433.401    27.964    16.667
  2433.502    27.783    16.727
  2433.603    27.663    16.788
  2433.704    27.603    16.788
  2433.806    27.603    16.788
  2433.907    27.603    16.849
  2434.009    27.543    16.849
  2434.313    27.543    16.849
  2434.415    27.482    16.849
  2434.517    27.482    16.849
  2434.619    27.482    16.909
  2434.719    27.423    16.909
  2434.821    27.423    16.909
  2434.920    27.362    16.909
  2435.020    27.362    16.909
  2435.120    27.302    16.909
  2435.220    27.243    16.909
  2435.322    27.243    16.970
  2435.421    27.122    16.970
  2435.522    27.062    17.030
  2436.126    27.062    17.030
  2436.227    27.002    17.091
  2436.328    27.002    17.212
  2436.429    26.941    17.212
  2436.530    26.941    17.212
  2436.633    26.941    17.273
  2447.420    26.941    17.273
  2447.520    26.941    17.333
  2447.621    26.941    17.394
  2447.721    26.941    17.454
  2447.821    26.941    17.454
  2447.921    26.941    17.515
  2448.021    26.941    17.515
  2448.123    26.941    17.575
  2448.224    26.941    17.575
  2448.325    26.941    17.636
  2448.424    26.941    17.636
  2448.525    26.941    17.697
  2448.625    26.882    17.697
  2448.826    26.882    17.697
  2448.927    26.882    17.818
  2449.027    26.882    17.878
  2449.128    26.882    17.939
  2453.465    26.882    17.939
  2453.567    26.882    18.000
  2453.668    26.882    18.000
  2453.767    26.941    18.060
  2453.869    26.941    18.121
  2453.969    26.941    18.182
  2454.070    26.941    18.182
  2454.169    26.941    18.242
  2456.175    26.941    18.242
  2456.275    26.882    18.303
  2456.375    26.882    18.363
  2456.476    26.822    18.424
  2456.575    26.822    18.424
  2456.675    26.822    18.485
  2456.776    26.822    18.545
  2456.877    26.822    18.666
  2456.978    26.822    18.727
  2457.080    26.822    18.848
  2457.182    26.882    18.970
  2457.281    26.882    19.030
  2457.382    26.941    19.151
  2457.482    26.941    19.151
  2457.582    26.941    19.212
  2457.682    26.941    19.212
  2457.782    27.002    19.333
  2457.882    27.002    19.394
  2457.982    27.002    19.454
  2458.082    27.002    19.515
  2458.181    27.002    19.576
  2458.282    27.002    19.636
  2458.383    27.002    19.636
  2458.482    27.002    19.697
  2458.582    27.002    19.697
  2458.684    27.002    19.757
  2458.785    27.002    19.879
  2458.886    27.062    20.000
  2458.986    27.122    20.121
  2459.087    27.182    20.303
  2459.188    27.182    20.424
  2459.289    27.243    20.485
  2460.302    27.243    20.485
  2460.404    27.243    20.545
  2460.612    27.243    20.545
  2460.714    27.243    20.606
  2460.815    27.243    20.667
  2461.221    27.243    20.667
  2461.323    27.302    20.727
  2461.828    27.302    20.727
  2461.929    27.362    20.727
  2618.822    27.362    20.727
  2618.923    27.362    20.788
  3036.842    27.362    20.788
  3036.942    27.302    20.788
  3037.042    27.302    20.788
  3037.143    27.243    20.727
  3037.243    27.243    20.727
  3037.344    27.243    20.667
  3037.546    27.243    20.667
  3037.646    27.182    20.606
  3038.150    27.182    20.606
  3038.251    27.182    20.667
  3038.352    27.182    20.788
  3038.455    27.182    20.849
  3038.554    27.243    20.970
  3038.655    27.302    21.030
  3038.756    27.302    21.091
  3038.857    27.362    21.091
  3038.958    27.423    21.212
  3039.060    27.482    21.333
  3039.161    27.482    21.333
  3039.264    27.543    21.455
  3039.365    27.543    21.455
  3039.466    27.543    21.515
  3039.567    27.603    21.515
  3039.668    27.603    21.636
  3039.770    27.663    21.757
  3039.871    27.723    21.818
  3039.972    27.783    22.000
  3040.073    27.783    22.121
  3040.174    27.844    22.242
  3040.274    27.844    22.303
  3040.378    27.844    22.424
  3040.479    27.844    22.485
  3040.582    27.844    22.606
  3040.684    27.844    22.666
  3040.785    27.904    22.727
  3040.886    27.904    22.788
  3040.988    27.904    22.848
  3041.089    27.904    22.909
  3041.189    27.904    22.909
  3041.289    27.964    22.969
  3042.491    27.964    22.969
  3042.592    27.904    22.969
  3043.606    27.904    22.969
  3043.707    27.904    23.030
  3043.808    27.904    23.091
  3043.909    27.904    23.151
  3044.010    27.904    23.151
  3044.111    27.904    23.212
  3044.621    27.904    23.212
  3044.722    27.904    23.273
  3045.329    27.904    23.273
  3045.431    27.964    23.333
  3045.533    27.964    23.454
  3045.635    28.024    23.516
  3045.937    28.024    23.516
  3046.037    28.084    23.516
  3046.237    28.084    23.516
  3046.338    28.144    23.576
  3046.438    28.205    23.576
  3046.537    28.205    23.576
  3046.638    28.265    23.576
  3046.737    28.325    23.576
  3046.837    28.325    23.576
  3046.939    28.445    23.576
  3047.040    28.505    23.576
  3047.141    28.626    23.576
  3047.242    28.686    23.576
  3047.344    28.686    23.576
  3047.444    28.746    23.576
  3047.546    28.806    23.576
  3047.647    28.926    23.576
  3047.749    28.986    23.516
  3047.850    29.047    23.516
  3047.951    29.106    23.516
  3048.054    29.167    23.454
  3048.155    29.227    23.454
  3048.260    29.287    23.454
  3048.361    29.408    23.394
  3048.463    29.467    23.394
  3048.565    29.467    23.333
  3048.666    29.467    23.333
  3048.766    29.527    23.273
  3048.868    29.527    23.273
  3048.972    29.648    23.212
  3049.097    29.708    23.212
  3049.173    29.768    23.151
  3049.275    29.828    23.030
  3049.376    29.948    22.969
  3049.476    30.069    22.909
  3049.576    30.189    22.788
  3049.675    30.309    22.666
  3049.776    30.430    22.606
  3049.876    30.490    22.606
  3049.976    30.490    22.545
  3050.477    30.490    22.545
  3050.577    30.370    22.606
  3050.677    30.309    22.666
  3050.778    30.129    22.727
  3050.879    30.009    22.788
  3050.980    29.948    22.788
  3051.081    29.828    22.909
  3051.180    29.768    22.909
  3051.281    29.648    22.909
  3051.380    29.527    22.909
  3051.481    29.408    22.909
  3051.881    29.408    22.909
  3051.981    29.408    22.969
  3052.082    29.347    22.969
  3052.182    29.347    22.969
  3052.283    29.347    23.030
  3054.403    29.347    23.030
  3054.504    29.287    22.969
  3054.905    29.287    22.969
  3055.006    29.227    22.969
  3055.107    29.167    22.969
  3055.209    29.167    22.969
  3055.311    29.106    22.969
  3055.412    28.926    22.969
  3055.513    28.746    22.969
  3055.614    28.565    22.909
  3055.715    28.505    22.909
  3055.817    28.265    22.727
  3055.919    28.144    22.727
  3056.020    28.084    22.666
  3056.121    27.964    22.606
  3056.223    27.844    22.545
  3056.324    27.783    22.485
  3056.527    27.783    22.485
  3056.627    27.723    22.424
  3056.727    27.603    22.363
  3056.828    27.543    22.303
  3056.929    27.543    22.242
  3057.028    27.543    22.060
  3057.129    27.423    21.939
  3057.429    27.423    21.939
  3057.529    27.423    22.000
  3057.629    27.482    22.000
  3057.832    27.482    22.000
  3057.931    27.482    21.878
  3058.032    27.482    21.757
  3058.132    27.482    21.576
  3058.234    27.543    21.455
  3058.334    27.543    21.394
  3058.435    27.543    21.333
  3058.537    27.482    21.394
  3058.637    27.482    21.394
  3058.737    27.423    21.455
  3059.338    27.423    21.455
  3059.438    27.423    21.333
  3059.538    27.423    21.152
  3059.639    27.423    21.152
  3059.739    27.423    21.091
  3059.839    27.423    21.030
  3059.939    27.423    20.909
  3060.041    27.423    20.788
  3060.142    27.362    20.545
  3060.242    27.362    20.485
  3060.342    27.362    20.485
  3060.442    27.362    20.424
  3061.143    27.362    20.424
  3061.243    27.362    20.364
  3061.344    27.362    20.303
  3061.445    27.362    20.182
  3061.546    27.362    20.000
  3061.647    27.362    19.818
  3061.749    27.423    19.636
  3061.850    27.423    19.515
  3061.951    27.423    19.394
  3062.052    27.423    19.273
  3062.152    27.423    18.970
  3062.252    27.482    18.788
  3062.352    27.482    18.666
  3062.452    27.603    18.363
  3062.552    27.603    18.121
  3062.652    27.603    18.060
  3062.752    27.603    17.818
  3062.853    27.663    17.515
  3062.952    27.663    17.394
  3063.052    27.663    17.394
  3063.153    27.663    17.091
  3063.254    27.663    16.909
  3063.554    27.663    16.909
  3063.655    27.723    16.849
  3063.756    27.723    16.727
  3063.857    27.723    16.667
  3063.957    27.723    16.545
  3064.057    27.783    16.303
  3064.157    27.783    16.182
  3064.259    27.844    16.000
  3064.663    27.844    16.000
  3064.764    27.783    15.939
  3065.264    27.783    15.939
  3065.364    27.783    15.879
  3065.465    27.783    15.697
  3065.565    27.844    15.515
  3065.665    27.904    15.273
  3065.765    27.964    15.030
  3065.867    27.964    14.970
  3065.968    27.964    14.970
  3066.068    28.024    14.970
  3066.168    28.084    14.970
  3066.269    28.084    14.970
  3066.371    28.084    15.030
  3066.572    28.084    15.030
  3066.671    28.144    15.030
  3066.773    28.205    14.970
  3066.874    28.385    14.848
  3066.974    28.565    14.666
  3067.075    28.686    14.606
  3067.177    28.926    14.424
  3067.278    29.047    14.242
  3067.377    29.047    14.182
  3067.478    29.106    14.121
  3067.578    29.167    13.939
  3067.678    29.287    13.757
  3067.778    29.347    13.697
  3067.880    29.347    13.636
  3067.982    29.527    13.394
  3068.083    29.708    13.151
  3068.183    29.888    13.030
  3068.284    30.129    12.727
  3068.386    30.309    12.485
  3068.488    30.370    12.364
  3068.589    30.490    12.242
  3068.691    30.490    12.242
  3068.800    30.550    12.242
  3070.914    30.550    12.242
  3071.014    30.550    12.303
  3071.114    30.490    12.364
  3071.214    30.490    12.364
  3071.314    30.430    12.364
  3077.552    30.430    12.364
  3077.654    30.370    12.303
  3077.755    30.370    12.242
  3077.855    30.309    12.182
  3077.955    30.309    12.182
  3078.055    30.249    12.121
  3078.155    30.189    12.061
  3078.255    30.129    12.061
  3078.355    30.069    12.000
  3078.455    30.069    12.000
  3078.555    30.009    12.000
  3078.656    30.009    12.000
  3078.756    29.948    12.000
  3079.862    29.948    12.000
  3079.962    29.888    12.000
  3080.063    29.828    11.939
  3080.163    29.768    11.939
  3080.263    29.708    11.939
  3080.363    29.708    11.939
  3080.464    29.648    11.879
  3080.565    29.588    11.818
  3080.665    29.467    11.818
  3080.765    29.408    11.818
  3080.865    29.408    11.758
  3080.967    29.347    11.758
  3081.167    29.347    11.758
  3081.268    29.287    11.758
  3110.387    29.287    11.758
  3110.487    29.227    11.758
  3110.587    29.227    11.758
  3110.687    29.167    11.697
  3110.888    29.167    11.697
  3110.989    29.106    11.697
  3111.090    29.106    11.697
  3111.192    29.106    11.758
  3111.293    29.047    11.758
  3111.394    28.986    11.818
  3111.495    28.986    11.818
  3111.596    28.926    11.818
  3195.208    28.926    11.818
  3195.308    28.926    11.879
  3195.510    28.926    11.879
  3195.610    28.866    11.879
  3195.811    28.866    11.879
  3195.910    28.806    11.879
  3196.211    28.806    11.879
  3196.311    28.746    11.879
  3196.411    28.746    11.939
  3196.712    28.746    11.939
  3196.813    28.746    12.000
  3196.913    28.746    12.061
  3197.014    28.746    12.061
  3197.115    28.746    12.121
  3197.216    28.746    12.121
  3197.317    28.686    12.121
  3197.418    28.686    12.182
  3197.518    28.686    12.182
  3197.621    28.686    12.242
  3197.824    28.686    12.242
  3197.925    28.686    12.303
  3198.027    28.686    12.303
  3198.128    28.626    12.303
  3201.380    28.626    12.303
  3201.481    28.686    12.303
  3203.206    28.686    12.303
  3203.308    28.686    12.242
  3203.409    28.746    12.242
  3203.510    28.746    12.182
  3204.523    28.746    12.182
  3204.624    28.746    12.121
  3205.024    28.746    12.121
  3205.124    28.806    12.121
  3205.828    28.806    12.121
  3205.929    28.806    12.061
  3206.030    28.866    12.061
  3206.131    28.866    12.061
  3206.231    28.866    12.000
  3206.331    28.866    12.000
  3206.432    28.926    12.000
  3206.632    28.926    12.000
  3206.732    28.926    11.939
  3206.933    28.926    11.939
  3207.034    28.986    11.879
  3207.234    28.986    11.879
  3207.334    28.986    11.818
  3253.088    28.986    11.818
  3253.188    28.926    11.818
  3253.288    28.926    11.818
  3253.388    28.866    11.879
  3253.488    28.806    11.939
  3253.588    28.806    11.939
  3253.688    28.746    11.939
  3253.788    28.746    12.000
  3253.888    28.626    12.000
  3254.088    28.626    12.000
  3254.189    28.565    12.000
  3254.289    28.565    12.061
  3254.590    28.565    12.061
  3254.690    28.505    12.061
  3255.294    28.505    12.061
  3255.394    28.445    12.061
  3255.494    28.445    12.121
  3268.691    28.445    12.121
  3268.791    28.445    12.182
  3276.340    28.445    12.182
  3276.439    28.385    12.242
  3276.540    28.325    12.303
  3276.639    28.325    12.364
  3276.740    28.325    12.364
  3276.841    28.325    12.424
  3277.141    28.325    12.424
  3277.242    28.265    12.424
  3277.646    28.265    12.424
  3277.748    28.265    12.485
  3277.848    28.265    12.546
  3277.949    28.325    12.606
  3278.861    28.325    12.606
  3278.963    28.325    12.667
  3279.063    28.385    12.667
  3279.870    28.385    12.667
  3279.971    28.445    12.667
  3280.470    28.445    12.667
  3280.571    28.505    12.667
  3284.085    28.505    12.667
  3284.185    28.505    12.606
  3284.285    28.505    12.606
  3284.386    28.445    12.546
  3284.485    28.445    12.546
  3284.587    28.385    12.485
  3284.688    28.385    12.424
  3284.788    28.385    12.424
  3284.889    28.385    12.364
  3285.798    28.385    12.364
  3285.899    28.385    12.303
  3286.000    28.385    12.303
  3286.102    28.385    12.242
  3286.507    28.385    12.242
  3286.608    28.385    12.182
  3286.709    28.385    12.182
  3286.812    28.385    12.121
  3286.913    28.385    12.121
  3287.014    28.325    12.061
  3287.216    28.325    12.061
  3287.317    28.325    12.000
  3287.421    28.325    11.879
  3287.522    28.325    11.879
  3287.625    28.325    11.818
  3288.030    28.325    11.818
  3288.131    28.265    11.818
  3288.233    28.265    11.758
  3288.334    28.265    11.758
  3288.435    28.265    11.697
  3288.536    28.265    11.697
  3288.638    28.265    11.636
  3289.341    28.265    11.636
  3289.441    28.265    11.576
  3289.543    28.265    11.576
  3289.643    28.265    11.454
  3289.744    28.265    11.394
  3289.844    28.265    11.333
  3290.044    28.265    11.333
  3290.145    28.205    11.273
  3290.245    28.205    11.273
  3290.346    28.205    11.212
  3290.449    28.205    11.151
  3290.549    28.205    11.030
  3291.174    28.205    11.030
  3291.251    28.205    10.970
  3291.350    28.205    10.848
  3291.450    28.205    10.788
  3291.550    28.205    10.788
  3291.650    28.205    10.727
  3294.262    28.205    10.727
  3294.362    28.205    10.606
  3294.461    28.205    10.545
  3294.562    28.205    10.545
  3294.662    28.205    10.485
  3294.762    28.084    10.363
  3294.862    28.084    10.303
  3294.963    28.084    10.242
  3295.063    28.084    10.182
  3295.164    28.084    10.121
  3295.265    28.084    10.121
  3295.365    28.024    10.121
  3295.665    28.024    10.121
  3295.766    28.024    10.060
  3295.866    28.024    10.000
  3296.066    28.024    10.000
  3296.166    28.024     9.939
  3296.266    27.964     9.939
  3296.366    27.964     9.939
  3296.466    27.964     9.879
  3296.870    27.964     9.879
  3296.971    27.844     9.818
  3297.073    27.844     9.757
  3297.175    27.783     9.757
  3297.277    27.783     9.757
  3297.378    27.783     9.697
  3297.478    27.783     9.636
  3297.782    27.783     9.636
  3297.882    27.783     9.575
  3299.897    27.783     9.575
  3299.997    27.783     9.515
  3300.098    27.783     9.454
  3300.198    27.783     9.333
  3300.299    27.783     9.272
  3300.909    27.783     9.272
  3301.010    27.844     9.212
  3301.310    27.844     9.212
  3301.410    27.904     9.151
  3303.826    27.904     9.151
  3303.926    27.844     9.151
  3304.026    27.844     9.212
  3304.127    27.844     9.272
  3304.227    27.783     9.272
  3305.241    27.783     9.272
  3305.342    27.783     9.333
  3306.963    27.783     9.333
  3307.063    27.783     9.394
  3307.163    27.783     9.454
  3307.263    27.783     9.515
  3307.663    27.783     9.515
  3307.764    27.723     9.515
  3307.864    27.723     9.515
  3307.964    27.723     9.454
  3308.368    27.723     9.454
  3308.469    27.603     9.394
  3308.570    27.543     9.394
  3311.311    27.543     9.394
  3311.412    27.603     9.454
  3311.515    27.603     9.515
  3311.617    27.663     9.515
  3311.719    27.663     9.515
  3311.820    27.783     9.575
  3311.922    27.844     9.575
  3312.025    27.904     9.575
  3312.128    27.904     9.636
  3312.329    27.904     9.636
  3312.431    27.964     9.636
  3313.043    27.964     9.636
  3313.144    28.024     9.697
  3313.244    28.084     9.697
  3313.345    28.084     9.697
  3313.446    28.084     9.757
  3314.550    28.084     9.757
  3314.650    28.084     9.697
  3314.752    28.084     9.636
  3314.852    28.144     9.636
  3314.954    28.144     9.575
  3315.156    28.144     9.575
  3315.257    28.144     9.515
  3315.966    28.144     9.515
  3316.067    28.144     9.575
  3316.169    28.084     9.636
  3316.270    28.024     9.636
  3316.370    28.024     9.636
  3316.472    28.024     9.697
  3316.573    28.084     9.879
  3316.673    28.084     9.879
  3316.775    28.084     9.939
  3316.876    28.084     9.939
  3316.977    28.084    10.000
  3317.078    28.144    10.000
  3317.180    28.144    10.060
  3317.282    28.144    10.060
  3317.384    28.144    10.121
  3317.484    28.144    10.182
  3317.584    28.144    10.182
  3317.684    28.144    10.242
  3317.884    28.144    10.242
  3317.984    28.144    10.363
  3318.086    28.084    10.424
  3318.185    28.084    10.424
  3318.287    28.084    10.485
  3318.588    28.084    10.485
  3318.689    28.024    10.485
  4003.228    28.024    10.485
  4003.330    28.024    10.424
  4003.431    28.024    10.303
  4003.532    28.024    10.182
  4003.634    28.024    10.121
  4003.742    28.024     9.939
  4003.843    28.024     9.879
  4003.943    28.024     9.757
  4004.044    28.084     9.575
  4004.146    28.144     9.575
  4004.248    28.144     9.515
  4004.349    28.144     9.394
  4397.189    28.144     9.394
  4397.289    28.205     9.394
  4397.389    28.205     9.394
  4397.489    28.265     9.394
  4397.589    28.325     9.394
  4400.198    28.325     9.394
  4400.299    28.385     9.454
  4400.499    28.385     9.454
  4400.600    28.445     9.454
  4400.701    28.505     9.454
  4400.802    28.626     9.454
  4402.309    28.626     9.454
  4402.410    28.626     9.515
  4402.613    28.626     9.515
  4402.713    28.686     9.575
  4403.014    28.686     9.575
  4403.113    28.686     9.636
  4403.215    28.686     9.636
  4403.315    28.746     9.636
  4420.014    28.746     9.636
  4420.115    28.746     9.575
  4420.217    28.806     9.333
  4420.317    28.806     9.212
  4420.417    28.866     8.909
  4420.517    28.926     8.727
  4420.618    29.047     8.606
  4420.718    29.047     8.546
  4420.818    29.047     8.546
  4420.918    29.106     8.364
  4421.019    29.167     8.242
  4421.119    29.167     8.242
  4421.219    29.167     8.182
  4421.320    29.167     8.121
  4421.420    29.227     8.061
  4421.520    29.227     8.000
  4421.620    29.287     8.000
  4421.722    29.287     7.939
  4421.823    29.287     7.818
  4421.922    29.287     7.697
  4422.023    29.287     7.636
  4422.123    29.287     7.576
  4422.523    29.287     7.576
  4422.623    29.287     7.636
  4422.923    29.287     7.636
  4423.023    29.287     7.697
  4423.122    29.227     7.697
  4423.223    29.167     7.697
  4424.128    29.167     7.697
  4424.228    29.167     7.758
  4425.030    29.167     7.758
  4425.130    29.167     7.818
  4425.231    29.227     7.818
  4425.931    29.227     7.818
  4426.031    29.287     7.818
  4426.231    29.287     7.818
  4426.332    29.287     7.879
  4427.543    29.287     7.879
  4427.645    29.347     7.879
  4427.747    29.467     7.879
  4427.848    29.527     7.879
  4427.949    29.588     7.879
  4428.050    29.588     7.818
  4428.151    29.708     7.818
  4428.252    29.708     7.758
  4428.353    29.768     7.758
  4428.455    29.768     7.758
  4428.556    29.828     7.758
  4428.660    29.828     7.758
  4428.761    29.828     7.697
  4428.863    29.888     7.697
  4428.964    29.888     7.697
  4429.066    30.009     7.697
  4429.168    30.069     7.697
  4429.269    30.129     7.697
  4429.675    30.129     7.697
  4429.778    30.069     7.697
  4430.588    30.069     7.697
  4430.692    30.009     7.697
  4436.965    30.009     7.697
  4437.066    30.009     7.758
  4437.167    30.009     7.818
  4437.268    30.069     8.061
  4437.369    30.189     8.242
  4437.470    30.249     8.364
  4437.573    30.309     8.485
  4437.674    30.370     8.606
  4437.777    30.430     8.787
  4437.878    30.550     9.030
  4437.979    30.610     9.272
  4438.082    30.610     9.636
  4438.183    30.490     9.939
  4438.284    30.430    10.303
  4438.386    30.370    10.788
  4438.487    30.249    11.454
  4438.588    30.189    11.879
  4438.690    30.069    12.424
  4438.790    29.828    13.091
  4438.891    29.708    13.697
  4438.997    29.408    14.303
  4439.100    28.926    15.394
  4439.201    28.686    15.939
  4439.304    28.565    16.303
  4439.406    28.565    16.788
  4439.507    28.385    17.333
  4439.607    28.144    17.939
  4439.707    27.783    18.424
  4439.807    27.182    19.091
  4439.907    26.822    19.576
  4440.008    26.581    20.000
  4440.108    26.280    20.606
  4440.209    26.040    21.152
  4440.310    25.979    21.576
  4440.411    26.280    21.818
  4440.511    26.701    22.060
  4440.612    26.941    22.242
  4440.712    27.122    22.485
  4440.813    27.302    22.788
  4440.913    27.423    22.909
  4442.035    27.423    22.909
  4442.136    27.362    22.909
  4442.237    27.243    23.030
  4442.338    27.002    23.333
  4442.440    26.822    23.516
  4442.642    26.822    23.516
  4442.743    26.340    23.516
  4442.845    26.220    23.516
  4442.946    26.220    23.697
  4443.048    25.799    23.939
  4443.150    25.137    24.000
  4443.252    25.017    24.000
  4443.352    24.837    24.000
  4443.452    24.536    24.000
  4443.552    24.356    24.121
  4443.653    24.235    24.182
  4443.753    24.115    24.182
  4443.853    23.814    24.061
  4443.954    23.574    24.061
  4444.054    23.153    24.242
  4444.155    23.093    24.303
  4445.872    23.093    24.303
  4445.974    23.033    24.182
  4446.077    22.913    24.061
  4446.178    22.852    23.939
  4446.279    22.672    23.818
  4446.380    22.492    23.697
  4446.480    22.311    23.516
  4446.582    22.071    23.212
  4446.682    21.770    22.788
  4446.784    21.649    22.606
  4446.885    21.349    22.303
  4446.987    20.928    22.000
  4447.089    20.868    21.939
  4447.190    20.627    21.636
  4447.291    19.966    21.030
  4447.392    19.785    20.788
  4447.493    19.665    20.606
  4447.593    19.364    20.182
  4447.694    19.124    19.939
  4447.794    19.063    19.939
  4447.894    18.883    19.879
  4447.995    18.402    19.879
  4448.096    18.222    19.879
  4448.196    17.981    19.879
  4448.297    17.500    19.879
  4448.397    17.200    19.818
  4448.497    17.079    19.818
  4448.598    16.839    19.818
  4448.698    16.177    20.121
  4448.799    15.997    20.182
  4448.900    15.997    20.182
  4449.001    15.636    20.182
  4449.102    15.335    20.364
  4449.204    15.155    20.485
  4449.305    14.794    20.606
  4449.406    14.553    20.788
  4449.507    14.132    20.909
  4449.610    13.651    20.849
  4449.712    13.411    20.788
  4449.813    13.050    20.788
  4449.914    12.870    20.727
  4450.015    12.810    20.667
  4450.115    12.629    20.606
  4450.215    12.569    20.606
  4450.315    12.509    20.606
  4450.415    12.268    20.606
  4450.515    12.028    20.485
  4450.615    11.967    20.485
  4451.819    11.967    20.485
  4451.920    11.667    20.970
  4452.021    11.486    21.273
  4452.122    11.366    21.455
  4452.225    11.005    21.697
  4452.326    10.645    22.182
  4452.428    10.404    22.424
  4452.529    10.404    22.424
  4452.631    10.344    22.424
  4452.732    10.224    22.485
  4452.832    10.103    22.848
  4452.932    10.043    22.969
  4453.032     9.923    23.091
  4453.133     9.562    23.212
  4453.246     9.502    23.273
  4453.333     9.442    23.394
  4453.433     9.201    23.697
  4453.533     9.021    23.757
  4453.633     9.021    23.757
  4453.733     9.021    23.818
  4453.834     9.021    23.879
  4454.842     9.021    23.879
  4454.945     9.081    23.879
  4457.078     9.081    23.879
  4457.179     9.141    23.939
  4457.280     9.201    24.000
  4457.383     9.321    24.000
  4457.484     9.381    24.000
  4457.585     9.442    24.000
  4457.688     9.622    23.939
  4457.789     9.682    23.939
  4458.093     9.682    23.939
  4458.195     9.742    23.939
  4458.296     9.742    23.939
  4458.399     9.803    24.000
  4458.601     9.803    24.000
  4458.702     9.682    23.939
  4458.803     9.682    23.879
  4459.004     9.682    23.879
  4459.106     9.622    23.818
  4459.311     9.622    23.818
  4459.413     9.562    23.818
  4459.514     9.381    23.697
  4459.615     9.262    23.636
  4459.717     9.262    23.636
  4459.819     9.262    23.576
  4459.919     9.262    23.576
  4460.019     9.321    23.516
  4460.119     9.321    23.516
  4460.219     9.321    23.454
  4460.319     9.381    23.333
  4460.419     9.381    23.273
  4460.519     9.381    23.212
  4460.719     9.381    23.212
  4460.819     9.321    23.212
  4460.919     9.262    23.212
  4461.019     9.141    23.212
  4461.321     9.141    23.212
  4461.422     9.201    23.151
  4461.524     9.262    23.151
  4461.825     9.262    23.151
  4461.925     9.262    23.091
  4462.025     9.201    22.848
  4462.125     9.201    22.606
  4462.226     9.201    22.485
  4462.327     9.201    22.182
  4462.428     9.201    21.939
  4462.528     9.201    21.818
  4462.628     9.201    21.818
  4462.729     9.262    21.697
  4462.829     9.321    21.636
  4463.033     9.321    21.636
  4463.135     9.321    21.394
  4463.234     9.381    21.333
  4463.336     9.502    21.152
  4463.437     9.502    21.091
  4463.538     9.502    20.970
  4463.638     9.442    20.788
  4463.740     9.321    20.606
  4463.841     9.321    20.485
  4463.942     9.321    20.424
  4464.044     9.321    20.364
  4464.146     9.321    20.182
  4464.247     9.321    20.061
  4464.349     9.262    19.939
  4464.452     9.081    19.818
  4464.553     8.960    19.697
  4464.654     8.960    19.636
  4464.755     8.901    19.576
  4464.858     8.841    19.394
  4464.959     8.841    19.212
  4465.061     8.720    18.970
  4465.162     8.600    18.848
  4465.263     8.540    18.666
  4465.364     8.419    18.485
  4465.466     8.299    18.303
  4465.567     8.119    18.121
  4465.668     8.119    18.060
  4465.769     8.119    18.000
  4465.870     7.878    17.878
  4465.971     7.638    17.757
  4466.071     7.517    17.636
  4466.172     7.397    17.575
  4466.273     7.397    17.394
  4466.372     7.337    17.333
  4466.473     7.337    17.273
  4466.673     7.337    17.273
  4466.773     7.097    17.152
  4466.873     6.916    17.091
  4466.973     6.795    17.030
  4467.074     6.736    16.970
  4467.174     6.615    16.970
  4467.274     6.495    16.970
  4467.375     6.315    16.970
  4467.476     6.194    16.970
  4467.577     6.194    16.970
  4467.678     6.134    16.970
  4469.197     6.134    16.970
  4469.298     5.954    16.727
  4469.400     5.833    16.364
  4469.502     5.773    16.182
  4469.602     5.593    15.939
  4469.704     5.292    15.636
  4469.805     5.232    15.515
  4469.906     5.112    15.454
  4470.007     5.052    15.394
  4477.062     5.052    15.394
  4477.163     5.052    15.333
  4477.263     5.052    15.212
  4477.363     5.052    15.091
  4477.463     5.052    14.909
  4477.563     5.052    14.848
  4477.663     5.112    14.727
  4477.763     5.112    14.666
  4477.862     5.112    14.606
  4477.963     5.172    14.424
  4478.062     5.232    14.363
  4478.162     5.232    14.303
  4478.263     5.232    14.182
  4478.365     5.232    14.121
  4478.467     5.232    13.939
  4478.568     5.232    13.818
  4478.671     5.232    13.636
  4478.773     5.172    13.515
  4478.874     5.112    13.333
  4478.975     5.052    13.030
  4479.076     4.991    12.727
  4479.177     4.991    12.424
  4479.279     4.991    12.121
  4479.380     4.871    11.879
  4479.481     4.871    11.758
  4479.583     4.811    11.636
  4479.683     4.751    11.394
  4479.786     4.571    11.151
  4479.887     4.390    10.788
  4479.989     4.210    10.606
  4480.093     4.150    10.485
  4480.195     4.150    10.303
  4480.295     4.150    10.121
  4480.397     4.150     9.939
  4480.497     4.150     9.879
  4480.597     4.150     9.757
  4480.697     4.150     9.697
  4480.798     4.090     9.697
  4480.898     3.668     9.575
  4480.998     3.668     9.515
  4481.098     3.608     9.454
  4481.198     3.488     9.454
  4481.299     3.488     9.394
  4483.940     3.488     9.394
  4484.041     3.428     9.333
  4484.142     3.368     9.212
  4484.243     3.308     9.151
  4484.344     3.247     9.091
  4484.445     3.247     9.030
  4484.546     3.187     8.969
  4484.748     3.187     8.969
  4484.849     3.128     8.969
  4484.951     3.007     8.909
  4485.052     2.887     8.909
  4485.154     2.887     8.848
  4485.256     2.826     8.848
  4485.357     2.706     8.848
  4485.459     2.706     8.787
  4485.560     2.646     8.787
  4486.875     2.646     8.787
  4486.982     2.706     8.727
  4487.083     3.007     8.667
  4487.186     3.308     8.546
  4487.288     3.428     8.424
  4487.389     3.488     8.303
  4487.490     3.668     8.061
  4487.591     3.729     8.000
  4487.692     3.909     7.879
  4487.794     3.969     7.758
  4487.895     4.029     7.697
  4487.997     4.150     7.636
  4488.198     4.150     7.636
  4488.299     4.150     7.697
  4488.400     4.210     7.697
  4489.208     4.210     7.697
  4489.310     4.210     7.758
  4489.411     4.390     7.818
  4489.512     4.511     7.879
  4489.614     4.511     7.879
  4489.714     4.571     7.879
  4489.918     4.571     7.879
  4490.021     4.571     8.000
  4490.122     4.571     8.061
  4490.222     4.511     8.242
  4490.323     4.450     8.303
  4490.423     4.450     8.485
  4490.523     4.450     8.546
  4490.624     4.450     8.606
  4490.723     4.511     8.606
  4490.823     4.571     8.667
  4490.925     4.630     8.667
  4491.025     4.811     8.667
  4491.126     5.052     8.667
  4491.227     5.112     8.667
  4491.328     5.232     8.667
  4491.428     5.352     8.787
  4491.528     5.473     8.787
  4491.628     5.593     8.787
  4491.730     5.713     8.727
  4491.831     5.773     8.727
  4491.932     5.833     8.727
  4492.032     5.954     8.727
  4492.134     6.014     8.727
  4492.237     6.074     8.848
  4492.339     6.194     8.909
  4492.440     6.315     8.969
  4492.541     6.375     8.969
  4492.644     6.375     9.030
  4492.744     6.435     9.030
  4492.849     6.495     9.030
  4493.052     6.495     9.030
  4493.153     6.495     9.091
  4493.255     6.555     9.091
  4493.358     6.615     9.091
  4493.460     6.615     9.091
  4493.561     6.676     9.091
  4493.865     6.676     9.091
  4493.965     6.736     9.151
  4494.067     6.795     9.151
  4494.168     6.856     9.151
  4494.269     6.916     9.151
  4494.369     6.976     9.151
  4494.469     6.976     9.151
  4494.569     7.036     9.151
  4494.670     7.097     9.151
  4496.073     7.097     9.151
  4496.174     7.097     9.212
  4496.275     6.976     9.333
  4496.376     6.916     9.515
  4510.040     6.916     9.515
  4510.141     6.916     9.575
  4510.242     6.916     9.575
  4510.342     6.856     9.575
  4513.159     6.856     9.575
  4513.260     6.736     9.636
  4513.360     6.676     9.697
  4513.461     6.676     9.879
  4513.562     6.615     9.939
  4513.662     6.615    10.000
  4513.762     6.676    10.060
  4513.864     6.676    10.121
  4513.966     6.676    10.121
  4514.066     6.736    10.121
  4514.166     6.795    10.182
  4514.266     6.795    10.182
  4514.366     6.916    10.242
  4514.467     7.036    10.303
  4514.567     7.097    10.303
  4514.667     7.097    10.303
  4514.769     7.156    10.363
  4514.868     7.216    10.363
  4514.969     7.337    10.363
  4515.069     7.397    10.363
  4515.169     7.457    10.363
  4515.270     7.517    10.363
  4515.372     7.638    10.363
  4515.473     7.758    10.363
  4515.576     7.938    10.424
  4515.676     8.179    10.424
  4515.776     8.359    10.485
  4515.878     8.419    10.485
  4515.978     8.419    10.485
  4516.080     8.480    10.485
  4516.182     8.660    10.545
  4516.283     8.720    10.545
  4516.384     8.780    10.545
  4516.485     8.960    10.606
  4516.608     9.141    10.606
  4516.710     9.262    10.667
  4516.811     9.502    10.727
  4516.911     9.742    10.727
  4517.011     9.923    10.788
  4517.111     9.983    10.788
  4517.211     9.983    10.788
  4517.311    10.043    10.788
  4520.122    10.043    10.788
  4520.223    10.043    10.848
  4521.133    10.043    10.848
  4521.234    10.103    10.788
  4521.335    10.163    10.727
  4521.437    10.224    10.727
  4521.540    10.284    10.727
  4521.641    10.284    10.667
  4521.742    10.344    10.667
  4523.868    10.344    10.667
  4523.973    10.404    10.667
  4524.074    10.464    10.606
  4524.175    10.524    10.606
  4524.276    10.705    10.545
  4524.379    10.705    10.545
  4524.479    10.765    10.545
  4528.874    10.765    10.545
  4528.975    10.765    10.485
  4529.075    10.765    10.424
  4529.176    10.825    10.424
  4529.276    10.885    10.303
  4529.376    10.945    10.303
  4529.477    11.005    10.303
  4529.577    11.005    10.303
  4529.677    11.125    10.242
  4529.777    11.186    10.242
  4544.217    11.186    10.242
  4544.317    11.186    10.182
  4544.417    11.125    10.182
  4544.517    11.125    10.121
  4544.617    11.066    10.060
  4544.716    11.066    10.060
  4544.818    11.066    10.000
  4544.919    11.066    10.000
  4545.020    11.066     9.939
  4545.120    11.066     9.939
  4545.221    11.066     9.879
  4545.322    11.066     9.818
  4585.817    11.066     9.818
  4585.917    11.005     9.818
  4586.018    11.005     9.757
  4586.119    10.885     9.697
  4586.220    10.825     9.575
  4586.321    10.825     9.575
  4586.421    10.765     9.515
  4586.522    10.705     9.515
  4586.626    10.584     9.454
  4586.726    10.524     9.394
  4586.828    10.284     9.333
  4586.929     9.622     9.091
  4587.030     8.600     8.848
  4587.131     8.119     8.848
  4587.231     7.337     8.969
  4587.331     5.653     9.212
  4587.431     4.210     9.212
  4587.532     3.729     9.212
  4587.632     3.247     9.212
  4587.733     1.985     9.515
  4587.832     1.864     9.636
  4587.934     1.744    10.000
  4588.035     1.564    10.545
  4588.135     1.504    11.030
  4588.235     1.263    11.636
  4588.337     1.143    11.939
  4589.139     1.143    11.939
  4589.240     1.684    11.939
  4589.341     2.646    12.182
  4589.442     4.029    12.485
  4589.543     4.991    12.667
  4589.643     5.773    12.970
  4589.743     6.435    13.454
  4589.844     7.277    13.879
  4589.945     7.698    14.060
  4590.046     8.359    14.424
  4590.147     9.021    15.030
  4590.247     9.562    15.333
  4590.347    11.066    15.697
  4590.448    11.667    16.000
  4590.548    12.028    16.182
  4590.648    12.328    16.485
  4590.748    12.389    16.545
  4590.848    12.509    17.212
  4590.948    12.990    18.182
  4591.048    13.050    18.485
  4591.148    13.170    18.909
  4591.248    13.351    19.576
  4591.348    13.832    20.424
  4591.449    14.253    21.152
  4591.549    14.553    22.000
  4591.649    15.155    22.909
  4591.749    15.576    23.454
  4591.850    15.396    23.212
  4591.950    15.275    22.303
  4592.051    15.515    22.424
  4592.151    15.816    22.788
  4592.250    16.177    23.091
  4592.350    16.358    23.151
  4594.675    16.358    23.151
  4594.775    16.658    23.516
  4594.876    17.139    23.879
  4594.977    17.440    24.121
  4595.079    17.981    24.485
  4595.180    18.222    24.848
  4595.282    18.462    25.030
  4595.384    18.523    25.152
  4595.485    18.583    25.152
  4597.004    18.583    25.152
  4597.105    18.944    25.152
  4597.208    19.966    25.091
  4597.308    20.206    24.970
  4597.411    20.627    24.848
  4597.512    20.687    24.848
  4597.613    20.687    24.848
  4597.715    20.807    24.848
  4597.817    20.928    24.727
  4597.918    21.289    24.545
  4598.020    21.710    24.242
  4598.120    21.710    24.242
  4598.222    21.830    24.121
  4598.322    21.830    24.061
  4598.425    21.770    24.000
  4598.527    21.770    24.000
  4598.628    21.830    24.000
  4598.730    22.010    24.000
  4598.832    22.071    24.000
  4599.034    22.071    24.000
  4599.136    22.191    24.000
  4599.238    22.431    24.000
  4599.441    22.431    24.000
  4599.543    22.732    24.000
  4599.644    23.153    23.939
  4599.747    23.514    23.939
  4599.849    23.574    23.939
  4599.949    23.574    23.939
  4600.053    23.514    23.939
  4600.154    23.514    24.000
  4600.256    23.454    24.000
  4600.357    23.454    24.000
  4600.459    23.393    24.000
  4603.196    23.393    24.000
  4603.296    23.333    24.000
  4603.629    23.333    24.000
  4603.729    23.333    24.061
  4603.829    23.333    24.121
  4603.929    23.454    24.182
  4604.029    23.574    24.303
  4604.130    23.754    24.364
  4604.229    23.875    24.545
  4604.332    24.055    24.667
  4604.433    24.115    24.788
  4604.533    24.175    24.848
  4604.635    24.235    25.030
  4604.736    24.296    25.091
  4604.837    24.356    25.152
  4606.764    24.356    25.152
  4606.865    24.356    25.091
  4607.168    24.356    25.091
  4607.269    24.356    25.030
  4607.469    24.356    25.030
  4607.569    24.476    24.970
  4607.669    24.536    24.848
  4607.769    24.596    24.788
  4607.869    24.596    24.788
  4607.969    24.596    24.727
  4608.069    24.776    24.545
  4608.169    24.776    24.545
  4608.270    24.837    24.485
  4608.572    24.837    24.485
  4608.673    24.837    24.424
  4608.773    24.837    24.364
  4608.874    24.897    24.303
  4608.976    24.897    24.242
  4609.077    24.957    24.242
  4609.178    25.017    24.242
  4609.482    25.017    24.242
  4609.583    25.078    24.121
  4609.684    25.197    24.000
  4609.785    25.258    23.818
  4609.887    25.438    23.757
  4609.988    25.619    23.636
  4610.089    25.619    23.636
  4610.191    25.619    23.576
  4610.291    25.679    23.516
  4610.392    25.739    23.394
  4610.493    25.859    23.273
  4610.594    25.919    23.030
  4610.697    25.979    22.969
  4610.797    26.100    22.788
  4610.896    26.160    22.606
  4610.996    26.280    22.545
  4611.096    26.400    22.424
  4611.196    26.461    22.363
  4611.297    26.641    22.121
  4611.396    26.882    21.818
  4611.497    27.062    21.697
  4611.597    27.122    21.636
  4611.697    27.182    21.576
  4611.799    27.362    21.394
  4611.898    27.362    21.091
  4611.999    27.482    20.909
  4612.100    27.543    20.606
  4612.201    27.663    20.364
  4612.302    27.663    20.182
  4612.403    27.783    19.879
  4612.504    27.844    19.576
  4612.605    27.904    19.515
  4612.707    27.904    19.697
  4612.810    27.964    19.757
  4613.118    27.964    19.757
  4613.219    28.024    19.757
  4613.320    28.084    19.757
  4613.421    28.144    19.697
  4613.522    28.144    19.636
  4613.622    28.205    19.636
  4613.723    28.205    19.636
  4613.825    28.265    19.636
  4613.927    28.265    19.576
  4614.030    28.325    19.515
  4614.131    28.325    19.454
  4616.052    28.325    19.454
  4616.152    28.385    19.454
  4616.251    28.445    19.454
  4616.352    28.565    19.454
  4616.453    28.626    19.515
  4616.553    28.686    19.515
  4645.217    28.686    19.515
  4645.318    28.626    19.515
  4779.700    28.626    19.515
  4779.801    28.626    19.576
  4779.902    28.626    19.576
  4780.003    28.626    19.636
  4780.104    28.686    19.697
  4780.205    28.746    19.818
  4780.307    28.746    19.879
  4780.411    28.806    20.000
  4780.512    28.806    20.061
  4780.612    28.806    20.061
  4780.714    28.806    20.121
  4835.834    28.806    20.121
  4835.936    28.806    20.061
  4836.138    28.806    20.061
  4836.238    28.806    20.000
  4836.338    28.806    20.000
  4836.438    28.806    19.939
  4836.538    28.806    19.879
  4836.638    28.806    19.818
  4836.838    28.806    19.818
  4836.938    28.806    19.757
  4837.039    28.866    19.757
  4837.139    28.866    19.697
  4837.239    28.866    19.697
  4837.340    28.866    19.636
  4837.541    28.866    19.636
  4837.642    28.866    19.576
  4838.147    28.866    19.576
  4838.249    28.926    19.576
  4839.360    28.926    19.576
  4839.461    28.986    19.576
  5233.110    28.986    19.576
  5233.211    29.106    19.576
  5233.312    29.287    19.636
  5233.413    29.347    19.636
  5233.514    29.408    19.636
  5263.425    29.408    19.636
  5263.527    29.347    19.636
  5263.729    29.347    19.636
  5263.831    29.287    19.576
  5263.931    29.227    19.515
  5264.134    29.227    19.515
  5264.235    29.167    19.454
  5279.653    29.167    19.454
  5279.754    29.167    19.394
  5279.855    29.106    19.333
