     0.121    45.218    12.930
  1024.379    45.218    12.930
  1024.480    45.218    12.747
  1024.581    45.218    12.686
  1024.681    45.218    12.624
  1024.781    45.218    12.563
  1024.881    45.156    12.440
  1024.983    45.095    12.440
  1025.083    45.033    12.440
  1025.183    44.849    12.440
  1025.284    44.849    12.440
  1025.385    44.849    12.318
  1025.486    44.849    12.257
  1025.586    44.849    12.195
  1028.305    44.849    12.195
  1028.405    44.910    12.195
  1031.022    44.910    12.195
  1031.124    44.849    12.195
  1031.224    44.788    12.195
  1031.424    44.788    12.195
  1031.526    44.788    12.134
  1031.626    44.788    12.072
  1031.727    44.788    12.011
  1031.927    44.788    12.011
  1032.028    44.788    11.950
  1032.129    44.788    11.950
  1032.230    44.788    11.889
  1032.330    44.788    11.828
  1034.846    44.788    11.828
  1034.947    44.788    11.950
  1040.479    44.788    11.950
  1040.580    44.788    12.072
  1040.680    44.788    12.134
  1040.983    44.788    12.134
  1041.084    44.788    12.257
  1041.184    44.788    12.257
  1041.286    44.788    12.318
  1042.592    44.788    12.318
  1042.694    44.788    12.379
  1042.895    44.788    12.379
  1042.996    44.788    12.440
  1049.233    44.788    12.440
  1049.334    44.725    12.440
  1049.635    44.725    12.440
  1049.737    44.664    12.440
  1049.837    44.480    12.440
  1049.938    44.418    12.318
  1050.038    44.357    12.318
  1050.138    44.357    12.257
  1051.144    44.357    12.257
  1051.245    44.357    12.440
  1051.345    44.357    12.686
  1051.446    44.480    12.747
  1051.546    44.480    12.747
  1051.647    44.541    12.747
  1054.062    44.541    12.747
  1054.162    44.480    12.747
  1054.262    44.480    12.624
  1054.363    44.480    12.440
  1054.463    44.480    12.379
  1054.565    44.480    12.379
  1054.665    44.480    12.318
  1054.765    44.480    12.257
  1055.469    44.480    12.257
  1055.570    44.480    12.195
  1055.670    44.480    12.134
  1056.475    44.480    12.134
  1056.576    44.418    12.134
  1056.676    44.357    12.134
  1056.778    44.295    12.134
  1058.587    44.295    12.134
  1058.689    44.295    12.072
  1058.790    44.295    11.889
  1058.890    44.295    11.766
  1058.990    44.295    11.643
  1059.091    44.295    11.582
  1059.191    44.295    11.521
  1061.305    44.295    11.521
  1061.406    44.234    11.460
  1061.506    44.110    11.337
  1061.607    44.110    11.276
  1061.709    44.110    11.214
  1061.808    44.110    11.214
  1061.909    44.110    11.153
  1063.619    44.110    11.153
  1063.719    44.110    11.276
  1063.821    44.110    11.399
  1063.921    44.049    11.460
  1064.022    44.049    11.582
  1064.122    43.987    11.705
  1064.224    43.987    11.766
  1064.325    43.987    11.828
  1064.425    43.987    11.950
  1064.526    43.987    11.950
  1064.626    43.987    12.011
  1064.728    43.987    12.134
  1064.828    43.987    12.257
  1064.953    44.049    12.318
  1065.029    44.110    12.501
  1065.130    44.172    12.624
  1065.230    44.172    12.624
  1065.331    44.172    12.686
  1065.431    44.172    12.808
  1065.532    44.172    12.930
  1065.633    44.049    13.053
  1065.733    43.987    13.176
  1065.834    43.926    13.359
  1065.934    43.926    13.482
  1066.034    43.926    13.788
  1066.134    43.926    13.850
  1066.236    43.926    14.034
  1066.336    43.926    14.095
  1066.437    43.926    14.217
  1066.538    43.926    14.462
  1066.639    43.926    14.646
  1066.740    43.926    14.769
  1066.841    43.926    15.014
  1066.942    43.926    15.198
  1067.041    43.926    15.259
  1067.142    43.926    15.381
  1067.243    43.926    15.443
  1067.444    43.926    15.443
  1067.544    43.926    15.627
  1067.645    43.926    15.688
  1067.746    43.926    15.749
  1067.847    43.926    15.995
  1067.948    43.926    16.178
  1068.046    43.926    16.240
  1068.148    43.926    16.424
  1068.249    43.926    16.485
  1068.349    43.926    16.607
  1068.450    43.926    16.914
  1068.550    43.926    17.220
  1068.652    43.926    17.343
  1068.751    43.926    17.465
  1068.852    43.926    17.588
  1068.953    43.926    17.894
  1069.052    44.110    18.017
  1069.153    44.110    18.139
  1069.356    44.110    18.139
  1069.457    44.172    18.139
  1069.557    44.172    18.017
  1070.059    44.172    18.017
  1070.161    44.295    18.017
  1070.261    44.418    18.139
  1070.362    44.418    18.139
  1070.462    44.418    18.200
  1072.174    44.418    18.200
  1072.274    44.418    18.139
  1072.375    44.295    17.956
  1072.476    43.987    17.772
  1072.577    43.864    17.649
  1072.778    43.864    17.649
  1072.877    43.864    17.588
  1072.979    43.864    17.588
  1073.080    43.864    17.527
  1078.209    43.864    17.527
  1078.311    43.864    17.465
  1078.412    43.864    17.527
  1078.512    43.864    17.588
  1078.614    43.864    17.710
  1078.714    43.864    17.894
  1080.123    43.864    17.894
  1080.223    43.864    17.956
  1081.632    43.864    17.956
  1081.733    43.864    17.833
  1081.835    43.864    17.710
  1081.935    43.864    17.649
  1082.036    43.803    17.588
  1082.135    43.742    17.465
  1082.840    43.742    17.465
  1082.942    43.619    17.465
  1083.342    43.619    17.465
  1083.443    43.495    17.465
  1083.544    43.495    17.465
  1083.645    43.311    17.465
  1083.746    43.249    17.465
  1083.846    43.126    17.465
  1083.947    43.003    17.465
  1084.046    42.941    17.465
  1084.149    42.757    17.465
  1084.249    42.634    17.465
  1084.349    42.326    17.465
  1084.450    42.142    17.465
  1084.550    42.019    17.465
  1084.653    41.957    17.465
  1084.753    41.772    17.465
  1084.855    41.649    17.465
  1084.954    41.404    17.465
  1085.055    41.280    17.465
  1085.156    40.973    17.465
  1085.256    40.789    17.465
  1085.357    40.789    17.465
  1085.459    40.665    17.465
  1085.559    40.419    17.465
  1085.660    40.296    17.404
  1085.761    40.235    17.404
  1085.861    40.173    17.404
  1085.961    40.173    17.404
  1086.062    40.111    17.404
  1086.162    40.111    17.465
  1086.262    39.988    17.527
  1086.364    39.865    17.588
  1086.464    39.743    17.588
  1086.565    39.620    17.588
  1086.665    39.496    17.588
  1086.766    39.435    17.588
  1086.867    39.312    17.649
  1086.966    39.189    17.649
  1087.069    39.066    17.710
  1087.169    39.004    17.772
  1087.269    38.819    17.894
  1087.370    38.758    17.956
  1087.470    38.634    18.017
  1087.973    38.634    18.017
  1088.075    38.511    18.017
  1088.175    38.451    18.017
  1088.276    38.266    18.017
  1088.376    38.204    18.017
  1088.477    38.081    18.017
  1088.578    38.019    18.017
  1088.981    38.019    18.017
  1089.081    37.958    18.017
  1089.183    37.773    18.017
  1089.284    37.528    18.017
  1089.383    37.343    18.017
  1089.485    37.220    18.017
  1089.585    37.035    18.017
  1089.686    36.790    18.017
  1089.787    36.543    18.017
  1089.887    36.359    18.017
  1089.988    35.989    18.017
  1090.088    35.682    18.017
  1090.189    35.374    18.017
  1090.290    35.190    18.017
  1090.390    35.067    18.017
  1090.492    34.883    18.017
  1090.592    34.698    18.017
  1090.693    34.575    18.139
  1090.793    34.452    18.385
  1090.895    34.267    18.446
  1090.996    34.144    18.507
  1091.096    34.021    18.691
  1091.197    33.959    18.875
  1091.297    33.837    19.058
  1091.399    33.590    19.243
  1091.499    33.283    19.487
  1091.600    33.160    19.672
  1091.701    32.975    19.916
  1091.801    32.852    20.162
  1092.002    32.852    20.162
  1092.103    32.791    20.162
  1092.203    32.791    20.345
  1092.303    32.791    20.529
  1092.404    32.729    20.529
  1092.504    32.668    20.713
  1092.605    32.544    21.020
  1092.706    32.483    21.265
  1092.807    32.421    21.448
  1092.909    32.360    21.632
  1093.008    32.053    21.939
  1093.108    31.929    22.123
  1093.209    31.929    22.245
  1093.310    31.929    22.245
  1093.412    31.929    22.306
  1093.511    31.929    22.306
  1093.614    31.929    22.429
  1093.715    31.929    22.613
  1093.816    31.929    22.674
  1093.917    31.929    22.797
  1094.017    31.929    22.920
  1094.117    31.867    23.164
  1094.218    31.745    23.471
  1094.318    31.683    23.593
  1094.419    31.622    23.716
  1094.519    31.560    23.777
  1095.023    31.560    23.777
  1095.124    31.560    23.961
  1095.227    31.499    24.145
  1095.328    31.375    24.513
  1095.429    31.375    24.574
  1095.529    31.375    24.574
  1095.630    31.314    24.758
  1095.732    31.252    24.880
  1095.833    31.252    24.942
  1095.933    31.191    25.125
  1096.034    31.129    25.309
  1096.134    31.129    25.493
  1096.234    31.129    25.615
  1096.335    31.129    25.738
  1096.435    31.129    25.922
  1096.536    31.129    26.044
  1096.636    31.129    26.290
  1096.738    31.068    26.351
  1096.837    30.884    26.535
  1096.939    30.760    26.535
  1101.367    30.760    26.535
  1101.466    30.391    26.841
  1101.567    30.391    26.841
  1101.668    30.206    27.025
  1101.769    30.022    27.025
  1101.870    29.899    27.087
  1102.070    29.899    27.087
  1102.170    29.899    27.148
  1102.272    29.715    27.270
  1102.372    29.591    27.270
  1102.472    29.530    27.331
  1102.574    29.468    27.393
  1102.673    29.407    27.516
  1102.774    29.222    27.638
  1102.874    29.037    28.006
  1102.975    28.853    28.189
  1103.076    28.730    28.373
  1103.177    28.546    28.557
  1103.278    28.299    28.741
  1103.379    28.176    28.986
  1103.479    28.054    29.109
  1103.581    27.992    29.231
  1103.681    27.931    29.354
  1103.782    27.869    29.538
  1103.882    27.869    29.660
  1104.687    27.869    29.660
  1104.787    27.500    29.660
  1104.887    27.438    29.660
  1104.988    27.315    29.660
  1105.189    27.315    29.660
  1105.290    27.069    29.660
  1105.391    26.762    29.660
  1105.494    26.515    29.660
  1105.594    26.269    29.660
  1105.695    26.023    29.721
  1105.795    25.900    29.844
  1105.896    25.716    30.028
  1105.997    25.716    30.089
  1106.096    25.531    30.150
  1106.197    25.469    30.150
  1106.297    25.285    30.212
  1106.399    25.101    30.212
  1106.499    24.977    30.212
  1106.600    24.793    30.212
  1106.701    24.547    30.212
  1106.801    24.300    30.396
  1106.903    24.055    30.457
  1107.003    23.870    30.579
  1107.105    23.808    30.641
  1107.206    23.685    30.702
  1107.307    23.378    30.764
  1107.408    23.378    30.825
  1107.508    23.255    30.825
  1107.708    23.255    30.825
  1107.809    23.255    30.886
  1108.010    23.255    30.886
  1108.111    23.131    30.947
  1108.514    23.131    30.947
  1108.616    22.947    31.254
  1108.716    22.886    31.437
  1108.817    22.763    31.622
  1108.916    22.763    31.805
  1109.017    22.763    31.866
  1109.118    22.763    31.866
  1109.218    22.763    31.928
  1109.319    22.763    31.928
  1109.420    22.763    32.050
  1109.521    22.763    32.234
  1109.621    22.763    32.540
  1109.722    22.763    32.663
  1109.823    22.763    32.847
  1109.922    22.763    33.092
  1110.023    22.763    33.337
  1110.125    22.824    33.705
  1110.225    22.824    33.766
  1110.327    22.824    33.950
  1110.427    22.824    34.256
  1110.528    22.824    34.379
  1110.728    22.824    34.379
  1110.830    22.824    34.440
  1110.930    22.824    34.563
  1111.634    22.824    34.563
  1111.735    22.824    34.685
  1111.835    22.824    34.992
  1111.936    22.824    35.176
  1112.036    22.947    35.421
  1112.136    23.131    35.666
  1112.238    23.193    35.849
  1112.337    23.193    36.095
  1112.438    23.193    36.340
  1112.540    23.193    36.524
  1112.639    23.255    36.707
  1112.741    23.317    36.892
  1112.842    23.378    37.136
  1112.943    23.562    37.198
  1113.042    23.685    37.382
  1113.144    23.993    37.688
  1113.245    24.239    37.872
  1113.368    24.239    38.056
  1113.446    24.239    38.423
  1113.546    24.239    38.914
  1113.646    24.239    39.098
  1113.748    24.239    39.159
  1113.848    24.239    39.281
  1113.949    24.239    39.465
  1114.049    24.239    39.710
  1114.149    24.239    39.833
  1114.249    24.300    39.955
  1114.350    24.300    40.016
  1127.432    24.300    40.016
  1127.543    24.055    39.894
  1127.745    24.055    39.894
  1127.846    23.870    39.833
  1127.946    23.808    39.772
  1128.045    23.808    39.710
  1129.957    23.808    39.710
  1130.059    23.808    39.833
  1130.160    23.870    39.894
  1130.259    23.870    40.016
  1130.361    24.177    40.201
  1130.461    24.300    40.201
  1130.563    24.362    40.262
  1130.763    24.362    40.262
  1130.864    24.485    40.323
  1130.964    24.485    40.323
  1131.066    24.608    40.446
  1131.166    24.670    40.630
  1131.266    24.793    40.691
  1132.574    24.793    40.691
  1132.674    24.793    40.752
  1132.776    24.793    40.936
  1132.876    24.854    41.181
  1132.977    24.854    41.242
  1133.176    24.854    41.242
  1133.278    24.977    41.242
  1133.378    24.977    41.242
  1133.479    25.162    41.304
  1138.411    25.162    41.304
  1138.510    25.223    41.304
  1138.913    25.223    41.304
  1139.013    25.285    41.304
  1145.151    25.285    41.304
  1145.251    25.101    41.304
  1145.352    24.977    41.304
  1145.453    24.916    41.304
  1145.754    24.916    41.304
  1145.856    24.916    41.181
  1145.956    24.854    41.181
  1146.458    24.854    41.181
  1146.559    24.670    41.120
  1146.861    24.670    41.120
  1146.961    24.608    41.120
  1147.163    24.608    41.120
  1147.263    24.547    41.120
  1147.666    24.547    41.120
  1147.767    24.608    41.120
  1147.867    24.608    41.120
  1147.968    24.731    41.120
  1148.269    24.731    41.120
  1148.370    25.101    41.120
  1149.782    25.101    41.120
  1149.883    25.101    40.997
  1150.084    25.101    40.997
  1150.184    25.223    40.997
  1150.285    25.408    40.997
  1154.510    25.408    40.997
  1154.614    25.469    40.997
  1154.815    25.469    40.997
  1154.916    25.469    40.936
  1155.016    25.469    40.875
  1161.252    25.469    40.875
  1161.353    25.469    40.813
  1161.454    25.469    40.813
  1161.553    25.408    40.813
  1161.655    25.346    40.752
  1161.755    25.223    40.752
  1161.855    25.101    40.752
  1161.956    24.977    40.752
  1162.057    24.854    40.752
  1162.159    24.731    40.752
  1162.258    24.670    40.752
  1167.088    24.670    40.752
  1167.189    24.670    40.813
  1167.290    24.670    40.813
  1167.391    24.670    40.875
  1167.695    24.670    40.875
  1167.795    24.731    40.875
  1168.097    24.731    40.875
  1168.197    24.793    40.936
  1168.498    24.793    40.936
  1168.600    24.854    40.936
  1168.701    24.854    40.997
  1171.015    24.854    40.997
  1171.116    24.977    40.997
  1171.216    25.039    41.059
  1171.317    25.101    41.120
  1171.416    25.223    41.120
  1171.518    25.223    41.120
  1171.619    25.285    41.181
  1171.719    25.285    41.181
  1171.820    25.285    41.242
  1171.921    25.408    41.242
  1172.222    25.408    41.242
  1172.323    25.469    41.242
  1172.424    25.531    41.242
  1173.330    25.531    41.242
  1173.429    25.593    41.365
  1173.531    25.839    41.549
  1173.631    26.023    41.671
  1173.732    26.023    41.733
  1174.133    26.023    41.733
  1174.234    26.084    41.733
  1174.334    26.146    41.733
  1174.538    26.146    41.733
  1174.637    26.269    41.794
  1174.739    26.392    41.794
  1174.839    26.454    41.794
  1174.940    26.638    41.855
  1175.041    26.762    41.917
  1175.140    26.823    42.162
  1175.341    26.823    42.162
  1175.442    26.823    42.223
  1175.542    26.823    42.284
  1175.643    26.823    42.407
  1175.745    26.823    42.468
  1175.845    26.823    42.529
  1176.649    26.823    42.529
  1176.749    26.946    42.591
  1176.851    27.069    42.713
  1176.951    27.130    42.713
  1177.051    27.130    42.774
  1177.152    27.130    42.897
  1177.254    27.130    42.958
  1177.456    27.130    42.958
  1177.556    27.130    43.020
  1179.668    27.130    43.020
  1179.770    27.130    42.958
  1179.871    27.130    42.897
  1179.971    27.130    42.836
  1180.072    27.130    42.774
  1180.676    27.130    42.774
  1180.777    27.130    42.652
  1183.291    27.130    42.652
  1183.392    27.130    42.529
  1183.492    27.130    42.529
  1183.592    26.946    42.468
  1183.694    26.823    42.468
  1183.794    26.762    42.346
  1185.515    26.762    42.346
  1185.615    26.638    42.346
  1185.716    26.638    42.346
  1185.817    26.577    42.346
  1185.918    26.577    42.346
  1186.018    26.392    42.346
  1186.120    26.269    42.346
  1186.421    26.269    42.346
  1186.521    26.208    42.284
  1186.623    26.208    42.284
  1186.723    26.208    42.223
  1186.824    26.208    42.223
  1186.924    26.208    42.162
  1187.024    26.208    42.100
  1187.125    26.208    42.100
  1187.225    26.208    42.039
  1187.327    26.146    42.039
  1187.427    26.146    42.039
  1187.528    26.084    42.039
  1187.628    25.962    42.039
  1202.540    25.962    42.039
  1202.641    25.777    42.039
  1202.943    25.777    42.039
  1203.042    25.654    42.100
  1203.145    25.531    42.100
  1203.246    25.346    42.223
  1203.346    25.285    42.223
  1203.447    25.223    42.223
  1246.322    25.223    42.223
  1246.421    25.285    42.223
  1246.825    25.285    42.223
  1246.925    25.346    42.223
  1247.125    25.346    42.223
  1247.226    25.346    42.100
  1247.327    25.346    42.100
  1247.427    25.346    42.039
  1247.528    25.346    41.978
  1247.629    25.469    41.978
  1247.729    25.531    41.978
  1247.830    25.593    41.978
  1248.131    25.593    41.978
  1248.232    25.654    41.978
  1249.038    25.654    41.978
  1249.137    25.593    41.978
  1264.030    25.593    41.978
  1264.129    25.593    41.917
  1264.230    25.593    41.855
  1264.431    25.593    41.855
  1264.532    25.716    41.855
  1264.633    25.716    41.855
  1264.734    25.839    41.794
  1264.834    25.839    41.794
  1264.934    25.839    41.733
  1290.501    25.839    41.733
  1290.602    25.900    41.733
  1291.105    25.900    41.733
  1291.206    26.023    41.733
  1291.306    26.084    41.733
  1291.406    26.146    41.733
  1299.255    26.146    41.733
  1299.356    26.331    41.733
  1302.072    26.331    41.733
  1302.172    26.331    41.794
  1302.273    26.269    41.855
  1302.374    26.208    41.978
  1302.475    26.208    42.039
  1302.576    26.208    42.039
  1302.677    26.208    42.100
  1302.779    26.208    42.162
  1302.980    26.208    42.162
  1303.081    26.208    42.223
  1309.922    26.208    42.223
  1310.022    26.208    42.284
  1310.123    26.208    42.346
  1310.223    26.208    42.346
  1310.324    26.208    42.407
  1310.425    26.208    42.407
  1310.525    26.146    42.468
  1310.625    26.146    42.468
  1310.727    26.084    42.468
  1330.147    26.084    42.468
  1330.246    26.084    42.591
  1330.347    26.084    42.591
  1330.448    26.084    42.652
  1330.548    26.084    42.713
  1330.650    26.023    42.774
  1330.749    25.962    42.774
  1330.851    25.900    42.836
  1330.952    25.900    42.897
  1335.580    25.900    42.897
  1335.679    25.900    43.020
  1335.780    25.900    43.020
  1335.880    25.900    43.203
  1336.586    25.900    43.203
  1336.687    25.962    43.203
  1338.496    25.962    43.203
  1338.597    26.084    43.203
  1338.698    26.208    43.203
  1338.799    26.269    43.203
  1338.900    26.331    43.203
  1340.006    26.331    43.203
  1340.107    26.392    43.203
  1340.510    26.392    43.203
  1340.610    26.454    43.203
  1341.011    26.454    43.203
  1341.113    26.515    43.203
  1350.471    26.515    43.203
  1350.572    26.577    43.203
  1350.873    26.577    43.203
  1350.975    26.577    43.142
  1365.565    26.577    43.142
  1365.665    26.577    42.958
  1365.967    26.577    42.958
  1366.068    26.700    42.958
  1366.168    26.823    42.958
  1366.269    26.885    42.958
  1366.370    27.008    42.958
  1366.469    27.069    42.958
  1366.570    27.192    42.958
  1366.671    27.253    42.958
  1366.772    27.315    42.958
  1367.979    27.315    42.958
  1368.089    27.377    42.958
  1368.191    27.500    42.958
  1368.292    27.684    42.958
  1368.393    27.869    43.020
  1368.495    28.115    43.020
  1368.595    28.361    43.020
  1368.696    28.422    43.020
  1369.399    28.422    43.020
  1369.500    28.484    43.020
  1369.602    28.546    43.020
  1369.702    28.669    43.020
  1370.002    28.669    43.020
  1370.103    28.730    43.020
  1370.205    28.915    43.020
  1370.305    29.468    43.020
  1370.406    29.530    43.020
  1370.706    29.530    43.020
  1370.808    29.653    43.020
  1372.920    29.653    43.020
  1373.021    29.715    43.020
  1373.122    29.838    43.020
  1373.927    29.838    43.020
  1374.028    29.776    43.142
  1374.128    29.776    43.203
  1374.229    29.715    43.326
  1374.933    29.715    43.326
  1375.033    29.715    43.387
  1375.134    29.715    43.449
  1375.940    29.715    43.449
  1376.041    29.653    43.449
  1378.455    29.653    43.449
  1378.556    29.591    43.449
  1378.657    29.468    43.449
  1378.858    29.468    43.449
  1378.958    29.407    43.449
  1379.059    29.161    43.449
  1379.160    29.100    43.449
  1379.260    29.037    43.449
  1379.361    28.976    43.449
  1379.461    28.853    43.449
  1379.562    28.853    43.449
  1379.663    28.792    43.449
  1380.568    28.792    43.449
  1380.667    28.915    43.449
  1380.769    29.037    43.449
  1380.870    29.100    43.449
  1380.970    29.222    43.387
  1381.071    29.407    43.326
  1381.170    29.407    43.203
  1381.273    29.468    43.081
  1381.371    29.468    42.958
  1381.473    29.468    42.836
  1381.574    29.653    42.713
  1381.674    29.776    42.652
  1381.775    29.899    42.591
  1381.874    29.961    42.468
  1381.976    29.961    42.162
  1382.076    30.083    41.917
  1382.177    30.453    41.671
  1382.277    30.637    41.549
  1382.379    30.637    41.549
  1382.478    30.637    41.488
  1382.579    30.699    41.304
  1382.680    30.822    41.242
  1387.914    30.822    41.242
  1388.015    30.822    41.120
  1388.116    30.822    41.059
  1388.217    30.822    40.997
  1388.317    30.822    40.752
  1388.418    30.760    40.446
  1388.519    30.760    40.262
  1388.620    30.760    40.078
  1388.720    30.760    39.894
  1388.820    30.760    39.710
  1388.921    30.760    39.526
  1389.022    30.760    39.404
  1389.121    30.760    39.281
  1389.222    30.760    39.220
  1389.324    30.760    39.159
  1389.423    30.760    39.098
  1392.341    30.760    39.098
  1392.442    30.760    39.036
  1394.154    30.760    39.036
  1394.254    30.637    39.036
  1394.355    30.576    39.036
  1394.455    30.576    39.036
  1394.556    30.576    38.975
  1394.657    30.576    38.914
  1394.756    30.514    38.914
  1396.769    30.514    38.914
  1396.869    30.514    38.852
  1396.969    30.453    38.791
  1397.070    30.268    38.669
  1397.170    30.206    38.669
  1397.473    30.206    38.669
  1397.574    30.145    38.669
  1397.673    30.022    38.669
  1397.775    29.776    38.607
  1397.875    29.653    38.607
  1397.975    29.653    38.607
  1398.077    29.530    38.607
  1398.176    29.468    38.362
  1398.277    29.407    38.117
  1398.377    29.345    37.994
  1398.478    29.345    37.750
  1398.580    29.345    37.627
  1398.679    29.345    37.504
  1398.782    29.284    37.382
  1398.882    29.161    37.321
  1398.982    28.976    37.136
  1399.082    28.792    37.014
  1399.183    28.669    37.014
  1399.284    28.484    36.830
  1399.384    28.238    36.585
  1399.486    28.054    36.034
  1399.585    27.746    35.849
  1399.687    27.561    35.788
  1399.787    27.315    35.788
  1399.888    27.069    35.605
  1399.989    26.700    35.359
  1400.088    26.392    34.992
  1400.189    26.331    34.931
  1400.290    26.208    34.808
  1400.391    26.208    34.685
  1400.492    26.208    34.502
  1400.592    26.208    34.256
  1400.693    26.023    34.011
  1400.793    25.900    33.766
  1400.894    25.777    33.644
  1400.995    25.593    33.459
  1401.094    25.593    33.153
  1401.195    25.531    32.724
  1401.297    25.469    32.601
  1401.397    25.408    32.479
  1401.497    25.346    32.234
  1401.598    25.285    32.111
  1401.700    25.223    31.928
  1401.800    25.039    31.683
  1401.901    24.916    31.499
  1402.001    24.916    31.192
  1402.102    24.916    30.825
  1402.202    24.916    30.579
  1402.302    24.916    30.396
  1402.403    24.916    30.335
  1402.503    24.916    30.150
  1402.605    24.916    30.150
  1402.704    24.916    30.028
  1402.806    24.916    29.783
  1402.907    24.916    29.170
  1403.006    24.916    28.802
  1403.409    24.916    28.802
  1403.510    24.916    28.741
  1403.610    24.854    28.680
  1403.710    24.793    28.619
  1403.837    24.670    28.619
  1403.912    24.424    28.619
  1404.014    24.362    28.496
  1404.115    24.300    28.373
  1404.516    24.300    28.373
  1404.617    24.362    28.251
  1404.717    24.547    28.251
  1404.819    24.670    28.128
  1404.919    24.670    28.006
  1405.020    24.670    27.760
  1405.121    24.670    27.577
  1405.220    24.670    27.577
  1405.321    24.731    27.516
  1405.421    24.854    27.393
  1405.522    25.039    27.393
  1405.622    25.039    27.331
  1405.724    25.039    27.331
  1405.825    25.162    27.270
  1405.925    25.346    27.025
  1406.026    25.346    26.780
  1406.126    25.346    26.658
  1406.226    25.346    26.535
  1406.327    25.346    26.412
  1406.427    25.346    26.106
  1406.528    25.408    25.861
  1406.628    25.531    25.738
  1406.729    25.654    25.248
  1406.830    25.654    23.961
  1406.931    25.716    23.961
  1407.032    26.084    23.961
  1407.131    26.515    23.961
  1407.232    26.700    23.961
  1407.333    26.946    23.961
  1407.433    27.253    23.961
  1407.534    27.315    23.961
  1407.635    27.438    23.961
  1407.736    27.438    23.777
  1407.836    27.500    23.716
  1408.038    27.500    23.716
  1408.140    27.377    22.490
  1408.240    27.500    22.306
  1408.341    27.623    22.123
  1408.442    27.684    22.061
  1408.541    27.684    21.877
  1408.643    27.931    21.755
  1408.743    28.115    21.510
  1408.843    28.115    21.387
  1408.944    28.115    21.020
  1409.046    28.115    20.897
  1409.146    28.238    20.713
  1409.246    28.238    20.223
  1409.348    28.115    18.875
  1409.448    28.115    18.752
  1409.547    28.361    18.691
  1409.649    28.607    18.568
  1409.749    28.730    18.446
  1409.850    29.100    18.017
  1409.950    29.653    17.588
  1410.051    29.899    17.404
  1410.151    30.022    17.404
  1410.254    30.083    17.281
  1410.355    30.330    17.098
  1410.455    30.453    16.853
  1410.555    30.637    16.485
  1410.655    30.637    16.362
  1410.756    30.637    16.178
  1410.857    30.699    15.381
  1410.957    30.699    14.646
  1411.058    30.760    14.524
  1411.158    30.822    14.524
  1411.260    30.945    14.524
  1411.359    31.068    14.401
  1411.459    31.068    14.279
  1411.561    31.129    14.217
  1411.661    31.252    14.095
  1411.761    31.252    14.034
  1411.862    31.252    13.911
  1411.963    31.252    13.850
  1412.064    31.252    13.727
  1412.164    31.252    13.544
  1412.265    31.252    13.421
  1412.366    31.252    13.298
  1412.467    31.252    13.237
  1412.565    31.252    13.176
  1412.666    31.314    13.053
  1412.768    31.314    12.440
  1412.868    31.314    12.257
  1413.271    31.314    12.257
  1413.370    31.437    12.257
  1413.471    31.437    12.257
  1413.572    31.560    12.318
  1413.673    31.929    12.318
  1413.774    32.237    12.318
  1413.874    32.298    12.257
  1413.976    32.360    12.195
  1414.076    32.483    11.950
  1414.176    32.606    11.766
  1414.277    32.852    11.460
  1414.377    33.036    11.214
  1414.478    33.283    10.970
  1414.578    33.467    10.847
  1414.679    33.590    10.785
  1414.779    33.898    10.602
  1414.880    33.959    10.479
  1414.981    34.021    10.295
  1415.081    34.082    10.112
  1415.182    34.390     9.438
  1415.282    34.759     8.702
  1415.383    34.820     8.518
  1415.484    34.944     8.457
  1415.584    35.005     8.334
  1415.685    35.313     8.334
  1415.785    35.313     8.151
  1415.886    35.374     8.151
  1415.987    35.374     7.905
  1416.087    35.559     7.537
  1416.188    35.682     7.170
  1416.289    35.805     6.986
  1416.389    35.866     6.864
  1416.489    36.051     6.741
  1416.590    36.113     6.557
  1416.690    36.113     6.435
  1416.791    36.113     6.251
  1416.891    36.113     6.067
  1416.992    36.113     6.006
  1417.093    36.113     5.822
  1417.193    36.236     5.638
  1417.294    36.297     5.332
  1417.496    36.297     5.332
  1417.596    36.297     5.209
  1417.696    36.420     5.086
  1417.797    36.420     4.903
  1417.898    36.420     4.780
  1417.998    36.420     4.780
  1418.100    36.420     4.719
  1418.200    36.482     4.719
  1418.301    36.543     4.535
  1418.402    36.605     4.413
  1418.502    36.605     4.351
  1418.903    36.605     4.351
  1419.005    36.605     4.228
  1419.106    36.605     4.167
  1419.206    36.605     4.106
  1420.414    36.605     4.106
  1420.515    36.605     3.984
  1422.927    36.605     3.984
  1423.028    36.605     4.106
  1423.129    36.605     4.228
  1423.230    36.605     4.351
  1423.330    36.605     4.474
  1423.431    36.605     4.535
  1423.531    36.605     4.657
  1423.632    36.605     4.719
  1427.757    36.605     4.719
  1427.857    36.605     4.596
  1427.957    36.605     4.351
  1428.059    36.728     4.228
  1428.159    36.790     4.106
  1428.261    36.974     4.045
  1428.360    37.097     3.861
  1428.461    37.097     3.738
  1428.562    37.158     3.738
  1428.664    37.282     3.738
  1428.764    37.466     3.738
  1429.368    37.466     3.738
  1429.469    37.651     3.738
  1429.569    37.836     3.738
  1429.670    37.836     3.616
  1429.771    37.896     3.493
  1429.870    37.896     3.370
  1429.972    38.019     3.248
  1430.072    38.019     3.187
  1430.173    38.143     3.187
  1430.274    38.266     3.125
  1430.374    38.389     3.125
  1430.475    38.389     3.125
  1430.574    38.389     3.064
  1430.676    38.389     2.880
  1430.776    38.389     2.819
  1430.877    38.511     2.819
  1430.977    38.574     2.819
  1431.078    38.574     2.819
  1431.180    38.697     2.758
  1431.280    38.819     2.696
  1431.381    38.819     2.574
  1431.481    38.819     2.451
  1431.582    38.819     2.390
  1431.683    38.819     2.267
  1431.783    38.881     2.267
  1431.883    38.942     2.206
  1434.509    38.942     2.206
  1434.609    38.942     2.145
  1434.711    39.004     2.084
  1434.812    39.066     2.084
  1434.912    39.189     2.084
  1435.014    39.312     2.023
  1436.322    39.312     2.023
  1436.423    39.373     2.023
  1436.624    39.373     2.023
  1436.724    39.373     1.961
  1437.026    39.373     1.961
  1437.127    39.558     1.961
  1437.228    39.681     1.961
  1437.329    39.743     1.961
  1437.430    39.804     1.961
  1439.643    39.804     1.961
  1439.743    39.865     1.961
  1439.844    39.927     1.961
  1439.944    39.988     1.961
  1440.046    39.988     1.961
  1440.147    40.111     1.961
  1440.247    40.111     1.900
  1440.348    40.111     1.838
  1440.448    40.111     1.777
  1440.549    40.235     1.777
  1440.648    40.235     1.777
  1440.750    40.235     1.716
  1440.851    40.296     1.655
  1440.951    40.419     1.655
  1441.052    40.481     1.655
  1441.152    40.542     1.655
  1442.461    40.542     1.655
  1442.561    40.603     1.655
  1442.661    40.665     1.594
  1442.762    40.727     1.532
  1442.863    40.789     1.471
  1442.964    40.911     1.409
  1443.064    41.034     1.409
  1443.667    41.034     1.409
  1443.769    41.034     1.348
  1443.869    41.157     1.287
  1443.970    41.157     1.287
  1444.070    41.157     1.226
  1444.171    41.280     1.226
  1444.271    41.527     1.226
  1444.372    41.588     1.226
  1444.472    41.649     1.226
  1444.774    41.649     1.226
  1444.875    41.711     1.226
  1444.976    41.834     1.226
  1445.077    41.896     1.226
  1445.177    41.957     1.226
  1445.278    42.019     1.226
  1445.379    42.142     1.226
  1445.479    42.265     1.226
  1445.580    42.326     1.226
  1446.485    42.326     1.226
  1446.585    42.450     1.226
  1446.686    42.511     1.226
  1446.988    42.511     1.226
  1447.089    42.634     1.226
  1447.190    42.695     1.226
  1447.290    42.757     1.226
  1447.391    42.880     1.226
  1447.491    42.880     1.287
  1447.592    42.941     1.348
  1447.692    42.941     1.409
  1447.793    43.003     1.409
  1447.894    43.065     1.409
  1448.698    43.065     1.409
  1448.799    43.126     1.409
  1448.899    43.188     1.409
  1449.000    43.249     1.409
  1449.101    43.311     1.409
  1449.201    43.434     1.409
  1451.816    43.434     1.409
  1451.917    43.495     1.409
  1452.018    43.619     1.409
  1456.244    43.619     1.409
  1456.345    43.680     1.409
  1456.445    43.742     1.409
  1456.545    43.803     1.409
  1456.647    43.864     1.409
  1456.746    43.987     1.409
  1456.847    44.049     1.409
  1456.947    44.110     1.409
  1457.048    44.110     1.409
  1457.148    44.234     1.409
  1457.249    44.234     1.409
  1457.350    44.295     1.409
  1457.551    44.295     1.409
  1457.651    44.418     1.409
  1457.752    44.418     1.409
  1457.854    44.480     1.409
  1457.955    44.541     1.409
  1458.056    44.788     1.409
  1458.157    44.910     1.409
  1458.258    45.095     1.409
  1458.358    45.218     1.409
  1458.459    45.279     1.409
  1458.559    45.341     1.348
  1458.659    45.403     1.287
  1458.760    45.464     1.287
  1458.860    45.526     1.287
  1458.962    45.771     1.287
  1459.062    45.956     1.287
  1459.163    45.956     1.287
  1459.264    46.018     1.287
  1460.470    46.018     1.287
  1460.570    46.079     1.287
  1460.772    46.079     1.287
  1460.873    46.202     1.287
  1460.973    46.448     1.287
  1461.074    46.572     1.287
  1461.174    46.817     1.287
  1461.275    46.940     1.287
  1461.375    47.002     1.287
  1461.476    47.125     1.287
  1462.783    47.125     1.287
  1462.884    47.187     1.287
  1462.985    47.248     1.287
  1463.187    47.248     1.287
  1463.287    47.310     1.287
  1463.389    47.371     1.287
  1463.589    47.371     1.287
  1463.689    47.433     1.287
  1463.791    47.494     1.287
  1463.891    47.555     1.287
  1465.098    47.555     1.287
  1465.198    47.678     1.287
  1465.299    47.740     1.287
  1465.399    47.863     1.287
  1465.501    48.048     1.287
  1465.602    48.294     1.287
  1465.702    48.417     1.287
  1465.803    48.479     1.287
  1465.903    48.601     1.409
  1466.005    48.786     1.471
  1466.105    48.848     1.471
  1466.206    48.848     1.471
  1466.307    48.848     1.532
  1466.406    48.848     1.594
  1466.507    48.848     1.655
  1466.708    48.848     1.655
  1466.809    48.909     1.716
  1466.909    48.971     1.777
  1467.010    48.971     1.900
  1467.110    48.971     2.084
  1467.211    49.094     2.206
  1467.312    49.094     2.329
  1467.413    49.155     2.329
  1467.514    49.217     2.390
  1467.613    49.217     2.451
  1467.714    49.217     2.513
  1467.814    49.217     2.513
  1467.915    49.278     2.574
  1468.018    49.401     2.635
  1468.118    49.401     2.819
  1468.218    49.463     2.942
  1468.318    49.525     3.003
  1468.420    49.525     3.248
  1468.521    49.525     3.248
  1468.620    49.525     3.309
  1473.550    49.525     3.309
  1473.650    49.525     3.370
  1473.751    49.525     3.370
  1473.852    49.586     3.370
  1473.952    49.647     3.432
  1474.656    49.647     3.432
  1474.757    49.525     3.432
  1474.857    49.525     3.432
  1474.958    49.463     3.432
  1475.059    49.401     3.432
  1475.160    49.340     3.432
  1475.260    49.278     3.432
  1498.218    49.278     3.432
  1498.319    49.525     3.616
  1498.418    49.525     3.738
  1498.620    49.525     3.738
  1498.721    49.525     3.922
  1498.922    49.525     3.922
  1499.023    49.463     3.984
  1499.125    49.278     4.167
  1510.395    49.278     4.167
  1510.495    49.278     4.413
  1510.596    49.278     4.535
  1510.898    49.278     4.535
  1510.998    49.278     4.596
  1511.098    49.278     4.657
  1511.199    49.278     4.657
  1511.300    49.278     4.719
  1511.400    49.340     4.780
  1511.501    49.340     5.086
  1511.602    49.340     5.209
  1511.703    49.340     5.332
  1511.803    49.340     5.454
  1511.903    49.340     5.577
  1512.206    49.340     5.577
  1512.307    49.340     5.638
  1512.407    49.340     5.638
  1512.508    49.340     5.761
  1512.607    49.340     5.761
  1512.708    49.340     5.822
  1514.117    49.340     5.822
  1514.219    49.340     5.761
  1514.319    49.340     5.699
  1514.420    49.340     5.454
  1514.521    49.340     5.332
  1514.620    49.278     5.209
  1514.722    49.278     5.086
  1514.821    49.155     5.025
  1514.922    49.032     4.903
  1515.023    48.909     4.842
  1515.124    48.786     4.780
  1515.224    48.786     4.780
  1515.324    48.724     4.780
  1515.426    48.663     4.780
  1527.399    48.663     4.780
  1527.501    48.540     4.842
  1527.602    48.417     4.964
  1530.218    48.417     4.964
  1530.318    48.540     4.964
  1530.419    48.663     4.964
  1531.626    48.663     4.964
  1531.727    48.724     4.964
  1531.826    49.032     4.964
  1531.927    49.094     4.964
  1532.028    49.155     4.964
  1532.731    49.155     4.964
  1532.832    49.217     4.964
  1532.933    49.463     4.964
  1533.033    49.709     4.964
  1533.134    49.832     4.964
  1533.234    50.017     4.964
  1533.335    50.078     4.964
  1533.436    50.201     4.964
  1533.737    50.201     4.964
  1533.838    50.386     4.964
  1533.938    50.508     5.148
  1534.039    50.508     5.148
  1534.141    50.693     5.209
  1534.240    50.755     5.209
  1534.342    50.878     5.271
  1534.441    51.062     5.332
  1534.543    51.186     5.393
  1534.644    51.247     5.454
  1534.743    51.247     5.577
  1534.844    51.370     5.638
  1534.945    51.370     5.822
  1535.046    51.370     5.944
  1535.148    51.432     6.006
  1535.248    51.432     6.067
  1535.348    51.554     6.067
  1536.453    51.554     6.067
  1536.555    51.739     6.067
  1536.655    51.801     6.067
  1536.756    51.924     6.067
  1537.461    51.924     6.067
  1537.561    52.047     6.067
  1537.763    52.047     6.067
  1537.863    52.170     6.067
  1537.965    52.231     6.128
  1538.065    52.355     6.190
  1538.166    52.355     6.312
  1538.267    52.355     6.435
  1538.367    52.355     6.435
  1538.467    52.478     6.496
  1538.567    52.662     6.496
  1538.869    52.662     6.496
  1538.970    52.723     6.557
  1539.070    52.785     6.680
  1539.171    52.908     6.864
  1539.272    52.970     6.986
  1539.373    53.031     7.047
  1539.473    53.031     7.231
  1539.573    53.154     7.293
  1539.674    53.216     7.415
  1539.774    53.277     7.476
  1539.875    53.400     7.476
  1540.078    53.400     7.476
  1540.178    53.461     7.537
  1540.278    53.461     7.660
  1540.380    53.461     7.783
  1540.480    53.461     7.783
  1540.580    53.524     7.844
  1540.681    53.585     7.844
  1540.882    53.585     7.844
  1540.982    53.585     7.966
  1541.083    53.585     8.089
  1571.070    53.585     8.089
  1571.171    53.585     7.966
  1571.272    53.585     7.905
  1571.372    53.585     7.783
  1571.472    53.585     7.660
  1571.573    53.400     7.354
  1571.674    53.216     7.293
  1571.774    53.031     7.293
  1571.875    52.846     7.293
  1572.076    52.846     7.293
  1572.177    52.785     7.109
  1572.277    52.785     7.047
  1573.387    52.785     7.047
  1573.485    52.723     6.986
  1573.587    52.723     6.986
  1573.687    52.723     6.864
  1573.787    52.723     6.802
  1573.888    52.723     6.741
  1574.995    52.723     6.741
  1575.096    52.723     6.618
  1575.196    52.723     6.557
  1575.297    52.662     6.496
  1575.397    52.600     6.496
  1575.498    52.478     6.496
  1578.665    52.478     6.496
  1578.765    52.478     6.373
  1578.865    52.478     6.312
  1578.967    52.478     6.251
  1579.470    52.478     6.251
  1579.571    52.478     6.190
  1579.672    52.478     6.128
  1595.669    52.478     6.128
  1595.769    52.539     6.128
  1595.870    52.600     6.006
  1599.392    52.600     6.006
  1599.492    52.600     6.067
  1599.593    52.600     6.128
  1615.489    52.600     6.128
  1615.589    52.600     6.006
  1615.790    52.600     6.006
  1615.892    52.600     5.944
  1617.601    52.600     5.944
  1617.702    52.539     5.944
  1617.803    52.539     5.944
  1617.904    52.478     5.944
  1618.911    52.478     5.944
  1619.012    52.416     5.944
  1619.514    52.416     5.944
  1619.614    52.416     5.822
  1625.351    52.416     5.822
  1625.451    52.355     5.822
  1625.551    52.355     5.822
  1625.651    52.292     5.822
  1625.752    52.292     5.822
  1625.853    52.292     5.699
  1625.953    52.292     5.638
  1626.055    52.292     5.577
  1626.759    52.292     5.577
  1626.859    52.292     5.454
  1626.961    52.292     5.393
  1627.061    52.292     5.332
  1627.262    52.292     5.332
  1627.362    52.108     5.332
  1627.464    52.047     5.332
  1629.475    52.047     5.332
  1629.576    52.170     5.454
  1629.677    52.231     5.515
  1630.582    52.231     5.515
  1630.683    52.108     5.515
  1630.783    52.047     5.454
  1637.322    52.047     5.454
  1637.423    52.047     5.515
  1637.522    52.170     5.699
  1637.623    52.170     5.822
  1637.724    52.170     5.822
  1637.824    52.170     5.883
  1637.925    52.170     5.944
  1638.429    52.170     5.944
  1638.528    52.047     6.006
  1638.629    51.985     6.067
  1641.245    51.985     6.067
  1641.347    51.924     6.067
  1641.547    51.924     6.067
  1641.647    51.862     6.006
  1642.454    51.862     6.006
  1642.554    51.739     6.006
  1682.522    51.739     6.006
  1682.623    51.801     6.067
  2276.823    51.801     6.067
  2276.924    51.801     6.128
  2277.023    51.677     6.190
  2277.828    51.677     6.190
  2277.930    51.616     6.190
  2278.031    51.554     6.128
  2278.131    51.554     6.006
  2278.231    51.554     5.944
  2278.333    51.554     5.883
  2278.433    51.554     5.883
  2278.534    51.554     5.822
  2278.634    51.493     5.822
  2278.734    51.493     5.822
  2278.835    51.432     5.822
  2279.037    51.432     5.822
  2279.136    51.370     5.761
  2279.339    51.370     5.761
  2279.438    51.370     5.638
  2279.540    51.370     5.577
  2279.639    51.309     5.515
  2279.740    51.247     5.454
  2279.842    51.124     5.454
  2279.941    51.001     5.393
  2280.345    51.001     5.393
  2280.445    51.001     5.271
  2280.546    51.001     5.271
  2280.646    51.001     5.148
  2280.747    50.939     5.025
  2280.847    50.939     5.025
  2280.948    50.939     4.964
  2281.049    50.939     4.903
  2282.054    50.939     4.903
  2282.156    50.755     4.903
  2287.487    50.755     4.903
  2287.588    50.755     4.842
  2287.688    50.755     4.780
  2287.789    50.755     4.657
  2287.889    50.755     4.657
  2287.990    50.755     4.596
  2291.412    50.755     4.596
  2291.512    50.816     4.596
  2291.612    50.878     4.719
  2292.720    50.878     4.719
  2292.820    50.878     4.780
  2292.921    50.878     4.903
  2293.021    50.878     4.964
  2293.123    50.878     5.209
  2293.222    50.878     5.393
  2293.325    50.878     5.638
  2293.426    50.878     5.822
  2293.626    50.878     5.822
  2293.726    50.939     5.822
  2294.531    50.939     5.822
  2294.632    50.939     5.944
  2294.732    50.939     6.006
  2294.833    50.939     6.067
  2294.933    50.939     6.128
  2300.065    50.939     6.128
  2300.167    50.816     6.128
  2300.568    50.816     6.128
  2300.669    50.816     6.067
  2300.769    50.816     6.006
  2303.790    50.816     6.006
  2303.890    50.755     6.006
  2304.694    50.755     6.006
  2304.796    50.693     6.006
  2305.400    50.693     6.006
  2305.501    50.693     6.067
  2306.104    50.693     6.067
  2306.205    50.632     6.067
  2306.306    50.508     6.067
  2308.517    50.508     6.067
  2308.620    50.570     6.067
  2308.720    50.632     6.067
  2308.820    50.755     6.067
  2308.921    50.755     6.067
  2309.021    50.816     6.067
  2309.122    50.816     6.067
  2309.222    50.878     6.067
  2309.323    50.939     6.067
  2309.425    51.001     6.067
  2309.625    51.001     6.067
  2309.725    51.062     6.067
  2309.825    51.062     6.190
  2309.927    51.186     6.190
  2310.330    51.186     6.190
  2310.430    51.186     6.251
  2310.531    51.186     6.251
  2310.631    51.124     6.251
  2310.742    51.062     6.312
  2310.844    50.939     6.312
  2310.944    50.878     6.373
  2311.045    50.878     6.557
  2311.346    50.878     6.557
  2311.448    50.878     6.618
  2311.548    50.878     6.618
  2311.648    50.878     6.680
  2313.963    50.878     6.680
  2314.063    50.816     6.680
  2316.178    50.816     6.680
  2316.278    50.816     6.741
  2455.819    50.816     6.741
  2455.920    50.816     6.802
  2456.021    50.816     6.925
  2456.121    50.816     6.986
  2456.321    50.816     6.986
  2456.422    50.878     6.986
  2456.825    50.878     6.986
  2456.926    50.939     6.864
  2457.026    50.939     6.864
  2457.129    50.939     6.741
  2481.789    50.939     6.741
  2481.889    50.939     6.680
  2481.989    51.001     6.680
  2588.270    51.001     6.680
  2588.350    51.370     6.618
  2613.518    51.370     6.618
  2613.618    51.432     6.557
  2613.819    51.432     6.557
  2613.920    51.493     6.496
  2614.046    51.493     6.435
  2630.131    51.493     6.435
  2630.232    51.616     6.373
  2642.107    51.616     6.373
  2642.207    51.677     6.373
  3661.483    51.677     6.373
  3661.583    51.554     6.496
  3661.684    51.554     6.496
  3661.786    51.554     6.618
  3661.886    51.616     6.802
  3662.087    51.616     6.802
  3662.188    51.739     6.802
  3662.289    51.739     6.864
  3662.490    51.739     6.864
  3662.590    51.801     6.864
  3662.692    51.862     6.925
  3662.792    51.862     6.986
  3662.893    51.862     6.986
  3662.994    51.862     7.047
  3663.899    51.862     7.047
  3663.999    51.924     7.109
  3664.100    51.985     7.170
  3664.603    51.985     7.170
  3664.704    51.985     7.109
  3664.804    51.985     7.047
  3664.905    51.862     6.986
  3665.005    51.862     6.986
  3665.106    51.862     6.925
  3665.812    51.862     6.925
  3665.913    51.801     6.864
  3666.013    51.739     6.802
  3666.114    51.677     6.802
  3666.213    51.616     6.741
  3666.315    51.616     6.618
  3666.415    51.616     6.557
  3666.516    51.616     6.496
  3666.818    51.616     6.496
  3666.918    51.616     6.373
  3667.019    51.554     6.190
  3667.119    51.554     6.067
  3667.219    51.554     6.006
  3667.320    51.554     5.944
  3667.420    51.554     5.883
  3667.925    51.554     5.883
  3668.027    51.493     5.822
  3668.628    51.493     5.822
  3668.730    51.554     5.822
  3668.831    51.616     5.822
  3669.131    51.616     5.822
  3669.232    51.677     5.883
  3669.333    51.739     5.883
  3670.440    51.739     5.883
  3670.541    51.739     6.006
  3670.841    51.739     6.006
  3670.942    51.801     6.128
  3671.043    51.862     6.128
  3671.143    51.924     6.128
  3673.761    51.924     6.128
  3673.861    51.801     6.128
  3703.648    51.801     6.128
  3703.748    51.801     6.067
  3703.849    51.801     6.006
  3703.950    51.801     6.006
  3704.049    51.801     5.944
  4284.235    51.801     5.944
  4284.335    51.801     6.067
  4284.435    51.801     6.190
  4284.536    51.801     6.373
  4284.637    51.801     6.680
  4284.737    51.801     6.741
  4284.838    51.862     6.864
  4285.040    51.862     6.864
  4285.141    51.985     6.925
  4285.241    52.108     6.986
  4285.743    52.108     6.986
  4285.844    52.170     7.047
  4285.944    52.292     7.170
  4286.045    52.416     7.293
  4286.146    52.478     7.354
  4286.246    52.478     7.415
  4286.347    52.539     7.415
  4286.749    52.539     7.415
  4286.850    52.539     7.537
  4287.051    52.539     7.537
  4287.151    52.539     7.599
  4287.252    52.539     7.722
  4287.352    52.539     7.722
  4287.453    52.662     7.722
  4287.554    52.785     7.722
  4291.278    52.785     7.722
  4291.378    52.785     7.783
  4291.478    52.723     7.905
  4291.982    52.723     7.905
  4292.082    52.600     7.905
  4292.183    52.600     7.905
  4292.283    52.539     7.905
  4292.385    52.539     7.905
  4292.484    52.478     7.905
  4295.502    52.478     7.905
  4295.603    52.355     7.905
  4295.703    52.292     7.905
  4295.805    52.292     7.905
  4295.905    52.292     7.783
  4296.006    52.292     7.783
  4296.106    52.292     7.722
  4296.208    52.292     7.660
  4296.308    52.292     7.599
  4296.408    52.292     7.599
  4296.509    52.292     7.537
  4296.609    52.292     7.415
  4296.710    52.292     7.293
  4296.810    52.292     7.231
  4296.911    52.292     7.170
  4299.727    52.292     7.170
  4299.827    52.292     7.109
  4299.929    52.292     7.109
  4300.029    52.292     6.986
  4300.131    52.292     6.925
  4300.230    52.292     6.864
  4300.332    52.292     6.802
  4300.433    52.292     6.741
  4300.533    52.292     6.680
  4300.633    52.292     6.680
  4300.735    52.231     6.680
  4300.835    52.170     6.680
  4300.935    52.170     6.618
  4301.438    52.170     6.618
  4301.539    52.170     6.557
  4301.640    52.170     6.557
  4301.740    52.170     6.435
  4301.841    52.170     6.435
  4301.941    52.170     6.373
  4303.250    52.170     6.373
  4303.351    52.170     6.312
  4303.451    52.170     6.190
  4305.568    52.170     6.190
  4305.668    52.108     6.312
  4305.769    52.108     6.373
  4305.870    52.108     6.496
  4305.971    52.108     6.557
  4306.273    52.108     6.557
  4306.374    52.108     6.618
  4306.475    52.108     6.618
  4306.574    52.170     6.680
  4306.675    52.231     6.741
  4306.774    52.292     6.802
  4307.077    52.292     6.802
  4307.178    52.416     6.802
  4307.279    52.539     6.802
  4307.480    52.539     6.802
  4307.581    52.662     6.986
  4307.681    52.785     7.047
  4307.983    52.785     7.047
  4308.085    52.908     7.109
  4308.185    53.031     7.170
  4308.890    53.031     7.170
  4308.990    53.031     7.109
  4309.091    53.031     7.047
  4309.493    53.031     7.047
  4309.593    53.093     7.047
  4309.694    53.093     6.986
  4309.795    53.093     6.864
  4309.895    53.093     6.864
  4309.996    53.093     6.802
  4310.097    53.154     6.802
  4310.197    53.216     6.802
  4310.298    53.216     6.802
  4310.397    53.216     6.741
  4310.499    53.216     6.618
  4310.599    53.216     6.496
  4310.700    53.216     6.435
  4311.204    53.216     6.435
  4311.304    53.154     6.373
  4311.403    53.093     6.373
  4311.504    53.031     6.373
  4311.807    53.031     6.373
  4311.907    52.970     6.373
  4312.008    52.846     6.373
  4312.108    52.785     6.373
  4312.712    52.785     6.373
  4312.812    52.785     6.312
  4314.032    52.785     6.312
  4314.133    52.723     6.373
  4314.233    52.662     6.496
  4314.334    52.662     6.496
  4314.433    52.662     6.618
  4314.636    52.662     6.618
  4314.736    52.539     6.618
  4314.836    52.478     6.741
  4314.938    52.416     6.741
  4315.239    52.416     6.741
  4315.339    52.355     6.741
  4316.648    52.355     6.741
  4316.750    52.292     6.741
  4316.851    52.292     6.741
  4316.951    52.292     6.680
  4317.052    52.292     6.618
  4317.153    52.292     6.496
  4317.255    52.292     6.435
  4317.353    52.292     6.373
  4319.164    52.292     6.373
  4319.266    52.231     6.435
  4319.467    52.231     6.435
  4319.567    52.108     6.435
  4319.667    52.047     6.435
  4319.970    52.047     6.435
  4320.069    51.924     6.435
  4320.171    51.739     6.435
  4320.272    51.677     6.435
  4320.373    51.616     6.435
  4320.473    51.554     6.435
  4320.573    51.493     6.435
  4320.673    51.432     6.435
  4320.774    51.370     6.435
  4320.874    51.309     6.251
  4320.976    51.309     6.190
  4321.076    51.309     6.128
  4321.177    51.309     6.067
  4321.278    51.309     6.067
  4321.378    51.247     6.006
  4321.477    51.247     6.006
  4321.578    51.247     5.883
  4321.679    51.124     5.883
  4321.779    51.062     5.822
  4321.881    51.001     5.822
  4321.981    50.939     5.822
  4322.081    50.816     5.822
  4322.283    50.816     5.822
  4322.384    50.755     5.822
  4322.484    50.693     5.822
  4322.585    50.632     5.822
  4322.685    50.570     5.822
  4324.799    50.570     5.822
  4324.898    50.570     5.883
  4327.415    50.570     5.883
  4327.516    50.570     6.006
  4327.716    50.570     6.006
  4327.817    50.508     6.006
  4327.917    50.324     6.251
  4328.017    50.263     6.312
  4333.953    50.263     6.312
  4334.054    50.263     6.373
  4334.155    50.263     6.373
  4334.257    50.263     6.435
  4334.357    50.263     6.496
  4334.458    50.263     6.618
  4334.558    50.263     6.618
  4334.659    50.324     6.680
  4334.760    50.447     6.680
  4334.860    50.508     6.680
  4334.960    50.570     6.741
  4335.061    50.570     6.802
  4335.162    50.570     6.864
  4335.263    50.570     6.925
  4335.664    50.570     6.925
  4335.765    50.508     6.925
  4336.067    50.508     6.925
  4336.167    50.447     6.925
  4336.268    50.324     6.925
  4336.369    50.201     6.802
  4336.469    50.140     6.802
  4336.671    50.140     6.802
  4336.770    50.140     6.741
  4338.480    50.140     6.741
  4338.581    50.140     6.864
  4338.682    50.140     6.925
  4338.782    50.140     6.925
  4338.884    50.140     6.986
  4338.984    50.140     7.047
  4339.085    50.140     7.109
  4339.185    50.078     7.109
  4339.387    50.078     7.109
  4339.486    50.078     7.170
  4339.587    50.201     7.170
  4339.687    50.324     7.170
  4339.788    50.324     7.170
  4339.889    50.447     7.170
  4339.990    50.632     7.170
  4340.191    50.632     7.170
  4340.292    50.632     7.109
  4341.097    50.632     7.109
  4341.196    50.693     7.109
  4341.298    50.755     7.170
  4341.397    50.816     7.170
  4341.498    50.939     7.354
  4341.599    51.001     7.354
  4341.699    51.001     7.415
  4341.800    51.062     7.415
  4341.901    51.124     7.415
  4342.001    51.186     7.415
  4342.808    51.186     7.415
  4342.907    51.309     7.415
  4348.541    51.309     7.415
  4348.642    51.493     7.537
  4348.742    51.493     7.537
  4348.843    51.616     7.599
  4350.150    51.616     7.599
  4350.253    51.554     7.599
  4350.352    51.432     7.599
  4350.453    51.309     7.599
  4350.554    51.309     7.599
  4350.654    51.186     7.599
  4350.956    51.186     7.599
  4351.057    51.001     7.599
  4351.158    50.939     7.599
  4351.559    50.939     7.599
  4351.660    50.816     7.844
  4352.868    50.816     7.844
  4352.969    50.939     7.844
  4353.070    50.939     7.844
  4353.171    51.062     7.844
  4353.270    51.062     7.722
  4353.372    51.062     7.722
  4353.472    51.062     7.599
  4353.572    51.062     7.476
  4353.673    51.062     7.476
  4353.773    51.186     7.476
  4353.874    51.370     7.476
  4353.976    51.370     7.415
  4354.075    51.432     7.415
  4354.176    51.432     7.415
  4354.277    51.554     7.415
  4354.477    51.554     7.415
  4354.578    51.616     7.415
  4354.679    51.677     7.354
  4354.779    51.739     7.354
  4354.880    51.739     7.293
  4354.980    51.739     7.231
  4355.081    51.739     7.109
  4355.182    51.739     7.047
  4355.283    51.862     6.986
  4355.785    51.862     6.986
  4355.886    51.862     6.925
  4356.087    51.862     6.925
  4356.188    51.924     6.925
  4356.289    51.985     6.925
  4356.390    52.047     6.925
  4356.489    52.108     6.864
  4358.400    52.108     6.864
  4358.500    52.170     6.864
  4358.601    52.170     6.741
  4358.702    52.170     6.680
  4358.803    52.170     6.618
  4358.903    52.170     6.496
  4359.004    52.170     6.435
  4363.731    52.170     6.435
  4363.832    52.231     6.435
  4382.851    52.231     6.435
  4382.952    52.355     6.312
  4383.959    52.355     6.312
  4384.059    52.292     6.312
  4498.126    52.292     6.312
  4498.226    52.292     6.373
  4498.327    52.355     6.435
  4498.528    52.355     6.435
  4498.628    52.355     6.496
  4498.730    52.416     6.557
  4498.830    52.478     6.618
  4499.735    52.478     6.618
  4499.835    52.478     6.741
  4501.545    52.478     6.741
  4501.646    52.539     6.741
  4501.746    52.600     6.741
  4502.249    52.600     6.741
  4502.350    52.600     6.802
  4502.552    52.600     6.802
  4502.652    52.723     6.802
  4502.753    52.785     6.802
  4502.854    52.846     6.802
  4502.954    52.908     6.864
  4503.055    52.908     6.925
  4503.156    52.908     6.986
  4503.357    52.908     6.986
  4503.457    52.908     7.047
  4504.765    52.908     7.047
  4504.866    52.908     7.109
  4504.966    52.908     7.109
  4505.067    52.908     7.170
  4508.690    52.908     7.170
  4508.790    53.031     7.109
  4508.891    53.031     6.925
  4989.938    53.031     6.925
  4990.039    53.031     6.802
  4990.139    53.031     6.802
  4990.240    53.031     6.741
  4990.441    53.031     6.741
  4990.543    52.970     6.741
  4991.950    52.970     6.741
  4992.052    53.031     6.741
  5478.481    53.031     6.741
  5478.582    52.970     6.864
  5478.683    52.908     7.047
  5478.784    52.785     7.231
  5478.884    52.600     7.354
  5479.285    52.600     7.354
  5479.387    52.600     7.293
  5484.318    52.600     7.293
  5484.418    52.662     7.293
  5486.431    52.662     7.293
  5486.531    52.662     7.354
  5491.158    52.662     7.354
  5491.259    52.600     7.354
  5491.359    52.539     7.415
  5491.561    52.539     7.415
  5491.661    52.416     7.476
  5491.762    52.416     7.476
  5491.862    52.355     7.476
  5492.163    52.355     7.476
  5492.264    52.355     7.599
  5492.364    52.292     7.599
  5493.371    52.292     7.599
  5493.472    52.292     7.660
  5493.673    52.292     7.660
  5493.773    52.355     7.660
  5493.874    52.539     7.660
  5493.975    52.785     7.660
  5496.993    52.785     7.660
  5497.093    52.908     7.660
  5497.194    52.908     7.660
  5497.295    52.970     7.660
  5497.396    53.031     7.660
  5497.496    53.093     7.660
  5497.598    53.154     7.660
  5504.136    53.154     7.660
  5504.237    53.216     7.660
  5504.337    53.216     7.660
